subjName	sessionNR	IOD	trialN	textureType	texnum	visualAngle	simulatedDepth	light_intensity	ambient_intensity	time	displayDistance	isRotated	frameN	timTote	startTime	touchTime	endTime	fingersOccluded	distanceToHome	distanceToObject	indexXraw	indexYraw	indexZraw	thumbXraw	thumbYraw	thumbZraw	targetX	targetY	targetZ	failCause	gripAperture	gripApertureVel	distFromObjVel	gripOriginX	gripOriginY	gripOriginZ	distFromObjX	distFromObjY	distFromObjZ	y_dist_thm	z_dist_thm	z_dist_ind	handOnObj	handnearObj	handfarObj	handTouchObj	framesOccluded
mka	3	58.500000	7	2	4	8.000000	35.000000	0.465506	2.473698	884.864404	-420.000000	0.000000	30.000000	931.881456	0.000000	0.000000	0.000000	0	10.081844	432.555234	222.339009	-352.117966	-252.068988	225.314080	-359.164713	-248.423983	45.481339	0.000000	-420.000000	0	8.473120	0.107502	0.017638	223.826545	-355.641340	-250.246485	178.345206	355.641340	169.753515	359.164713	171.576017	194.931012	0	0	1	0	0
mka	3	58.500000	7	2	4	8.000000	35.000000	0.465506	2.473698	932.197974	-420.000000	0.000000	31.000000	979.209466	0.000000	0.000000	0.000000	0	10.170343	432.486907	222.163338	-352.131833	-252.120609	225.182908	-359.167945	-248.434143	45.481339	0.000000	-420.000000	0	8.497924	0.024804	0.068327	223.673123	-355.649889	-250.277376	178.191785	355.649889	169.722624	359.167945	171.565857	194.879391	0	0	1	0	0
mka	3	58.500000	7	2	4	8.000000	35.000000	0.465506	2.473698	979.428890	-420.000000	0.000000	32.000000	1026.076814	0.000000	0.000000	0.000000	0	10.177100	432.513393	222.232726	-352.155367	-252.141887	225.199450	-359.193062	-248.470060	45.481339	0.000000	-420.000000	0	8.474250	0.023674	0.026486	223.716088	-355.674214	-250.305973	178.234749	355.674214	169.694027	359.193062	171.529940	194.858113	0	0	1	0	0
mka	3	58.500000	7	2	4	8.000000	35.000000	0.465506	2.473698	1026.294527	-420.000000	0.000000	33.000000	1073.158881	0.000000	0.000000	0.000000	0	10.206275	432.504160	222.174378	-352.160164	-252.149779	225.223930	-359.207020	-248.512981	45.481339	0.000000	-420.000000	0	8.496131	0.021881	0.009233	223.699154	-355.683592	-250.331380	178.217816	355.683592	169.668620	359.207020	171.487019	194.850221	0	0	1	0	0
mka	3	58.500000	7	2	4	8.000000	35.000000	0.465506	2.473698	1073.416372	-420.000000	0.000000	34.000000	1120.231110	0.000000	0.000000	0.000000	0	10.263291	432.405859	222.090818	-352.180718	-252.097502	224.958408	-359.103851	-248.526691	45.481339	0.000000	-420.000000	0	8.300815	0.195316	0.098301	223.524613	-355.642284	-250.312097	178.043275	355.642284	169.687903	359.103851	171.473309	194.902498	0	0	1	0	0
mka	3	58.500000	7	2	4	8.000000	35.000000	0.465506	2.473698	1120.449250	-420.000000	0.000000	35.000000	1166.998369	0.000000	0.000000	0.000000	0	10.244085	432.482965	222.216390	-352.216181	-252.148528	225.088895	-359.166770	-248.557641	45.481339	0.000000	-420.000000	0	8.334052	0.033237	0.077107	223.652643	-355.691475	-250.353084	178.171304	355.691475	169.646916	359.166770	171.442359	194.851472	0	0	1	0	0
mka	3	58.500000	7	2	4	8.000000	35.000000	0.465506	2.473698	1167.216938	-420.000000	0.000000	36.000000	1214.375140	0.000000	0.000000	0.000000	0	10.268635	432.410202	221.909552	-352.183301	-252.066619	224.939671	-359.176675	-248.483704	45.481339	0.000000	-420.000000	0	8.421768	0.087716	0.072763	223.424611	-355.679988	-250.275162	177.943273	355.679988	169.724838	359.176675	171.516296	194.933381	0	0	1	0	0
mka	3	58.500000	7	2	4	8.000000	35.000000	0.465506	2.473698	1214.593281	-420.000000	0.000000	37.000000	1261.448224	0.000000	0.000000	0.000000	0	10.315475	432.363747	221.742495	-352.139952	-252.087495	224.912072	-359.209495	-248.473434	45.481339	0.000000	-420.000000	0	8.549041	0.127272	0.046455	223.327284	-355.674724	-250.280464	177.845945	355.674724	169.719536	359.209495	171.526566	194.912505	0	0	1	0	0
mka	3	58.500000	7	2	4	8.000000	35.000000	0.465506	2.473698	1261.666365	-420.000000	0.000000	38.000000	1308.651766	0.000000	0.000000	0.000000	0	10.510700	432.042647	220.887016	-351.996454	-252.008978	224.290809	-359.140638	-248.198351	45.481339	0.000000	-420.000000	0	8.783282	0.234242	0.321101	222.588912	-355.568546	-250.103664	177.107574	355.568546	169.896336	359.140638	171.801649	194.991022	0	0	1	0	0
mka	3	58.500000	7	2	4	8.000000	35.000000	0.465506	2.473698	1309.028593	-420.000000	0.000000	39.000000	1356.087563	0.000000	0.000000	0.000000	0	9.855594	431.087577	221.130002	-350.419014	-251.113939	224.789965	-357.111080	-247.195433	45.481339	0.000000	-420.000000	0	8.575183	0.208100	0.955069	222.959983	-353.765047	-249.154686	177.478645	353.765047	170.845314	357.111080	172.804567	195.886061	0	0	1	0	0
mka	3	58.500000	7	2	4	8.000000	35.000000	0.465506	2.473698	1356.308270	-420.000000	0.000000	40.000000	1403.327888	1392.130847	0.000000	0.000000	0	14.277461	425.089347	223.675652	-341.661036	-251.308760	227.740487	-348.464222	-247.217606	45.481339	0.000000	-420.000000	0	8.918731	0.343548	5.998230	225.708070	-345.062629	-249.263183	180.226731	345.062629	170.736817	348.464222	172.782394	195.691240	0	0	1	0	0
mka	3	58.500000	7	2	4	8.000000	35.000000	0.465506	2.473698	1403.561855	-420.000000	0.000000	41.000000	1450.352640	1392.130847	0.000000	0.000000	0	24.410470	416.255845	224.625147	-330.046553	-251.082820	228.565124	-336.893440	-246.779882	45.481339	0.000000	-420.000000	0	8.995474	0.076743	8.833502	226.595136	-333.469996	-248.931351	181.113797	333.469996	171.068649	336.893440	173.220118	195.917180	0	0	1	0	0
mka	3	58.500000	7	2	4	8.000000	35.000000	0.465506	2.473698	1450.583185	-420.000000	0.000000	42.000000	1497.474485	1392.130847	0.000000	0.000000	0	35.695894	406.103651	223.112167	-318.621422	-251.705036	226.214459	-325.217520	-246.641045	45.481339	0.000000	-420.000000	0	8.875626	0.119848	10.152194	224.663313	-321.919471	-249.173041	179.181974	321.919471	170.826959	325.217520	173.358955	195.294964	0	0	1	0	0
mka	3	58.500000	7	2	4	8.000000	35.000000	0.465506	2.473698	1497.704174	-420.000000	0.000000	43.000000	1544.256287	1392.130847	0.000000	0.000000	0	49.344627	392.905017	219.481963	-306.077303	-256.414814	221.262797	-311.725332	-246.732389	45.481339	0.000000	-420.000000	0	11.349932	2.474306	13.198635	220.372380	-308.901317	-251.573601	174.891042	308.901317	168.426399	311.725332	173.267611	190.585186	0	0	1	0	0
mka	3	58.500000	7	2	4	8.000000	35.000000	0.465506	2.473698	1544.576655	-420.000000	0.000000	44.000000	1591.670698	1392.130847	0.000000	0.000000	0	66.223828	376.337384	213.137306	-291.014206	-262.391380	215.478700	-295.588229	-248.356259	45.481339	0.000000	-420.000000	0	14.946184	3.596252	16.567633	214.308003	-293.301218	-255.373819	168.826665	293.301218	164.626181	295.588229	171.643741	184.608620	0	0	1	0	0
mka	3	58.500000	7	2	4	8.000000	35.000000	0.465506	2.473698	1591.892688	-420.000000	0.000000	45.000000	1638.709564	1392.130847	0.000000	0.000000	0	89.402520	353.633770	207.422448	-270.945203	-274.090002	209.045157	-273.651264	-253.358237	45.481339	0.000000	-420.000000	0	20.970503	6.024319	22.703614	208.233803	-272.298234	-263.724120	162.752464	272.298234	156.275880	273.651264	166.641763	172.909998	0	0	1	0	0
mka	3	58.500000	7	2	4	8.000000	35.000000	0.465506	2.473698	1638.928133	-420.000000	0.000000	46.000000	1685.708224	1392.130847	0.000000	0.000000	0	119.640259	324.164241	200.810016	-245.495766	-291.623376	203.493852	-245.758930	-264.095178	45.481339	0.000000	-420.000000	0	27.659969	6.689466	29.469529	202.151934	-245.627348	-277.859277	156.670596	245.627348	142.140723	245.758930	155.904822	155.376624	0	0	1	0	0
mka	3	58.500000	7	2	4	8.000000	35.000000	0.465506	2.473698	1685.928076	-420.000000	0.000000	47.000000	1732.646575	1392.130847	0.000000	0.000000	0	154.132216	290.176326	192.460904	-216.170137	-313.276581	193.354763	-216.722149	-276.773058	45.481339	0.000000	-420.000000	0	36.518637	8.858668	33.987915	192.907834	-216.446143	-295.024819	147.426495	216.446143	124.975181	216.722149	143.226942	133.723419	0	0	1	0	0
mka	3	58.500000	7	2	4	8.000000	35.000000	0.465506	2.473698	1732.867710	-420.000000	0.000000	48.000000	1779.833007	1392.130847	0.000000	0.000000	0	191.949409	252.423200	181.405049	-185.489704	-338.997474	178.387161	-186.072423	-289.952400	45.481339	0.000000	-420.000000	0	49.141291	12.622653	37.753126	179.896105	-185.781064	-314.474937	134.414767	185.781064	105.525063	186.072423	130.047600	108.002526	0	0	1	0	0
mka	3	58.500000	7	2	4	8.000000	35.000000	0.465506	2.473698	1780.120439	-420.000000	0.000000	49.000000	1826.587862	1392.130847	0.000000	0.000000	0	230.383431	214.316984	168.513603	-156.391766	-364.849099	163.691830	-154.588572	-305.385647	45.481339	0.000000	-420.000000	0	59.685870	10.544579	38.106216	166.102716	-155.490169	-335.117373	120.621378	155.490169	84.882627	154.588572	114.614353	82.150901	0	0	0	0	0
mka	3	58.500000	7	2	4	8.000000	35.000000	0.465506	2.473698	1826.818835	-420.000000	0.000000	50.000000	1873.837598	1392.130847	0.000000	0.000000	0	267.208324	178.672165	156.906433	-128.833221	-390.600729	150.361064	-125.634524	-322.303393	45.481339	0.000000	-420.000000	0	68.684785	8.998915	35.644819	153.633748	-127.233873	-356.452061	108.152410	127.233873	63.547939	125.634524	97.696607	56.399271	0	0	0	0	0
mka	3	58.500000	7	2	4	8.000000	35.000000	0.465506	2.473698	1874.063438	-420.000000	0.000000	51.000000	1920.833692	1392.130847	0.000000	0.000000	0	300.774113	147.303156	146.825559	-103.733338	-414.336783	138.460245	-99.538073	-337.844460	45.481339	0.000000	-420.000000	0	77.062664	8.377879	31.369010	142.642902	-101.635706	-376.090621	97.161564	101.635706	43.909379	99.538073	82.155540	32.663217	0	0	0	0	0
mka	3	58.500000	7	2	4	8.000000	35.000000	0.465506	2.473698	1921.069369	-420.000000	0.000000	52.000000	1967.665538	1392.130847	0.000000	0.000000	0	329.567161	120.737778	137.152554	-83.583235	-432.517877	125.664329	-77.131622	-353.192987	45.481339	0.000000	-420.000000	0	80.411696	3.349032	26.565378	131.408442	-80.357428	-392.855432	85.927103	80.357428	27.144568	77.131622	66.807013	14.482123	0	0	0	0	0
mka	3	58.500000	7	2	4	8.000000	35.000000	0.465506	2.473698	1967.884106	-420.000000	0.000000	53.000000	2014.486691	1392.130847	0.000000	0.000000	0	353.262789	97.232157	124.411523	-66.251297	-445.836238	111.004822	-59.979798	-362.301283	45.481339	0.000000	-420.000000	0	84.836078	4.424382	23.505621	117.708173	-63.115547	-404.068761	72.226834	63.115547	15.931239	59.979798	57.698717	1.163762	0	0	0	0	0
mka	3	58.500000	7	2	4	8.000000	35.000000	0.465506	2.473698	2014.715097	-420.000000	0.000000	54.000000	2061.483212	1392.130847	0.000000	0.000000	0	374.478950	76.428891	111.189702	-51.661195	-456.934934	98.968449	-43.003520	-369.046083	45.481339	0.000000	-420.000000	0	89.155843	4.319766	20.803266	105.079076	-47.332358	-412.990508	59.597737	47.332358	7.009492	43.003520	50.953917	9.934934	0	0	0	0	0
mka	3	58.500000	7	2	4	8.000000	35.000000	0.465506	2.473698	2061.713330	-420.000000	0.000000	55.000000	2108.853139	1392.130847	0.000000	0.000000	0	393.022211	60.352879	101.674439	-39.325080	-467.963701	88.823519	-28.784936	-376.897721	45.481339	0.000000	-420.000000	0	92.570262	3.414419	16.076012	95.248979	-34.055008	-422.430711	49.767641	34.055008	2.430711	28.784936	43.102279	20.963701	0	0	0	0	0
mka	3	58.500000	7	2	4	8.000000	35.000000	0.465506	2.473698	2109.072563	-420.000000	0.000000	56.000000	2155.814159	1392.130847	0.000000	0.000000	0	409.528659	47.626893	93.207627	-27.899328	-477.611546	78.509399	-17.493028	-384.559442	45.481339	0.000000	-420.000000	0	94.778812	2.208550	12.725986	85.858513	-22.696178	-431.085494	40.377175	22.696178	11.085494	17.493028	35.440558	30.611546	0	0	0	0	0
mka	3	58.500000	7	2	4	8.000000	35.000000	0.465506	2.473698	2156.032300	-420.000000	0.000000	57.000000	2202.997597	1392.130847	0.000000	0.000000	0	422.592690	37.958285	83.662714	-20.184077	-485.727647	68.134296	-8.943820	-389.115933	45.481339	0.000000	-420.000000	0	98.495169	3.716358	9.668608	75.898505	-14.563948	-437.421790	30.417167	14.563948	17.421790	8.943820	30.884067	38.727647	0	0	0	0	0
mka	3	58.500000	7	2	4	8.000000	35.000000	0.465506	2.473698	2203.216166	-420.000000	0.000000	58.000000	2249.951774	1392.130847	0.000000	0.000000	0	433.240928	30.347862	74.334044	-12.654795	-489.082510	59.233843	-1.745488	-391.677751	45.481339	0.000000	-420.000000	0	99.170137	0.674968	7.610423	66.783944	-7.200142	-440.380130	21.302605	7.200142	20.380130	1.745488	28.322249	42.082510	0	1	0	0	0
mka	3	58.500000	7	2	4	8.000000	35.000000	0.465506	2.473698	2250.176331	-420.000000	0.000000	59.000000	2296.954711	1392.130847	0.000000	0.000000	0	442.861909	27.675343	67.097097	-5.915473	-492.752751	52.224733	4.912530	-394.770411	45.481339	0.000000	-420.000000	0	99.694391	0.524254	2.672519	59.660915	-0.501472	-443.761581	14.179576	0.501472	23.761581	4.912530	25.229589	45.752751	0	1	0	0	0
mka	3	58.500000	7	2	4	8.000000	35.000000	0.465506	2.473698	2297.184400	-420.000000	0.000000	60.000000	2344.082972	1392.130847	0.000000	0.000000	0	450.403797	29.101351	60.974409	-1.513375	-496.657131	45.149758	8.283953	-399.126766	45.481339	0.000000	-420.000000	0	99.290379	0.404012	1.426009	53.062083	3.385289	-447.891948	7.580745	3.385289	27.891948	8.283953	20.873234	49.657131	0	1	0	0	0
mka	3	58.500000	7	2	4	8.000000	35.000000	0.465506	2.473698	2344.311379	-420.000000	0.000000	61.000000	2390.831412	1392.130847	0.000000	0.000000	0	456.098544	31.622860	54.793981	1.935525	-497.683545	39.246768	9.524344	-404.439060	45.481339	0.000000	-420.000000	0	94.835858	4.454521	2.521509	47.020374	5.729934	-451.061303	1.539036	5.729934	31.061303	9.524344	15.560940	50.683545	0	1	0	0	0
mka	3	58.500000	7	2	4	8.000000	35.000000	0.465506	2.473698	2391.050836	-420.000000	0.000000	62.000000	2437.655131	1392.130847	2426.419167	0.000000	0	458.836209	33.759444	48.166647	2.730450	-495.758758	33.442542	6.980332	-410.400240	45.481339	0.000000	-420.000000	0	86.723338	8.112519	2.136583	40.804595	4.855391	-453.079499	4.676744	4.855391	33.079499	6.980332	9.599760	48.758758	0	1	0	1	0
mka	3	58.500000	7	2	4	8.000000	35.000000	0.465506	2.473698	2437.874555	-420.000000	0.000000	63.000000	2485.199143	1392.130847	2426.419167	0.000000	0	459.717010	35.942495	40.862057	1.404562	-492.176445	30.930927	3.654720	-416.920430	45.481339	0.000000	-420.000000	0	75.941809	10.781529	2.183051	35.896492	2.529641	-454.548438	9.584847	2.529641	34.548438	3.654720	3.079570	45.176445	0	1	0	1	0
mka	3	58.500000	7	2	4	8.000000	35.000000	0.465506	2.473698	2485.419851	-420.000000	0.000000	64.000000	2531.634914	1392.130847	2426.419167	0.000000	0	460.519142	36.208767	35.569626	1.238398	-487.477237	29.950943	3.359048	-420.167879	45.481339	0.000000	-420.000000	0	67.576744	8.365065	0.266272	32.760284	2.298723	-453.822558	12.721054	2.298723	33.822558	3.359048	0.167879	40.477237	0	1	0	1	0
mka	3	58.500000	7	2	4	8.000000	35.000000	0.465506	2.473698	2531.853911	-420.000000	0.000000	65.000000	2578.554445	1392.130847	2426.419167	0.000000	0	462.293490	36.960762	33.906233	2.863820	-486.814408	28.025717	4.360917	-420.783017	45.481339	0.000000	-420.000000	0	66.309624	1.267120	0.751995	30.965975	3.612368	-453.798713	14.515363	3.612368	33.798713	4.360917	0.783017	39.814408	0	1	0	1	0
mka	3	58.500000	7	2	4	8.000000	35.000000	0.465506	2.473698	2578.782851	-420.000000	0.000000	66.000000	2626.002646	1392.130847	2426.419167	0.000000	0	463.567156	36.381583	31.414546	5.335166	-483.063151	27.574634	5.377615	-421.414831	45.481339	0.000000	-420.000000	0	61.767808	4.541816	0.579179	29.494590	5.356390	-452.238991	15.986748	5.356390	32.238991	5.377615	1.414831	36.063151	0	1	0	1	0
mka	3	58.500000	7	2	4	8.000000	35.000000	0.465506	2.473698	2626.221215	-420.000000	0.000000	67.000000	2673.034669	1392.130847	2426.419167	0.000000	0	463.423587	33.785538	28.369031	7.591517	-474.477817	27.655723	5.874720	-421.770315	45.481339	0.000000	-420.000000	0	52.740278	9.027530	2.596045	28.012377	6.733119	-448.124066	17.468961	6.733119	28.124066	5.874720	1.770315	27.477817	0	1	0	1	0
mka	3	58.500000	7	2	4	8.000000	35.000000	0.465506	2.473698	2673.254520	-420.000000	0.000000	68.000000	2719.975585	1392.130847	2426.419167	0.000000	0	461.279194	30.510150	26.968421	7.157809	-465.386342	27.276255	4.967409	-421.817942	45.481339	0.000000	-420.000000	0	43.624513	9.115766	3.275389	27.122338	6.062609	-443.602142	18.359000	6.062609	23.602142	4.967409	1.817942	18.386342	0	1	0	1	0
mka	3	58.500000	7	2	4	8.000000	35.000000	0.465506	2.473698	2720.195009	-420.000000	0.000000	69.000000	2767.473403	1392.130847	2426.419167	0.000000	0	459.697455	28.622701	28.848605	6.711506	-462.776758	28.533250	4.338974	-422.248249	45.481339	0.000000	-420.000000	0	40.599118	3.025394	1.887448	28.690927	5.525240	-442.512504	16.790411	5.525240	22.512504	4.338974	2.248249	15.776758	0	1	0	1	0
mka	3	58.500000	7	2	4	8.000000	35.000000	0.465506	2.473698	2767.754847	-420.000000	0.000000	70.000000	2814.294984	1392.130847	2426.419167	0.000000	0	457.544225	26.064978	31.293555	6.452302	-460.362276	31.097064	3.278137	-422.140527	45.481339	0.000000	-420.000000	0	38.353827	2.245291	2.557723	31.195310	4.865220	-441.251402	14.286029	4.865220	21.251402	3.278137	2.140527	13.362276	0	1	0	1	0
mka	3	58.500000	7	2	4	8.000000	35.000000	0.465506	2.473698	2814.527667	-420.000000	0.000000	71.000000	2861.257287	1392.130847	2426.419167	0.000000	0	455.698108	23.586442	35.215982	6.585451	-458.426143	33.278080	2.954765	-421.940013	45.481339	0.000000	-420.000000	0	36.717502	1.636325	2.478536	34.247031	4.770108	-440.183078	11.234307	4.770108	20.183078	2.954765	1.940013	11.426143	0	1	0	1	0
mka	3	58.500000	7	2	4	8.000000	35.000000	0.465506	2.473698	2861.486121	-420.000000	0.000000	72.000000	2908.057481	1392.130847	2426.419167	0.000000	0	453.573259	21.649202	38.934963	6.314286	-457.287648	36.616185	2.051373	-422.300891	45.481339	0.000000	-420.000000	0	35.321698	1.395804	1.937239	37.775574	4.182830	-439.794269	7.705765	4.182830	19.794269	2.051373	2.300891	10.287648	0	1	0	1	0
mka	3	58.500000	7	2	4	8.000000	35.000000	0.465506	2.473698	2908.279472	-420.000000	0.000000	73.000000	2955.134843	1392.130847	2426.419167	0.000000	0	451.740222	20.596126	40.855581	5.409797	-456.465818	38.841280	0.772855	-422.670583	45.481339	0.000000	-420.000000	0	34.171282	1.150416	1.053076	39.848431	3.091326	-439.568200	5.632908	3.091326	19.568200	0.772855	2.670583	9.465818	0	1	0	1	0
mka	3	58.500000	7	2	4	8.000000	35.000000	0.465506	2.473698	2955.364105	-420.000000	0.000000	74.000000	3002.128370	1392.130847	2426.419167	0.000000	0	451.127508	20.271696	41.713049	5.032920	-456.095298	39.399384	0.455828	-422.848419	45.481339	0.000000	-420.000000	0	33.640122	0.531160	0.324430	40.556217	2.744374	-439.471858	4.925122	2.744374	19.471858	0.455828	2.848419	9.095298	0	1	0	1	0
mka	3	58.500000	7	2	4	8.000000	35.000000	0.465506	2.473698	3002.345656	-420.000000	0.000000	75.000000	3049.389655	1392.130847	2426.419167	0.000000	0	451.469013	20.365095	41.336239	5.445388	-455.883290	39.121708	0.591372	-423.003168	45.481339	0.000000	-420.000000	0	33.310180	0.329942	0.093399	40.228973	3.018380	-439.443229	5.252365	3.018380	19.443229	0.591372	3.003168	8.883290	0	1	0	1	0
mka	3	58.500000	7	2	4	8.000000	35.000000	0.465506	2.473698	3049.607796	-420.000000	0.000000	76.000000	3096.622709	1392.130847	2426.419167	0.000000	0	451.743304	20.474821	41.090607	5.901440	-455.781644	39.145595	0.661796	-423.189369	45.481339	0.000000	-420.000000	0	33.068010	0.242169	0.109726	40.118101	3.281618	-439.485507	5.363237	3.281618	19.485507	0.661796	3.189369	8.781644	0	1	0	1	0
mka	3	58.500000	7	2	4	8.000000	35.000000	0.465506	2.473698	3096.849832	-420.000000	0.000000	77.000000	3143.662003	1392.130847	2426.419167	0.000000	0	451.825399	20.437833	41.228393	5.797195	-455.629344	38.563287	0.861144	-423.122372	45.481339	0.000000	-420.000000	0	32.987431	0.080579	0.036988	39.895840	3.329169	-439.375858	5.585499	3.329169	19.375858	0.861144	3.122372	8.629344	0	1	0	1	0
mka	3	58.500000	7	2	4	8.000000	35.000000	0.465506	2.473698	3143.890837	-420.000000	0.000000	78.000000	3190.608480	1392.130847	2426.419167	0.000000	0	451.587148	20.365979	41.091830	5.733862	-455.535970	39.180386	0.551348	-423.262259	45.481339	0.000000	-420.000000	0	32.743006	0.244425	0.071854	40.136108	3.142605	-439.399114	5.345230	3.142605	19.399114	0.551348	3.262259	8.535970	0	1	0	1	0
mka	3	58.500000	7	2	4	8.000000	35.000000	0.465506	2.473698	3190.827049	-420.000000	0.000000	79.000000	3237.647347	1392.130847	2426.419167	0.000000	0	451.253242	20.179230	41.447061	5.469830	-455.459674	39.138373	0.261745	-423.118391	45.481339	0.000000	-420.000000	0	32.839196	0.096190	0.186749	40.292717	2.865788	-439.289033	5.188622	2.865788	19.289033	0.261745	3.118391	8.459674	0	1	0	1	0
mka	3	58.500000	7	2	4	8.000000	35.000000	0.465506	2.473698	3237.871048	-420.000000	0.000000	80.000000	3284.903498	1392.130847	2426.419167	0.000000	0	451.138300	20.138651	41.530845	5.333961	-455.447033	39.189918	0.189676	-423.112708	45.481339	0.000000	-420.000000	0	32.824567	0.014629	0.040579	40.360381	2.761819	-439.279871	5.120957	2.761819	19.279871	0.189676	3.112708	8.447033	0	1	0	1	0
mka	3	58.500000	7	2	4	8.000000	35.000000	0.465506	2.473698	3285.125916	-420.000000	0.000000	81.000000	3331.752881	1392.130847	2426.419167	0.000000	0	451.293507	20.213095	41.334275	5.454856	-455.424340	39.161517	0.307878	-423.195758	45.481339	0.000000	-420.000000	0	32.709231	0.115336	0.074444	40.247896	2.881367	-439.310049	5.233443	2.881367	19.310049	0.307878	3.195758	8.424340	0	1	0	1	0
mka	3	58.500000	7	2	4	8.000000	35.000000	0.465506	2.473698	3331.980005	-420.000000	0.000000	82.000000	3378.939314	1392.130847	2426.419167	0.000000	0	451.569927	20.340566	41.199575	5.546369	-455.409411	38.773964	0.603243	-423.273604	45.481339	0.000000	-420.000000	0	32.604113	0.105117	0.127471	39.986769	3.074806	-439.341507	5.494569	3.074806	19.341507	0.603243	3.273604	8.409411	0	1	0	1	0
mka	3	58.500000	7	2	4	8.000000	35.000000	0.465506	2.473698	3379.167292	-420.000000	0.000000	83.000000	3425.834464	1392.130847	2426.419167	0.000000	0	451.600192	20.378082	41.296744	5.452460	-455.286959	38.859753	0.806439	-423.508884	45.481339	0.000000	-420.000000	0	32.208236	0.395877	0.037515	40.078249	3.129450	-439.397922	5.403090	3.129450	19.397922	0.806439	3.508884	8.286959	0	1	0	1	0
mka	3	58.500000	7	2	4	8.000000	35.000000	0.465506	2.473698	3426.052604	-420.000000	0.000000	84.000000	3473.155202	1392.130847	2426.419167	0.000000	0	451.458636	20.320778	41.289074	5.380248	-455.179026	38.919274	0.582919	-423.557534	45.481339	0.000000	-420.000000	0	32.071000	0.137236	0.057304	40.104174	2.981583	-439.368280	5.377165	2.981583	19.368280	0.582919	3.557534	8.179026	0	1	0	1	0
mka	3	58.500000	7	2	4	8.000000	35.000000	0.465506	2.473698	3473.372915	-420.000000	0.000000	85.000000	3520.116650	1392.130847	2426.419167	0.000000	0	451.407339	20.298107	41.353285	5.332316	-455.147010	38.834749	0.510659	-423.554660	45.481339	0.000000	-420.000000	0	32.057261	0.013739	0.022671	40.094017	2.921487	-439.350835	5.387322	2.921487	19.350835	0.510659	3.554660	8.147010	0	1	0	1	0
mka	3	58.500000	7	2	4	8.000000	35.000000	0.465506	2.473698	3520.339496	-420.000000	0.000000	86.000000	3566.995974	1392.130847	2426.419167	0.000000	0	451.325091	20.302443	41.324355	5.334598	-455.185444	39.131846	0.386060	-423.617196	45.481339	0.000000	-420.000000	0	32.028883	0.028378	0.004337	40.228101	2.860329	-439.401320	5.253238	2.860329	19.401320	0.386060	3.617196	8.185444	0	1	0	1	0
mka	3	58.500000	7	2	4	8.000000	35.000000	0.465506	2.473698	3567.215398	-420.000000	0.000000	87.000000	3614.190105	1392.130847	2426.419167	0.000000	0	451.414156	20.326324	41.247621	5.415600	-455.167557	38.960383	0.418459	-423.600194	45.481339	0.000000	-420.000000	0	32.042180	0.013296	0.023880	40.104002	2.917030	-439.383875	5.377337	2.917030	19.383875	0.418459	3.600194	8.167557	0	1	0	1	0
mka	3	58.500000	7	2	4	8.000000	35.000000	0.465506	2.473698	3614.419367	-420.000000	0.000000	88.000000	3661.285431	1392.130847	2426.419167	0.000000	0	451.355749	20.316214	41.318859	5.411064	-455.167603	39.127443	0.372111	-423.651914	45.481339	0.000000	-420.000000	0	31.991124	0.051056	0.010110	40.223151	2.891588	-439.409759	5.258188	2.891588	19.409759	0.372111	3.651914	8.167603	0	1	0	1	0
mka	3	58.500000	7	2	4	8.000000	35.000000	0.465506	2.473698	3661.514693	-420.000000	0.000000	89.000000	3708.517630	1392.130847	2426.419167	0.000000	0	451.456385	20.331655	41.318144	5.347939	-455.150542	38.726692	0.529616	-423.576192	45.481339	0.000000	-420.000000	0	32.044835	0.053711	0.015441	40.022418	2.938777	-439.363367	5.458920	2.938777	19.363367	0.529616	3.576192	8.150542	0	1	0	1	0
mka	3	58.500000	7	2	4	8.000000	35.000000	0.465506	2.473698	3708.736199	-420.000000	0.000000	90.000000	3755.419624	1392.130847	2426.419167	0.000000	0	451.584884	20.269146	41.410616	5.405083	-454.992866	38.256531	0.754663	-423.449579	45.481339	0.000000	-420.000000	0	32.039875	0.004960	0.062510	39.833573	3.079873	-439.221223	5.647765	3.079873	19.221223	0.754663	3.449579	7.992866	1	1	0	1	0
mka	3	58.500000	7	2	4	8.000000	35.000000	0.465506	2.473698	3755.692942	-420.000000	0.000000	91.000000	3802.245054	1392.130847	2426.419167	0.000000	0	451.678379	20.260804	41.342916	5.545981	-454.894682	38.394215	0.910349	-423.501979	45.481339	0.000000	-420.000000	0	31.869825	0.170050	0.008342	39.868565	3.228165	-439.198330	5.612773	3.228165	19.198330	0.910349	3.501979	7.894682	1	1	0	1	0
mka	3	58.500000	7	2	4	8.000000	35.000000	0.465506	2.473698	3802.464906	-420.000000	0.000000	92.000000	3849.317711	1392.130847	2426.419167	0.000000	0	451.750618	20.280489	41.182125	5.604982	-454.900289	38.409773	0.968465	-423.475328	45.481339	0.000000	-420.000000	0	31.885912	0.016087	0.019685	39.795949	3.286723	-439.187809	5.685390	3.286723	19.187809	0.968465	3.475328	7.900289	1	1	0	1	0
mka	3	58.500000	7	2	4	8.000000	35.000000	0.465506	2.473698	3849.536280	-420.000000	0.000000	93.000000	3896.854024	1392.130847	2426.419167	0.000000	0	451.724607	20.292719	41.105611	5.613311	-454.931724	38.603332	0.918865	-423.511246	45.481339	0.000000	-420.000000	0	31.867627	0.018285	0.012231	39.854471	3.266088	-439.221485	5.626867	3.266088	19.221485	0.918865	3.511246	7.931724	1	1	0	1	0
mka	3	58.500000	7	2	4	8.000000	35.000000	0.465506	2.473698	3897.082003	-420.000000	0.000000	94.000000	3932.146647	1392.130847	2426.419167	3932.141942	0	451.596223	20.251239	  41.271793    5.576024 -454.938625	  38.896309    0.838241 -423.568323	45.481339	0.000000	-420.000000	0	31.814860	0.052767	0.041481	0
