subjName	sessionNR	IOD	trialN	textureType	texnum	visualAngle	simulatedDepth	light_intensity	ambient_intensity	time	displayDistance	isRotated	frameN	timTote	startTime	touchTime	endTime	fingersOccluded	distanceToHome	distanceToObject	indexXraw	indexYraw	indexZraw	thumbXraw	thumbYraw	thumbZraw	targetX	targetY	targetZ	failCause	gripAperture	gripApertureVel	distFromObjVel	gripOriginX	gripOriginY	gripOriginZ	distFromObjX	distFromObjY	distFromObjZ	y_dist_thm	z_dist_thm	z_dist_ind	handOnObj	handnearObj	handfarObj	handTouchObj	framesOccluded
mka	6	58.500000	32	3	3	8.000000	35.000000	0.206351	3.293838	922.612375	-420.000000	0.000000	30.000000	970.300511	0.000000	0.000000	0.000000	0	6.818197	438.277245	230.643405	-355.519358	-246.143161	232.160865	-356.341844	-243.396881	45.136719	0.000000	-420.000000	0	3.243643	0.183015	0.054452	231.402135	-355.930601	-244.770021	186.265416	355.930601	175.229979	356.341844	176.603119	200.856839	0	0	1	0	0
mka	6	58.500000	32	3	3	8.000000	35.000000	0.206351	3.293838	970.624731	-420.000000	0.000000	31.000000	1017.000589	0.000000	0.000000	0.000000	0	6.818672	438.238452	230.624057	-355.477159	-246.121562	232.046008	-356.344847	-243.390283	45.136719	0.000000	-420.000000	0	3.199173	0.044470	0.038793	231.335033	-355.911003	-244.755923	186.198314	355.911003	175.244077	356.344847	176.609717	200.878438	0	0	1	0	0
mka	6	58.500000	32	3	3	8.000000	35.000000	0.206351	3.293838	1017.224720	-420.000000	0.000000	32.000000	1063.767393	0.000000	0.000000	0.000000	0	6.874551	438.295455	230.551172	-355.445146	-246.110708	232.303175	-356.384815	-243.328035	45.136719	0.000000	-420.000000	0	3.419907	0.220733	0.057003	231.427173	-355.914980	-244.719371	186.290455	355.914980	175.280629	356.384815	176.671965	200.889292	0	0	1	0	0
mka	6	58.500000	32	3	3	8.000000	35.000000	0.206351	3.293838	1063.981259	-420.000000	0.000000	33.000000	1111.032076	0.000000	0.000000	0.000000	0	6.849912	438.286001	230.534804	-355.466830	-246.114649	232.272008	-356.383205	-243.361617	45.136719	0.000000	-420.000000	0	3.381834	0.038072	0.009454	231.403406	-355.925018	-244.738133	186.266687	355.925018	175.261867	356.383205	176.638383	200.885351	0	0	1	0	0
mka	6	58.500000	32	3	3	8.000000	35.000000	0.206351	3.293838	1111.253641	-420.000000	0.000000	34.000000	1158.191965	0.000000	0.000000	0.000000	0	6.854829	438.294290	230.509900	-355.475230	-246.129452	232.376215	-356.358885	-243.357320	45.136719	0.000000	-420.000000	0	3.456688	0.074853	0.008289	231.443058	-355.917058	-244.743386	186.306339	355.917058	175.256614	356.358885	176.642680	200.870548	0	0	1	0	0
mka	6	58.500000	32	3	3	8.000000	35.000000	0.206351	3.293838	1158.403691	-420.000000	0.000000	35.000000	1205.289833	0.000000	0.000000	0.000000	0	6.846737	438.160375	230.168962	-355.365406	-246.159986	232.499421	-356.247950	-243.316843	45.136719	0.000000	-420.000000	0	3.780659	0.323972	0.133915	231.334192	-355.806678	-244.738415	186.197473	355.806678	175.261585	356.247950	176.683157	200.840014	0	0	1	0	0
mka	6	58.500000	32	3	3	8.000000	35.000000	0.206351	3.293838	1205.503270	-420.000000	0.000000	36.000000	1252.365031	0.000000	0.000000	0.000000	0	6.718285	437.934782	229.921806	-355.257136	-246.256320	232.309752	-356.128414	-243.422043	45.136719	0.000000	-420.000000	0	3.807170	0.026511	0.225593	231.115779	-355.692775	-244.839182	185.979060	355.692775	175.160818	356.128414	176.577957	200.743680	0	0	1	0	0
mka	6	58.500000	32	3	3	8.000000	35.000000	0.206351	3.293838	1252.577613	-420.000000	0.000000	37.000000	1299.023619	0.000000	0.000000	0.000000	0	6.472948	437.673986	229.952353	-355.210927	-246.442713	231.764751	-356.015318	-243.670302	45.136719	0.000000	-420.000000	0	3.408533	0.398637	0.260796	230.858552	-355.613122	-245.056507	185.721833	355.613122	174.943493	356.015318	176.329698	200.557287	0	0	1	0	0
mka	6	58.500000	32	3	3	8.000000	35.000000	0.206351	3.293838	1299.235773	-420.000000	0.000000	38.000000	1346.737847	0.000000	0.000000	0.000000	0	6.215610	437.283610	229.771887	-355.004859	-246.766873	231.372279	-355.814162	-243.863631	45.136719	0.000000	-420.000000	0	3.412483	0.003951	0.390376	230.572083	-355.409510	-245.315252	185.435364	355.409510	174.684748	355.814162	176.136369	200.233127	0	0	1	0	0
mka	6	58.500000	32	3	3	8.000000	35.000000	0.206351	3.293838	1347.030842	-420.000000	0.000000	39.000000	1393.621849	0.000000	0.000000	0.000000	0	5.826775	435.574674	227.937178	-354.167198	-247.349861	229.542169	-355.034250	-244.664059	45.136719	0.000000	-420.000000	0	3.246738	0.165745	1.708936	228.739673	-354.600724	-246.006960	183.602955	354.600724	173.993040	355.034250	175.335941	199.650139	0	0	1	0	0
mka	6	58.500000	32	3	3	8.000000	35.000000	0.206351	3.293838	1393.839136	-420.000000	0.000000	40.000000	1441.564485	0.000000	0.000000	0.000000	0	7.286066	430.461348	225.112501	-350.805544	-249.823691	226.363407	-351.581073	-247.577851	45.136719	0.000000	-420.000000	0	2.685146	0.561592	5.113326	225.737954	-351.193309	-248.700771	180.601235	351.193309	171.299229	351.581073	172.422149	197.176309	0	0	1	0	0
mka	6	58.500000	32	3	3	8.000000	35.000000	0.206351	3.293838	1441.794605	-420.000000	0.000000	41.000000	1488.588356	1477.169654	0.000000	0.000000	0	18.154048	418.062907	219.234176	-341.157098	-255.431631	221.613552	-341.412630	-252.450000	45.136719	0.000000	-420.000000	0	3.823199	1.138054	12.398440	220.423864	-341.284864	-253.940816	175.287145	341.284864	166.059184	341.412630	167.550000	191.568369	0	0	1	0	0
mka	6	58.500000	32	3	3	8.000000	35.000000	0.206351	3.293838	1488.896322	-420.000000	0.000000	42.000000	1535.020247	1477.169654	0.000000	0.000000	1	18.154048	418.062907	219.234176	-341.157098	-255.431631	221.613552	-341.412630	-252.450000	45.136719	0.000000	-420.000000	0	3.823199	0.000000	0.000000	220.423864	-341.284864	-253.940816	175.287145	341.284864	166.059184	341.412630	167.550000	191.568369	0	0	1	0	1
mka	6	58.500000	32	3	3	8.000000	35.000000	0.206351	3.293838	1535.240956	-420.000000	0.000000	43.000000	1581.859337	1477.169654	0.000000	0.000000	1	18.154048	418.062907	219.234176	-341.157098	-255.431631	221.613552	-341.412630	-252.450000	45.136719	0.000000	-420.000000	0	3.823199	0.000000	0.000000	220.423864	-341.284864	-253.940816	175.287145	341.284864	166.059184	341.412630	167.550000	191.568369	0	0	1	0	2
mka	6	58.500000	32	3	3	8.000000	35.000000	0.206351	3.293838	1582.080902	-420.000000	0.000000	44.000000	1629.332753	1477.169654	0.000000	0.000000	1	18.154048	418.062907	219.234176	-341.157098	-255.431631	221.613552	-341.412630	-252.450000	45.136719	0.000000	-420.000000	0	3.823199	0.000000	0.000000	220.423864	-341.284864	-253.940816	175.287145	341.284864	166.059184	341.412630	167.550000	191.568369	0	0	1	0	3
mka	6	58.500000	32	3	3	8.000000	35.000000	0.206351	3.293838	1629.562444	-420.000000	0.000000	45.000000	1676.699663	1477.169654	0.000000	0.000000	0	184.446193	252.539734	160.709085	-200.164532	-321.662292	157.739847	-192.976553	-298.153013	45.136719	0.000000	-420.000000	0	24.762262	20.939062	165.523173	159.224466	-196.570542	-309.907652	114.087747	196.570542	110.092348	192.976553	121.846987	125.337708	0	0	1	0	3
mka	6	58.500000	32	3	3	8.000000	35.000000	0.206351	3.293838	1676.916095	-420.000000	0.000000	46.000000	1723.239342	1477.169654	0.000000	0.000000	0	234.010970	203.413955	144.821950	-157.537874	-344.718554	142.358078	-150.780962	-317.303250	45.136719	0.000000	-420.000000	0	28.342996	3.580734	49.125779	143.590014	-154.159418	-331.010902	98.453295	154.159418	88.989098	150.780962	102.696750	102.281446	0	0	0	0	3
mka	6	58.500000	32	3	3	8.000000	35.000000	0.206351	3.293838	1723.455346	-420.000000	0.000000	47.000000	1770.263640	1477.169654	0.000000	0.000000	0	280.155502	158.052381	131.827092	-119.379351	-371.322713	128.116563	-111.788339	-335.651959	45.136719	0.000000	-420.000000	0	36.657799	8.314803	45.361574	129.971827	-115.583845	-353.487336	84.835108	115.583845	66.512664	111.788339	84.348041	75.677287	0	0	0	0	3
mka	6	58.500000	32	3	3	8.000000	35.000000	0.206351	3.293838	1770.478789	-420.000000	0.000000	48.000000	1817.335844	1477.169654	0.000000	0.000000	0	319.509358	119.412321	118.554836	-88.978563	-395.820014	113.065264	-79.365672	-350.806817	45.136719	0.000000	-420.000000	0	46.354406	9.696608	38.640061	115.810050	-84.172118	-373.313416	70.673331	84.172118	46.686584	79.365672	69.193183	51.179986	0	0	0	0	3
mka	6	58.500000	32	3	3	8.000000	35.000000	0.206351	3.293838	1817.653221	-420.000000	0.000000	49.000000	1864.414037	1477.169654	0.000000	0.000000	0	350.425358	89.209450	107.866746	-66.451266	-417.509474	98.589480	-56.247083	-365.219425	45.136719	0.000000	-420.000000	0	54.078112	7.723706	30.202870	103.228113	-61.349175	-391.364449	58.091394	61.349175	28.635551	56.247083	54.780575	29.490526	0	0	0	0	3
mka	6	58.500000	32	3	3	8.000000	35.000000	0.206351	3.293838	1864.633462	-420.000000	0.000000	50.000000	1911.714221	1477.169654	0.000000	0.000000	0	374.854764	65.906472	98.035863	-48.824094	-433.319595	86.304596	-38.759629	-377.437637	45.136719	0.000000	-420.000000	0	57.980250	3.902138	23.302978	92.170229	-43.791861	-405.378616	47.033511	43.791861	14.621384	38.759629	42.562363	13.680405	0	0	0	0	3
mka	6	58.500000	32	3	3	8.000000	35.000000	0.206351	3.293838	1911.927659	-420.000000	0.000000	51.000000	1958.756056	1477.169654	0.000000	0.000000	0	393.356326	48.982949	89.358503	-37.168991	-446.707809	75.706415	-25.749090	-386.593927	45.136719	0.000000	-420.000000	0	62.693481	4.713231	16.923523	82.532459	-31.459041	-416.650868	37.395740	31.459041	3.349132	25.749090	33.406073	0.292191	0	0	0	0	3
mka	6	58.500000	32	3	3	8.000000	35.000000	0.206351	3.293838	1958.969494	-420.000000	0.000000	52.000000	2005.631076	1477.169654	0.000000	0.000000	0	407.433868	38.471078	84.295043	-28.111094	-457.057871	67.749923	-16.178268	-394.893106	45.136719	0.000000	-420.000000	0	65.426228	2.732747	10.511872	76.022483	-22.144681	-425.975489	30.885764	22.144681	5.975489	16.178268	25.106894	10.057871	0	1	0	0	3
mka	6	58.500000	32	3	3	8.000000	35.000000	0.206351	3.293838	2005.846225	-420.000000	0.000000	53.000000	2052.165623	1477.169654	0.000000	0.000000	0	418.442398	33.712229	81.809752	-20.482576	-465.110237	62.863333	-8.457949	-402.260952	45.136719	0.000000	-420.000000	0	66.735231	1.309003	4.758848	72.336543	-14.470262	-433.685595	27.199824	14.470262	13.685595	8.457949	17.739048	18.110237	0	1	0	0	3
mka	6	58.500000	32	3	3	8.000000	35.000000	0.206351	3.293838	2052.379916	-420.000000	0.000000	54.000000	2099.543226	1477.169654	2088.264820	0.000000	0	426.085583	31.081271	77.832034	-15.911154	-469.819050	57.955171	-3.823061	-407.640784	45.136719	0.000000	-420.000000	0	66.387864	0.347367	2.630959	67.893603	-9.867108	-438.729917	22.756884	9.867108	18.729917	3.823061	12.359216	22.819050	0	1	0	1	3
mka	6	58.500000	32	3	3	8.000000	35.000000	0.206351	3.293838	2099.758375	-420.000000	0.000000	55.000000	2146.846833	1477.169654	2088.264820	0.000000	0	432.236640	28.964910	72.233453	-12.910602	-472.935666	53.192929	-0.188121	-411.206807	45.136719	0.000000	-420.000000	0	65.839616	0.548248	2.116361	62.713191	-6.549362	-442.071236	17.576472	6.549362	22.071236	0.188121	8.793193	25.935666	0	1	0	1	3
mka	6	58.500000	32	3	3	8.000000	35.000000	0.206351	3.293838	2147.062409	-420.000000	0.000000	56.000000	2193.517397	1477.169654	2088.264820	0.000000	0	438.118903	26.839439	66.426287	-9.107862	-474.078027	48.975654	4.076766	-413.088364	45.136719	0.000000	-420.000000	0	64.792731	1.046885	2.125470	57.700970	-2.515548	-443.583195	12.564252	2.515548	23.583195	4.076766	6.911636	27.078027	0	1	0	1	3
mka	6	58.500000	32	3	3	8.000000	35.000000	0.206351	3.293838	2193.744950	-420.000000	0.000000	57.000000	2240.079746	1477.169654	2088.264820	0.000000	0	443.086830	24.814269	60.652063	-5.523142	-473.662950	44.206667	7.492610	-413.733066	45.136719	0.000000	-420.000000	0	63.493715	1.299016	2.025170	52.429365	0.984734	-443.698008	7.292646	0.984734	23.698008	7.492610	6.266934	26.662950	0	1	0	1	3
mka	6	58.500000	32	3	3	8.000000	35.000000	0.206351	3.293838	2240.294467	-420.000000	0.000000	58.000000	2287.083941	1477.169654	2088.264820	0.000000	0	447.299223	24.690994	54.777390	-2.936516	-473.322544	39.468350	9.274471	-415.489667	45.136719	0.000000	-420.000000	0	61.058305	2.435411	0.123275	47.122870	3.168977	-444.406105	1.986151	3.168977	24.406105	9.274471	4.510333	26.322544	0	1	0	1	3
mka	6	58.500000	32	3	3	8.000000	35.000000	0.206351	3.293838	2287.308500	-420.000000	0.000000	59.000000	2334.340497	1477.169654	2088.264820	0.000000	0	450.484222	24.599007	49.275266	-0.707959	-470.913182	36.119008	10.935965	-416.961929	45.136719	0.000000	-420.000000	0	56.739807	4.318497	0.091987	42.697137	5.114003	-443.937556	2.439582	5.114003	23.937556	10.935965	3.038071	23.913182	0	1	0	1	3
mka	6	58.500000	32	3	3	8.000000	35.000000	0.206351	3.293838	2334.560350	-420.000000	0.000000	60.000000	2381.191136	1477.169654	2088.264820	0.000000	0	453.207817	24.811026	44.424789	1.776318	-468.155785	33.307513	12.287685	-417.749246	45.136719	0.000000	-420.000000	0	52.677337	4.062470	0.212019	38.866151	7.032002	-442.952515	6.270567	7.032002	22.952515	12.287685	2.250754	21.155785	0	1	0	1	3
mka	6	58.500000	32	3	3	8.000000	35.000000	0.206351	3.293838	2381.418261	-420.000000	0.000000	61.000000	2428.865585	1477.169654	2088.264820	0.000000	0	453.994149	24.974915	40.596465	2.180097	-464.650400	31.553877	11.663261	-419.789451	45.136719	0.000000	-420.000000	0	46.735463	5.941874	0.163889	36.075171	6.921679	-442.219926	9.061548	6.921679	22.219926	11.663261	0.210549	17.650400	0	1	0	1	3
mka	6	58.500000	32	3	3	8.000000	35.000000	0.206351	3.293838	2429.080306	-420.000000	0.000000	62.000000	2475.445471	1477.169654	2088.264820	0.000000	0	454.416149	25.254642	38.121831	2.229582	-462.278985	29.979386	11.044997	-421.118779	45.136719	0.000000	-420.000000	0	42.873925	3.861538	0.279727	34.050608	6.637290	-441.698882	11.086110	6.637290	21.698882	11.044997	1.118779	15.278985	0	1	0	1	3
mka	6	58.500000	32	3	3	8.000000	35.000000	0.206351	3.293838	2475.658909	-420.000000	0.000000	63.000000	2522.480890	1477.169654	2088.264820	0.000000	0	454.627864	25.121262	36.976563	2.544155	-459.949159	30.348987	11.315259	-422.543455	45.136719	0.000000	-420.000000	0	38.987738	3.886187	0.133380	33.662775	6.929707	-441.246307	11.473944	6.929707	21.246307	11.315259	2.543455	12.949159	0	1	0	1	3
mka	6	58.500000	32	3	3	8.000000	35.000000	0.206351	3.293838	2522.693900	-420.000000	0.000000	64.000000	2569.706222	1477.169654	2088.264820	0.000000	0	454.098209	24.408576	37.204344	2.441820	-458.095051	31.046503	11.169033	-423.291716	45.136719	0.000000	-420.000000	0	36.405430	2.582308	0.712686	34.125424	6.805427	-440.693384	11.011295	6.805427	20.693384	11.169033	3.291716	11.095051	0	1	0	1	3
mka	6	58.500000	32	3	3	8.000000	35.000000	0.206351	3.293838	2569.920943	-420.000000	0.000000	65.000000	2616.665932	1477.169654	2088.264820	0.000000	0	454.039591	24.338106	37.012291	2.116357	-457.469843	30.593939	11.223356	-423.488959	45.136719	0.000000	-420.000000	0	35.760777	0.644653	0.070470	33.803115	6.669856	-440.479401	11.333604	6.669856	20.479401	11.223356	3.488959	10.469843	0	1	0	1	3
mka	6	58.500000	32	3	3	8.000000	35.000000	0.206351	3.293838	2616.880226	-420.000000	0.000000	66.000000	2663.662856	1477.169654	2088.264820	0.000000	0	453.746203	24.179527	36.766018	1.894125	-457.134962	30.906659	10.821200	-423.683224	45.136719	0.000000	-420.000000	0	35.114719	0.646059	0.158579	33.836339	6.357662	-440.409093	11.300380	6.357662	20.409093	10.821200	3.683224	10.134962	0	1	0	1	3
mka	6	58.500000	32	3	3	8.000000	35.000000	0.206351	3.293838	2663.878004	-420.000000	0.000000	67.000000	2710.695708	1477.169654	2088.264820	0.000000	0	453.746081	24.129311	36.935261	1.766240	-456.754531	30.530975	10.961290	-423.825466	45.136719	0.000000	-420.000000	0	34.783432	0.331287	0.050216	33.733118	6.363765	-440.289999	11.403601	6.363765	20.289999	10.961290	3.825466	9.754531	0	1	0	1	3
mka	6	58.500000	32	3	3	8.000000	35.000000	0.206351	3.293838	2710.910429	-420.000000	0.000000	68.000000	2757.921468	1477.169654	2088.264820	0.000000	0	453.800324	24.108712	37.366749	1.824193	-456.548350	30.275892	11.148747	-424.003714	45.136719	0.000000	-420.000000	0	34.588739	0.194693	0.020599	33.821320	6.486470	-440.276032	11.315398	6.486470	20.276032	11.148747	4.003714	9.548350	0	1	0	1	3
mka	6	58.500000	32	3	3	8.000000	35.000000	0.206351	3.293838	2758.136189	-420.000000	0.000000	69.000000	2805.069380	1477.169654	2088.264820	0.000000	0	453.926752	24.176442	37.393654	2.011465	-456.430026	30.273975	11.248087	-424.204480	45.136719	0.000000	-420.000000	0	34.270845	0.317894	0.067730	33.833814	6.629776	-440.317253	11.302905	6.629776	20.317253	11.248087	4.204480	9.430026	0	1	0	1	3
mka	6	58.500000	32	3	3	8.000000	35.000000	0.206351	3.293838	2805.322597	-420.000000	0.000000	70.000000	2852.140729	1477.169654	2088.264820	0.000000	0	453.987800	24.177706	37.395595	2.239925	-456.365730	30.651087	11.317451	-424.382456	45.136719	0.000000	-420.000000	0	33.923733	0.347112	0.001264	34.023341	6.778688	-440.374093	11.113378	6.778688	20.374093	11.317451	4.382456	9.365730	0	1	0	1	3
mka	6	58.500000	32	3	3	8.000000	35.000000	0.206351	3.293838	2852.360154	-420.000000	0.000000	71.000000	2899.448184	1477.169654	2088.264820	0.000000	0	454.060489	24.225870	37.346345	2.282125	-456.341088	30.604747	11.393607	-424.429714	45.136719	0.000000	-420.000000	0	33.864495	0.059238	0.048164	33.975546	6.837866	-440.385401	11.161173	6.837866	20.385401	11.393607	4.429714	9.341088	0	1	0	1	3
mka	6	58.500000	32	3	3	8.000000	35.000000	0.206351	3.293838	2899.662478	-420.000000	0.000000	72.000000	2946.293263	1477.169654	2088.264820	0.000000	0	454.157052	24.269121	37.417560	2.364365	-456.317604	30.747057	11.605594	-424.572508	45.136719	0.000000	-420.000000	0	33.729024	0.135471	0.043251	34.082309	6.984979	-440.445056	11.054410	6.984979	20.445056	11.605594	4.572508	9.317604	0	1	0	1	3
mka	6	58.500000	32	3	3	8.000000	35.000000	0.206351	3.293838	2946.508840	-420.000000	0.000000	73.000000	2993.632371	1477.169654	2088.264820	0.000000	0	454.606046	24.641786	37.409707	2.788490	-456.208613	30.488223	11.904729	-425.171532	45.136719	0.000000	-420.000000	0	33.080404	0.648620	0.372664	33.948965	7.346609	-440.690072	11.187754	7.346609	20.690072	11.904729	5.171532	9.208613	0	1	0	1	3
mka	6	58.500000	32	3	3	8.000000	35.000000	0.206351	3.293838	2993.845381	-420.000000	0.000000	74.000000	3040.552731	1477.169654	2088.264820	0.000000	0	454.994078	25.005380	37.474121	3.026114	-456.258044	30.592703	12.360092	-425.827666	45.136719	0.000000	-420.000000	0	32.565088	0.515316	0.363594	34.033412	7.693103	-441.042855	11.103307	7.693103	21.042855	12.360092	5.827666	9.258044	0	1	0	1	3
mka	6	58.500000	32	3	3	8.000000	35.000000	0.206351	3.293838	3040.768307	-420.000000	0.000000	75.000000	3087.618947	1477.169654	2088.264820	0.000000	0	455.299273	25.172999	37.129086	3.336458	-456.146721	30.413665	12.568286	-425.866069	45.136719	0.000000	-420.000000	0	32.361110	0.203978	0.167619	33.771375	7.952372	-441.006395	11.365343	7.952372	21.006395	12.568286	5.866069	9.146721	0	1	0	1	3
mka	6	58.500000	32	3	3	8.000000	35.000000	0.206351	3.293838	3087.832812	-420.000000	0.000000	76.000000	3134.584646	1477.169654	2088.264820	0.000000	0	455.245189	25.175896	37.219790	3.153511	-456.183480	30.145877	12.522565	-425.826015	45.136719	0.000000	-420.000000	0	32.548349	0.187239	0.002897	33.682833	7.838038	-441.004747	11.453885	7.838038	21.004747	12.522565	5.826015	9.183480	0	1	0	1	3
mka	6	58.500000	32	3	3	8.000000	35.000000	0.206351	3.293838	3134.798939	-420.000000	0.000000	77.000000	3181.892101	1477.169654	2088.264820	0.000000	0	454.936319	24.961706	37.175560	2.925596	-456.165514	30.624239	12.263410	-425.746021	45.136719	0.000000	-420.000000	0	32.487845	0.060504	0.214190	33.899900	7.594503	-440.955768	11.236819	7.594503	20.955768	12.263410	5.746021	9.165514	0	1	0	1	3
mka	6	58.500000	32	3	3	8.000000	35.000000	0.206351	3.293838	3182.116232	-420.000000	0.000000	78.000000	3228.772254	1477.169654	2088.264820	0.000000	0	454.386211	24.661522	37.518986	2.416375	-456.305092	31.211597	11.844609	-425.710290	45.136719	0.000000	-420.000000	0	32.629996	0.142151	0.300185	34.365292	7.130492	-441.007691	10.771427	7.130492	21.007691	11.844609	5.710290	9.305092	0	1	0	1	3
mka	6	58.500000	32	3	3	8.000000	35.000000	0.206351	3.293838	3228.986120	-420.000000	0.000000	79.000000	3276.033088	1477.169654	2088.264820	0.000000	0	454.498046	24.714881	37.346537	2.617777	-456.289166	31.258832	11.862639	-425.712186	45.136719	0.000000	-420.000000	0	32.518907	0.111089	0.053359	34.302684	7.240208	-441.000676	10.834034	7.240208	21.000676	11.862639	5.712186	9.289166	0	1	0	1	3
mka	6	58.500000	32	3	3	8.000000	35.000000	0.206351	3.293838	3276.370139	-420.000000	0.000000	80.000000	3322.805024	1477.169654	2088.264820	0.000000	0	454.808435	24.921837	37.300386	2.772230	-456.330018	30.861184	12.200773	-425.756397	45.136719	0.000000	-420.000000	0	32.635978	0.117071	0.206956	34.080785	7.486501	-441.043207	11.055934	7.486501	21.043207	12.200773	5.756397	9.330018	0	1	0	1	3
mka	6	58.500000	32	3	3	8.000000	35.000000	0.206351	3.293838	3323.023167	-420.000000	0.000000	81.000000	3370.176212	1477.169654	2088.264820	0.000000	0	454.989180	25.044508	37.234776	2.930032	-456.353015	30.689458	12.335206	-425.794287	45.136719	0.000000	-420.000000	0	32.636395	0.000418	0.122671	33.962117	7.632619	-441.073651	11.174602	7.632619	21.073651	12.335206	5.794287	9.353015	0	1	0	1	3
mka	6	58.500000	32	3	3	8.000000	35.000000	0.206351	3.293838	3370.390078	-420.000000	0.000000	82.000000	3417.023002	1477.169654	2088.264820	0.000000	0	454.934687	25.011122	37.341802	2.831363	-456.358614	30.578838	12.315942	-425.750013	45.136719	0.000000	-420.000000	0	32.750288	0.113893	0.033386	33.960320	7.573652	-441.054313	11.176399	7.573652	21.054313	12.315942	5.750013	9.358614	0	1	0	1	3
mka	6	58.500000	32	3	3	8.000000	35.000000	0.206351	3.293838	3417.237295	-420.000000	0.000000	83.000000	3464.098200	1477.169654	2088.264820	0.000000	0	454.635191	24.842562	37.151506	2.598371	-456.363694	31.165326	12.014667	-425.743054	45.136719	0.000000	-420.000000	0	32.590253	0.160036	0.168560	34.158416	7.306519	-441.053374	10.978303	7.306519	21.053374	12.014667	5.743054	9.363694	0	1	0	1	3
mka	6	58.500000	32	3	3	8.000000	35.000000	0.206351	3.293838	3464.313349	-420.000000	0.000000	84.000000	3511.514727	1477.169654	2088.264820	0.000000	0	454.339645	24.690117	37.024506	2.384002	-456.397017	31.490837	11.623198	-425.659981	45.136719	0.000000	-420.000000	0	32.569151	0.021102	0.152446	34.257671	7.003600	-441.028499	10.879047	7.003600	21.028499	11.623198	5.659981	9.397017	0	1	0	1	3
mka	6	58.500000	32	3	3	8.000000	35.000000	0.206351	3.293838	3511.729876	-420.000000	0.000000	85.000000	3558.243036	1477.169654	2088.264820	0.000000	0	454.543709	24.868398	36.937818	2.373895	-456.459713	31.057384	11.818769	-425.682871	45.136719	0.000000	-420.000000	0	32.726124	0.156972	0.178282	33.997601	7.096332	-441.071292	11.139118	7.096332	21.071292	11.818769	5.682871	9.459713	0	1	0	1	3
mka	6	58.500000	32	3	3	8.000000	35.000000	0.206351	3.293838	3558.466739	-420.000000	0.000000	86.000000	3605.284015	1477.169654	2088.264820	0.000000	0	454.760038	24.983368	37.090998	2.564283	-456.457142	30.849510	12.096488	-425.768168	45.136719	0.000000	-420.000000	0	32.735794	0.009671	0.114970	33.970254	7.330386	-441.112655	11.166464	7.330386	21.112655	12.096488	5.768168	9.457142	0	1	0	1	3
mka	6	58.500000	32	3	3	8.000000	35.000000	0.206351	3.293838	3605.497881	-420.000000	0.000000	87.000000	3652.422090	1477.169654	2088.264820	0.000000	0	455.111522	25.253458	36.868596	2.675919	-456.476155	30.228679	12.384361	-425.796792	45.136719	0.000000	-420.000000	0	32.856745	0.120951	0.270090	33.548638	7.530140	-441.136473	11.588081	7.530140	21.136473	12.384361	5.796792	9.476155	0	1	0	1	3
mka	6	58.500000	32	3	3	8.000000	35.000000	0.206351	3.293838	3652.636811	-420.000000	0.000000	88.000000	3699.579840	1477.169654	2088.264820	0.000000	0	455.187634	25.308968	36.718671	2.807464	-456.488260	30.296083	12.375982	-425.828074	45.136719	0.000000	-420.000000	0	32.754438	0.102307	0.055510	33.507377	7.591723	-441.158167	11.629342	7.591723	21.158167	12.375982	5.828074	9.488260	0	1	0	1	3
mka	6	58.500000	32	3	3	8.000000	35.000000	0.206351	3.293838	3699.847600	-420.000000	0.000000	89.000000	3746.418075	1477.169654	2088.264820	0.000000	0	455.263813	25.367327	36.775319	2.793536	-456.512523	30.076793	12.484258	-425.819918	45.136719	0.000000	-420.000000	0	32.875772	0.121334	0.058359	33.426056	7.638897	-441.166221	11.710663	7.638897	21.166221	12.484258	5.819918	9.512523	0	1	0	1	3
mka	6	58.500000	32	3	3	8.000000	35.000000	0.206351	3.293838	3746.632368	-420.000000	0.000000	90.000000	3793.076236	1477.169654	2088.264820	0.000000	0	455.189901	25.322140	36.761458	2.749097	-456.518156	30.214093	12.408949	-425.817234	45.136719	0.000000	-420.000000	0	32.843985	0.031787	0.045187	33.487776	7.579023	-441.167695	11.648943	7.579023	21.167695	12.408949	5.817234	9.518156	0	1	0	1	3
mka	6	58.500000	32	3	3	8.000000	35.000000	0.206351	3.293838	3793.352122	-420.000000	0.000000	91.000000	3840.680109	1477.169654	2088.264820	0.000000	0	455.222969	25.376713	36.562735	2.730360	-456.539811	30.277890	12.403865	-425.860293	45.136719	0.000000	-420.000000	0	32.776650	0.067335	0.054573	33.420312	7.567112	-441.200052	11.716406	7.567112	21.200052	12.403865	5.860293	9.539811	0	1	0	1	3
mka	6	58.500000	32	3	3	8.000000	35.000000	0.206351	3.293838	3840.899107	-420.000000	0.000000	92.000000	3887.869084	1477.169654	2088.264820	0.000000	0	455.204195	25.357703	36.739844	2.692359	-456.546454	30.193512	12.442021	-425.859248	45.136719	0.000000	-420.000000	0	32.857495	0.080845	0.019010	33.466678	7.567190	-441.202851	11.670040	7.567190	21.202851	12.442021	5.859248	9.546454	0	1	0	1	3
mka	6	58.500000	32	3	3	8.000000	35.000000	0.206351	3.293838	3888.084232	-420.000000	0.000000	93.000000	3923.420358	1477.169654	2088.264820	3923.416081	0	455.060183	25.227044	  36.715869    2.487205 -456.307688	  30.079030   12.362872 -425.809391	45.136719	0.000000	-420.000000	0	32.737174	0.120320	0.130659	3
