subjName	sessionNR	IOD	trialN	textureType	texnum	visualAngle	simulatedDepth	light_intensity	ambient_intensity	time	displayDistance	isRotated	frameN	timTote	startTime	touchTime	endTime	fingersOccluded	distanceToHome	distanceToObject	indexXraw	indexYraw	indexZraw	thumbXraw	thumbYraw	thumbZraw	targetX	targetY	targetZ	failCause	gripAperture	gripApertureVel	distFromObjVel	gripOriginX	gripOriginY	gripOriginZ	distFromObjX	distFromObjY	distFromObjZ	y_dist_thm	z_dist_thm	z_dist_ind	handOnObj	handnearObj	handfarObj	handTouchObj	framesOccluded
mka	2	58.500000	47	3	25	8.000000	25.000000	0.215421	3.203159	885.869930	-420.000000	0.000000	30.000000	933.246476	0.000000	0.000000	0.000000	0	15.608775	424.386884	209.646013	-353.462865	-254.444120	216.988280	-352.228829	-254.266715	45.490128	0.000000	-420.000000	0	7.447362	0.169672	0.048767	213.317147	-352.845847	-254.355418	167.827019	352.845847	165.644582	352.228829	165.733285	182.555880	0	0	1	0	0
mka	2	58.500000	47	3	25	8.000000	25.000000	0.215421	3.203159	933.678054	-420.000000	0.000000	31.000000	980.064835	0.000000	0.000000	0.000000	0	15.645863	424.354148	209.643492	-353.430532	-254.414885	216.853173	-352.239603	-254.278350	45.490128	0.000000	-420.000000	0	7.308656	0.138706	0.032736	213.248332	-352.835067	-254.346617	167.758205	352.835067	165.653383	352.239603	165.721650	182.585115	0	0	1	0	0
mka	2	58.500000	47	3	25	8.000000	25.000000	0.215421	3.203159	980.287254	-420.000000	0.000000	32.000000	1026.821174	0.000000	0.000000	0.000000	0	15.599042	424.397304	209.447695	-353.448826	-254.420399	217.124978	-352.262725	-254.216925	45.490128	0.000000	-420.000000	0	7.771030	0.462374	0.043156	213.286337	-352.855775	-254.318662	167.796209	352.855775	165.681338	352.262725	165.783075	182.579601	0	0	1	0	0
mka	2	58.500000	47	3	25	8.000000	25.000000	0.215421	3.203159	1027.033327	-420.000000	0.000000	33.000000	1074.036466	0.000000	0.000000	0.000000	0	15.655674	424.362679	209.681073	-353.457259	-254.443430	216.811104	-352.246943	-254.274118	45.490128	0.000000	-420.000000	0	7.234008	0.537022	0.034625	213.246089	-352.852101	-254.358774	167.755961	352.852101	165.641226	352.246943	165.725882	182.556570	0	0	1	0	0
mka	2	58.500000	47	3	25	8.000000	25.000000	0.215421	3.203159	1074.249047	-420.000000	0.000000	34.000000	1120.879633	0.000000	0.000000	0.000000	0	15.630688	424.366502	209.569594	-353.419452	-254.405746	216.940125	-352.261155	-254.259723	45.490128	0.000000	-420.000000	0	7.462420	0.228411	0.003823	213.254859	-352.840304	-254.332734	167.764732	352.840304	165.667266	352.261155	165.740277	182.594254	0	0	1	0	0
mka	2	58.500000	47	3	25	8.000000	25.000000	0.215421	3.203159	1121.133277	-420.000000	0.000000	35.000000	1168.526504	0.000000	0.000000	0.000000	0	15.567278	424.408844	209.599202	-353.412184	-254.393297	217.050619	-352.280677	-254.223245	45.490128	0.000000	-420.000000	0	7.538756	0.076336	0.042342	213.324911	-352.846430	-254.308271	167.834783	352.846430	165.691729	352.280677	165.776755	182.606703	0	0	1	0	0
mka	2	58.500000	47	3	25	8.000000	25.000000	0.215421	3.203159	1168.739940	-420.000000	0.000000	36.000000	1215.474037	0.000000	0.000000	0.000000	0	15.609418	424.387566	209.613709	-353.436962	-254.416936	216.966328	-352.262615	-254.252234	45.490128	0.000000	-420.000000	0	7.447631	0.091124	0.021278	213.290018	-352.849788	-254.334585	167.799891	352.849788	165.665415	352.262615	165.747766	182.583064	0	0	1	0	0
mka	2	58.500000	47	3	25	8.000000	25.000000	0.215421	3.203159	1215.699450	-420.000000	0.000000	37.000000	1262.934418	0.000000	0.000000	0.000000	0	15.560028	424.407341	209.751496	-353.401584	-254.358095	216.888717	-352.279356	-254.231033	45.490128	0.000000	-420.000000	0	7.226027	0.221605	0.019775	213.320107	-352.840470	-254.294564	167.829979	352.840470	165.705436	352.279356	165.768967	182.641905	0	0	1	0	0
mka	2	58.500000	47	3	25	8.000000	25.000000	0.215421	3.203159	1263.146571	-420.000000	0.000000	38.000000	1309.931140	0.000000	0.000000	0.000000	0	15.494564	424.411285	209.825882	-353.300853	-254.134279	216.662120	-352.321445	-254.155785	45.490128	0.000000	-420.000000	0	6.906073	0.319953	0.003945	213.244001	-352.811149	-254.145032	167.753873	352.811149	165.854968	352.321445	165.844215	182.865721	0	0	1	0	0
mka	2	58.500000	47	3	25	8.000000	25.000000	0.215421	3.203159	1310.224990	-420.000000	0.000000	39.000000	1356.906048	0.000000	0.000000	0.000000	0	15.695520	424.219599	209.398303	-353.133669	-254.073349	216.386846	-352.323635	-254.136435	45.490128	0.000000	-420.000000	0	7.035614	0.129540	0.191687	212.892574	-352.728652	-254.104892	167.402447	352.728652	165.895108	352.323635	165.863565	182.926651	0	0	1	0	0
mka	2	58.500000	47	3	25	8.000000	25.000000	0.215421	3.203159	1357.121196	-420.000000	0.000000	40.000000	1404.016119	0.000000	0.000000	0.000000	0	15.877308	424.021727	208.960009	-352.931065	-253.821407	215.905757	-352.322891	-254.041542	45.490128	0.000000	-420.000000	0	6.975798	0.059816	0.197872	212.432883	-352.626978	-253.931474	166.942756	352.626978	166.068526	352.322891	165.958458	183.178593	0	0	1	0	0
mka	2	58.500000	47	3	25	8.000000	25.000000	0.215421	3.203159	1404.226989	-420.000000	0.000000	41.000000	1451.094965	0.000000	0.000000	0.000000	0	15.726062	424.139170	209.132582	-352.968681	-253.794082	216.013965	-352.365622	-253.922078	45.490128	0.000000	-420.000000	0	6.908943	0.066855	0.117443	212.573274	-352.667152	-253.858080	167.083146	352.667152	166.141920	352.365622	166.077922	183.205918	0	0	1	0	0
mka	2	58.500000	47	3	25	8.000000	25.000000	0.215421	3.203159	1451.308402	-420.000000	0.000000	42.000000	1497.935138	0.000000	0.000000	0.000000	0	16.509040	423.982407	208.122648	-353.277999	-254.098537	215.201493	-352.775537	-254.117990	45.490128	0.000000	-420.000000	0	7.096682	0.187738	0.156762	211.662070	-353.026768	-254.108263	166.171943	353.026768	165.891737	352.775537	165.882010	182.901463	0	0	1	0	0
mka	2	58.500000	47	3	25	8.000000	25.000000	0.215421	3.203159	1498.145581	-420.000000	0.000000	43.000000	1545.496463	0.000000	0.000000	0.000000	0	18.448923	423.590792	206.283036	-354.230168	-254.854938	212.971783	-353.461561	-254.804534	45.490128	0.000000	-420.000000	0	6.732951	0.363731	0.391616	209.627409	-353.845864	-254.829736	164.137282	353.845864	165.170264	353.461561	165.195466	182.145062	0	0	1	0	0
mka	2	58.500000	47	3	25	8.000000	25.000000	0.215421	3.203159	1545.708189	-420.000000	0.000000	44.000000	1592.810560	0.000000	0.000000	0.000000	0	19.745485	423.275133	205.832102	-354.692989	-255.748591	211.790456	-353.941389	-255.938330	45.490128	0.000000	-420.000000	0	6.008568	0.724384	0.315659	208.811279	-354.317189	-255.843461	163.321152	354.317189	164.156539	353.941389	164.061670	181.251409	0	0	1	0	0
mka	2	58.500000	47	3	25	8.000000	25.000000	0.215421	3.203159	1593.022286	-420.000000	0.000000	45.000000	1639.713610	0.000000	0.000000	0.000000	0	20.667363	423.211601	206.136341	-355.355283	-257.208290	211.805097	-354.299136	-257.339368	45.490128	0.000000	-420.000000	0	5.767792	0.240775	0.063532	208.970719	-354.827210	-257.273829	163.480592	354.827210	162.726171	354.299136	162.660632	179.791710	0	0	1	0	0
mka	2	58.500000	47	3	25	8.000000	25.000000	0.215421	3.203159	1639.925336	-420.000000	0.000000	46.000000	1686.324948	0.000000	0.000000	0.000000	1	20.667363	423.211601	206.136341	-355.355283	-257.208290	211.805097	-354.299136	-257.339368	45.490128	0.000000	-420.000000	0	5.767792	0.000000	0.000000	208.970719	-354.827210	-257.273829	163.480592	354.827210	162.726171	354.299136	162.660632	179.791710	0	0	1	0	0
mka	2	58.500000	47	3	25	8.000000	25.000000	0.215421	3.203159	1686.533680	-420.000000	0.000000	47.000000	1733.724164	0.000000	0.000000	0.000000	1	20.667363	423.211601	206.136341	-355.355283	-257.208290	211.805097	-354.299136	-257.339368	45.490128	0.000000	-420.000000	0	5.767792	0.000000	0.000000	208.970719	-354.827210	-257.273829	163.480592	354.827210	162.726171	354.299136	162.660632	179.791710	0	0	1	0	0
mka	2	58.500000	47	3	25	8.000000	25.000000	0.215421	3.203159	1733.932468	-420.000000	0.000000	48.000000	1780.933039	0.000000	0.000000	0.000000	1	20.667363	423.211601	206.136341	-355.355283	-257.208290	211.805097	-354.299136	-257.339368	45.490128	0.000000	-420.000000	0	5.767792	0.000000	0.000000	208.970719	-354.827210	-257.273829	163.480592	354.827210	162.726171	354.299136	162.660632	179.791710	0	0	1	0	0
mka	2	58.500000	47	3	25	8.000000	25.000000	0.215421	3.203159	1781.214913	-420.000000	0.000000	49.000000	1828.330544	1816.876817	0.000000	0.000000	0	117.993749	316.687227	179.616770	-264.714920	-308.996030	182.336591	-254.805241	-290.513688	45.490128	0.000000	-420.000000	0	21.147013	15.379221	106.524374	180.976681	-259.760081	-299.754859	135.486553	259.760081	120.245141	254.805241	129.486312	128.003970	0	0	1	0	0
mka	2	58.500000	47	3	25	8.000000	25.000000	0.215421	3.203159	1828.570928	-420.000000	0.000000	50.000000	1875.039832	1816.876817	0.000000	0.000000	0	168.870520	265.809302	164.910633	-218.872039	-329.771073	165.502266	-207.409755	-301.484630	45.490128	0.000000	-420.000000	0	30.526330	9.379317	50.877925	165.206450	-213.140897	-315.627851	119.716322	213.140897	104.372149	207.409755	118.515370	107.228927	0	0	1	0	0
mka	2	58.500000	47	3	25	8.000000	25.000000	0.215421	3.203159	1875.255408	-420.000000	0.000000	51.000000	1922.039121	1816.876817	0.000000	0.000000	0	217.582355	217.486621	148.896829	-174.799826	-347.515251	147.024165	-163.916207	-312.283570	45.490128	0.000000	-420.000000	0	36.921964	6.395634	48.322681	147.960497	-169.358016	-329.899410	102.470369	169.358016	90.100590	163.916207	107.716430	89.484749	0	0	0	0	0
mka	2	58.500000	47	3	25	8.000000	25.000000	0.215421	3.203159	1922.253413	-420.000000	0.000000	52.000000	1969.307451	1816.876817	0.000000	0.000000	0	263.159647	172.531295	134.355878	-135.538971	-368.356049	129.834885	-125.225272	-326.494647	45.490128	0.000000	-420.000000	0	43.349610	6.427647	44.955326	132.095381	-130.382122	-347.425348	86.605254	130.382122	72.574652	125.225272	93.505353	68.643951	0	0	0	0	0
mka	2	58.500000	47	3	25	8.000000	25.000000	0.215421	3.203159	1969.544413	-420.000000	0.000000	53.000000	2015.669424	1816.876817	0.000000	0.000000	0	304.188956	131.712317	119.111521	-102.708500	-390.576067	112.057274	-92.185429	-340.998531	45.490128	0.000000	-420.000000	0	51.170592	7.820982	40.818978	115.584397	-97.446964	-365.787299	70.094270	97.446964	54.212701	92.185429	79.001469	46.423933	0	0	0	0	0
mka	2	58.500000	47	3	25	8.000000	25.000000	0.215421	3.203159	2015.884144	-420.000000	0.000000	54.000000	2063.102430	1816.876817	0.000000	0.000000	0	340.586300	95.258995	103.410994	-75.949618	-412.699968	94.950692	-64.573434	-356.450859	45.490128	0.000000	-420.000000	0	58.008245	6.837653	36.453322	99.180843	-70.261526	-384.575414	53.690715	70.261526	35.424586	64.573434	63.549141	24.300032	0	0	0	0	0
mka	2	58.500000	47	3	25	8.000000	25.000000	0.215421	3.203159	2063.320999	-420.000000	0.000000	55.000000	2109.996925	1816.876817	0.000000	0.000000	0	371.052783	64.556572	88.416937	-55.617993	-433.150866	76.436846	-43.645257	-369.974848	45.490128	0.000000	-420.000000	0	65.407020	7.398774	30.702423	82.426892	-49.631625	-401.562857	36.936764	49.631625	18.437143	43.645257	50.025152	3.849134	0	0	0	0	0
mka	2	58.500000	47	3	25	8.000000	25.000000	0.215421	3.203159	2110.213783	-420.000000	0.000000	56.000000	2157.063367	1816.876817	0.000000	0.000000	0	395.454330	40.814930	74.896187	-41.170637	-450.502404	59.388586	-27.413891	-380.315265	45.490128	0.000000	-420.000000	0	73.184481	7.777461	23.741642	67.142386	-34.292264	-415.408835	21.652259	34.292264	4.591165	27.413891	39.684735	13.502404	0	0	0	0	0
mka	2	58.500000	47	3	25	8.000000	25.000000	0.215421	3.203159	2157.292630	-420.000000	0.000000	57.000000	2204.321859	1816.876817	0.000000	0.000000	0	414.673633	24.696010	65.248111	-29.118915	-463.230818	48.677604	-13.081858	-388.265806	45.490128	0.000000	-420.000000	0	78.431638	5.247157	16.118920	56.962857	-21.100387	-425.748312	11.472730	21.100387	5.748312	13.081858	31.734194	26.230818	0	0	0	0	0
mka	2	58.500000	47	3	25	8.000000	25.000000	0.215421	3.203159	2204.534868	-420.000000	0.000000	58.000000	2251.177431	1816.876817	0.000000	0.000000	0	428.423031	18.063956	55.461741	-21.783576	-470.236868	39.553847	-3.415670	-395.335383	45.490128	0.000000	-420.000000	0	78.744356	0.312718	6.632055	47.507794	-12.599623	-432.786126	2.017667	12.599623	12.786126	3.415670	24.664617	33.236868	0	1	0	0	0
mka	2	58.500000	47	3	25	8.000000	25.000000	0.215421	3.203159	2251.394717	-420.000000	0.000000	59.000000	2298.270392	1816.876817	0.000000	0.000000	0	437.926688	19.919226	48.589931	-16.397209	-474.636584	31.855628	1.923308	-400.953143	45.490128	0.000000	-420.000000	0	77.749133	0.995223	1.855270	40.222779	-7.236951	-437.794863	5.267348	7.236951	17.794863	1.923308	19.046857	37.636584	0	1	0	0	0
mka	2	58.500000	47	3	25	8.000000	25.000000	0.215421	3.203159	2298.486395	-420.000000	0.000000	60.000000	2344.643486	1816.876817	0.000000	0.000000	0	443.492059	24.257802	40.224651	-14.240022	-474.435996	24.536428	3.333007	-404.900446	45.490128	0.000000	-420.000000	0	73.417467	4.331666	4.338576	32.380539	-5.453507	-439.668221	13.109588	5.453507	19.668221	3.333007	15.099554	37.435996	0	1	0	0	0
mka	2	58.500000	47	3	25	8.000000	25.000000	0.215421	3.203159	2344.856495	-420.000000	0.000000	61.000000	2392.541433	1816.876817	2380.689491	0.000000	0	446.989737	28.667028	32.178783	-13.569580	-471.712273	19.591934	3.633193	-408.921141	45.490128	0.000000	-420.000000	0	66.310561	7.106906	4.409226	25.885358	-4.968194	-440.316707	19.604769	4.968194	20.316707	3.633193	11.078859	34.712273	0	1	0	1	0
mka	2	58.500000	47	3	25	8.000000	25.000000	0.215421	3.203159	2392.757008	-420.000000	0.000000	62.000000	2439.445338	1816.876817	2380.689491	0.000000	0	447.688349	31.385316	29.396375	-12.699073	-467.829472	20.178109	0.485308	-417.739576	45.490128	0.000000	-420.000000	0	52.609904	13.700657	2.718288	24.787242	-6.106883	-442.784524	20.702886	6.106883	22.784524	0.485308	2.260424	30.829472	0	1	0	1	0
mka	2	58.500000	47	3	25	8.000000	25.000000	0.215421	3.203159	2439.672462	-420.000000	0.000000	63.000000	2486.332134	1816.876817	2380.689491	0.000000	0	447.434618	32.277163	25.230357	-12.860835	-462.344515	21.771728	-1.216760	-422.766490	45.490128	0.000000	-420.000000	0	41.400081	11.209823	0.891847	23.501043	-7.038797	-442.555503	21.989085	7.038797	22.555503	1.216760	2.766490	25.344515	0	1	0	1	0
mka	2	58.500000	47	3	25	8.000000	25.000000	0.215421	3.203159	2486.547282	-420.000000	0.000000	64.000000	2532.926791	1816.876817	2380.689491	0.000000	0	446.412813	31.080551	25.482859	-12.419060	-458.273668	22.907257	-2.195182	-424.580815	45.490128	0.000000	-420.000000	0	35.303962	6.096118	1.196611	24.195058	-7.307121	-441.427242	21.295069	7.307121	21.427242	2.195182	4.580815	21.273668	0	1	0	1	0
mka	2	58.500000	47	3	25	8.000000	25.000000	0.215421	3.203159	2533.141939	-420.000000	0.000000	65.000000	2580.447054	1816.876817	2380.689491	0.000000	0	446.273750	28.245657	26.678184	-10.538181	-454.376733	24.729911	-0.400468	-424.426086	45.490128	0.000000	-420.000000	0	31.679808	3.624154	2.834894	25.704048	-5.469324	-439.401409	19.786080	5.469324	19.401409	0.400468	4.426086	17.376733	0	1	0	1	0
mka	2	58.500000	47	3	25	8.000000	25.000000	0.215421	3.203159	2580.671184	-420.000000	0.000000	66.000000	2627.175590	1816.876817	2380.689491	0.000000	0	446.515772	24.504378	27.866233	-9.322307	-450.103379	27.677509	4.303169	-423.376764	45.490128	0.000000	-420.000000	0	30.000020	1.679788	3.741279	27.771871	-2.509569	-436.740072	17.718256	2.509569	16.740072	4.303169	3.376764	13.103379	0	1	0	1	0
mka	2	58.500000	47	3	25	8.000000	25.000000	0.215421	3.203159	2627.389027	-420.000000	0.000000	67.000000	2673.860498	1816.876817	2380.689491	0.000000	0	446.234959	22.447955	29.804314	-7.811954	-447.076847	28.470867	5.154363	-423.565576	45.490128	0.000000	-420.000000	0	26.882770	3.117250	2.056423	29.137591	-1.328795	-435.321212	16.352537	1.328795	15.321212	5.154363	3.565576	10.076847	0	1	0	1	0
mka	2	58.500000	47	3	25	8.000000	25.000000	0.215421	3.203159	2674.076073	-420.000000	0.000000	68.000000	2720.897854	1816.876817	2380.689491	0.000000	0	446.338319	22.191057	29.840156	-7.329204	-446.575929	29.015840	5.299705	-423.980333	45.490128	0.000000	-420.000000	0	25.898451	0.984319	0.256898	29.427998	-1.014750	-435.278131	16.062130	1.014750	15.278131	5.299705	3.980333	9.575929	0	1	0	1	0
mka	2	58.500000	47	3	25	8.000000	25.000000	0.215421	3.203159	2721.112147	-420.000000	0.000000	69.000000	2768.405285	1816.876817	2380.689491	0.000000	0	446.403285	22.230369	29.896009	-7.445105	-446.368586	28.667219	5.522374	-423.999106	45.490128	0.000000	-420.000000	0	25.885499	0.012952	0.039312	29.281614	-0.961365	-435.183846	16.208514	0.961365	15.183846	5.522374	3.999106	9.368586	0	1	0	1	0
mka	2	58.500000	47	3	25	8.000000	25.000000	0.215421	3.203159	2768.671333	-420.000000	0.000000	70.000000	2815.365651	1816.876817	2380.689491	0.000000	0	446.077532	22.125690	30.124233	-7.829873	-446.356903	28.790793	5.264930	-424.031035	45.490128	0.000000	-420.000000	0	25.917104	0.031605	0.104679	29.457513	-1.282471	-435.193969	16.032615	1.282471	15.193969	5.264930	4.031035	9.356903	0	1	0	1	0
mka	2	58.500000	47	3	25	8.000000	25.000000	0.215421	3.203159	2815.594913	-420.000000	0.000000	71.000000	2862.462034	1816.876817	2380.689491	0.000000	0	445.842396	22.197812	30.011613	-8.127641	-446.310148	28.747236	4.891905	-424.058954	45.490128	0.000000	-420.000000	0	25.811293	0.105811	0.072122	29.379424	-1.617868	-435.184551	16.110703	1.617868	15.184551	4.891905	4.058954	9.310148	0	1	0	1	0
mka	2	58.500000	47	3	25	8.000000	25.000000	0.215421	3.203159	2862.677609	-420.000000	0.000000	72.000000	2909.555850	1816.876817	2380.689491	0.000000	0	445.595870	22.209110	29.939073	-8.471840	-446.373180	28.880732	4.630492	-424.022999	45.490128	0.000000	-420.000000	0	25.929169	0.117876	0.011298	29.409903	-1.920674	-435.198090	16.080225	1.920674	15.198090	4.630492	4.022999	9.373180	0	1	0	1	0
mka	2	58.500000	47	3	25	8.000000	25.000000	0.215421	3.203159	2909.770570	-420.000000	0.000000	73.000000	2956.602617	1816.876817	2380.689491	0.000000	0	445.658497	22.192983	29.972958	-8.397426	-446.347484	28.878798	4.727944	-424.056601	45.490128	0.000000	-420.000000	0	25.891234	0.037934	0.016127	29.425878	-1.834741	-435.202043	16.064250	1.834741	15.202043	4.727944	4.056601	9.347484	0	1	0	1	0
mka	2	58.500000	47	3	25	8.000000	25.000000	0.215421	3.203159	2956.816909	-420.000000	0.000000	74.000000	3003.604472	1816.876817	2380.689491	0.000000	0	445.705583	22.204488	29.837119	-8.311760	-446.348428	29.011549	4.737019	-424.097252	45.490128	0.000000	-420.000000	0	25.808274	0.082961	0.011505	29.424334	-1.787370	-435.222840	16.065794	1.787370	15.222840	4.737019	4.097252	9.348428	0	1	0	1	0
mka	2	58.500000	47	3	25	8.000000	25.000000	0.215421	3.203159	3003.818764	-420.000000	0.000000	75.000000	3050.749616	1816.876817	2380.689491	0.000000	0	445.843236	22.275234	29.756445	-8.322819	-446.280902	28.874301	4.975755	-424.166605	45.490128	0.000000	-420.000000	0	25.820000	0.011726	0.070746	29.315373	-1.673532	-435.223754	16.174754	1.673532	15.223754	4.975755	4.166605	9.280902	0	1	0	1	0
mka	2	58.500000	47	3	25	8.000000	25.000000	0.215421	3.203159	3050.964764	-420.000000	0.000000	76.000000	3097.822047	1816.876817	2380.689491	0.000000	0	445.797292	22.244247	29.633161	-8.303227	-446.289019	29.126616	4.889561	-424.197269	45.490128	0.000000	-420.000000	0	25.736194	0.083806	0.030988	29.379889	-1.706833	-435.243144	16.110239	1.706833	15.243144	4.889561	4.197269	9.289019	0	1	0	1	0
mka	2	58.500000	47	3	25	8.000000	25.000000	0.215421	3.203159	3098.036767	-420.000000	0.000000	77.000000	3144.617736	1816.876817	2380.689491	0.000000	0	445.784387	22.259951	29.761416	-8.392789	-446.302598	28.901016	4.927449	-424.120609	45.490128	0.000000	-420.000000	0	25.888408	0.152215	0.015705	29.331216	-1.732670	-435.211603	16.158911	1.732670	15.211603	4.927449	4.120609	9.302598	0	1	0	1	0
mka	2	58.500000	47	3	25	8.000000	25.000000	0.215421	3.203159	3144.832884	-420.000000	0.000000	78.000000	3192.077689	1816.876817	2380.689491	0.000000	0	445.635037	22.142969	30.036986	-8.491876	-446.287678	28.946113	4.838236	-424.110959	45.490128	0.000000	-420.000000	0	25.897660	0.009251	0.116983	29.491549	-1.826820	-435.199318	15.998578	1.826820	15.199318	4.838236	4.110959	9.287678	0	1	0	1	0
mka	2	58.500000	47	3	25	8.000000	25.000000	0.215421	3.203159	3192.291554	-420.000000	0.000000	79.000000	3238.752332	1816.876817	2380.689491	0.000000	0	445.718152	22.185547	30.084167	-8.489331	-446.334409	28.843650	4.970920	-424.146009	45.490128	0.000000	-420.000000	0	25.981577	0.083918	0.042578	29.463908	-1.759206	-435.240209	16.026219	1.759206	15.240209	4.970920	4.146009	9.334409	0	1	0	1	0
mka	2	58.500000	47	3	25	8.000000	25.000000	0.215421	3.203159	3238.970473	-420.000000	0.000000	80.000000	3286.212284	1816.876817	2380.689491	0.000000	0	445.662878	22.090895	30.089792	-8.379224	-446.342330	29.167726	4.863655	-424.208272	45.490128	0.000000	-420.000000	0	25.809700	0.171877	0.094652	29.628759	-1.757785	-435.275301	15.861369	1.757785	15.275301	4.863655	4.208272	9.342330	0	1	0	1	0
mka	2	58.500000	47	3	25	8.000000	25.000000	0.215421	3.203159	3286.429999	-420.000000	0.000000	81.000000	3333.175644	1816.876817	2380.689491	0.000000	0	445.671853	22.074984	30.061019	-8.307389	-446.348268	29.268396	4.835653	-424.235895	45.490128	0.000000	-420.000000	0	25.735673	0.074027	0.015911	29.664707	-1.735868	-435.292082	15.825420	1.735868	15.292082	4.835653	4.235895	9.348268	0	1	0	1	0
mka	2	58.500000	47	3	25	8.000000	25.000000	0.215421	3.203159	3333.399346	-420.000000	0.000000	82.000000	3380.035065	1816.876817	2380.689491	0.000000	0	445.807089	22.275179	29.762403	-8.370087	-446.336657	28.992587	4.933322	-424.232206	45.490128	0.000000	-420.000000	0	25.810464	0.074791	0.200195	29.377495	-1.718382	-435.284432	16.112633	1.718382	15.284432	4.933322	4.232206	9.336657	0	1	0	1	0
mka	2	58.500000	47	3	25	8.000000	25.000000	0.215421	3.203159	3380.257912	-420.000000	0.000000	83.000000	3427.327348	1816.876817	2380.689491	0.000000	0	445.657703	22.214606	29.852428	-8.475871	-446.322323	29.060021	4.770520	-424.204405	45.490128	0.000000	-420.000000	0	25.793353	0.017110	0.060573	29.456224	-1.852676	-435.263364	16.033903	1.852676	15.263364	4.770520	4.204405	9.322323	0	1	0	1	0
mka	2	58.500000	47	3	25	8.000000	25.000000	0.215421	3.203159	3427.542496	-420.000000	0.000000	84.000000	3474.484469	1816.876817	2380.689491	0.000000	0	445.572215	22.124817	29.999573	-8.389139	-446.353006	29.114019	4.610439	-424.114473	45.490128	0.000000	-420.000000	0	25.774515	0.018839	0.089790	29.556796	-1.889350	-435.233739	15.933331	1.889350	15.233739	4.610439	4.114473	9.353006	0	1	0	1	0
mka	2	58.500000	47	3	25	8.000000	25.000000	0.215421	3.203159	3474.721003	-420.000000	0.000000	85.000000	3509.995813	1816.876817	2380.689491	3509.991963	0	445.482856	22.064089	  29.923973   -8.285688 -446.378716	  29.378156    4.381813 -424.093440	45.490128	0.000000	-420.000000	0	25.639754	0.134761	0.060727	0
