subjName	sessionNR	IOD	trialN	textureType	texnum	visualAngle	simulatedDepth	light_intensity	ambient_intensity	time	displayDistance	isRotated	frameN	timTote	startTime	touchTime	endTime	fingersOccluded	distanceToHome	distanceToObject	indexXraw	indexYraw	indexZraw	thumbXraw	thumbYraw	thumbZraw	targetX	targetY	targetZ	failCause	gripAperture	gripApertureVel	distFromObjVel	gripOriginX	gripOriginY	gripOriginZ	distFromObjX	distFromObjY	distFromObjZ	y_dist_thm	z_dist_thm	z_dist_ind	handOnObj	handnearObj	handfarObj	handTouchObj	framesOccluded
mka	3	58.500000	34	1	30	8.000000	25.000000	0.797809	1.787603	918.585985	-420.000000	0.000000	30.000000	965.682167	0.000000	0.000000	0.000000	0	7.271850	436.708243	228.958724	-353.464147	-250.824608	229.274080	-360.561820	-245.466313	45.481339	0.000000	-420.000000	0	8.898749	0.039515	0.027219	229.116402	-357.012984	-248.145461	183.635063	357.012984	171.854539	360.561820	174.533687	186.175392	0	0	1	0	0
mka	3	58.500000	34	1	30	8.000000	25.000000	0.797809	1.787603	965.999541	-420.000000	0.000000	31.000000	1012.514441	0.000000	0.000000	0.000000	0	7.175763	436.897452	228.999080	-353.460510	-250.771516	229.846265	-360.556186	-245.193550	45.481339	0.000000	-420.000000	0	9.065322	0.166572	0.189209	229.422673	-357.008348	-247.982533	183.941334	357.008348	172.017467	360.556186	174.806450	186.228484	0	0	1	0	0
mka	3	58.500000	34	1	30	8.000000	25.000000	0.797809	1.787603	1012.752257	-420.000000	0.000000	32.000000	1059.467762	0.000000	0.000000	0.000000	0	7.154179	436.992887	229.006185	-353.482243	-250.766246	230.186304	-360.526139	-245.068144	45.481339	0.000000	-420.000000	0	9.136602	0.071281	0.095434	229.596245	-357.004191	-247.917195	184.114906	357.004191	172.082805	360.526139	174.931856	186.233754	0	0	1	0	0
mka	3	58.500000	34	1	30	8.000000	25.000000	0.797809	1.787603	1059.685903	-420.000000	0.000000	33.000000	1106.495935	0.000000	0.000000	0.000000	0	7.142223	436.933925	229.030729	-353.475658	-250.745365	229.985928	-360.490257	-245.112281	45.481339	0.000000	-420.000000	0	9.047024	0.089578	0.058961	229.508329	-356.982958	-247.928823	184.026990	356.982958	172.071177	360.490257	174.887719	186.254635	0	0	1	0	0
mka	3	58.500000	34	1	30	8.000000	25.000000	0.797809	1.787603	1106.713648	-420.000000	0.000000	34.000000	1153.475347	0.000000	0.000000	0.000000	0	7.135404	436.911169	229.060171	-353.484471	-250.740604	229.902638	-360.454007	-245.118098	45.481339	0.000000	-420.000000	0	8.994262	0.052762	0.022756	229.481405	-356.969239	-247.929351	184.000066	356.969239	172.070649	360.454007	174.881902	186.259396	0	0	1	0	0
mka	3	58.500000	34	1	30	8.000000	25.000000	0.797809	1.787603	1153.693488	-420.000000	0.000000	35.000000	1200.454332	0.000000	0.000000	0.000000	0	7.111714	436.911980	228.987518	-353.462171	-250.720809	230.018426	-360.428730	-245.081215	45.481339	0.000000	-420.000000	0	9.022236	0.027973	0.000810	229.502972	-356.945451	-247.901012	184.021634	356.945451	172.098988	360.428730	174.918785	186.279191	0	0	1	0	0
mka	3	58.500000	34	1	30	8.000000	25.000000	0.797809	1.787603	1200.673756	-420.000000	0.000000	36.000000	1248.103992	0.000000	0.000000	0.000000	0	7.132510	436.941421	229.059676	-353.474973	-250.737169	230.063919	-360.433122	-245.076848	45.481339	0.000000	-420.000000	0	9.025717	0.003481	0.029441	229.561798	-356.954048	-247.907009	184.080459	356.954048	172.092991	360.433122	174.923152	186.262831	0	0	1	0	0
mka	3	58.500000	34	1	30	8.000000	25.000000	0.797809	1.787603	1248.332826	-420.000000	0.000000	37.000000	1295.292563	0.000000	0.000000	0.000000	0	7.148971	436.956025	229.156119	-353.497777	-250.753176	230.010922	-360.433939	-245.082151	45.481339	0.000000	-420.000000	0	9.000087	0.025630	0.014604	229.583521	-356.965858	-247.917663	184.102182	356.965858	172.082337	360.433939	174.917849	186.246824	0	0	1	0	0
mka	3	58.500000	34	1	30	8.000000	25.000000	0.797809	1.787603	1295.510276	-420.000000	0.000000	38.000000	1342.261282	0.000000	0.000000	0.000000	0	7.097479	436.932622	229.121974	-353.497946	-250.726203	229.868105	-360.438058	-245.047595	45.481339	0.000000	-420.000000	0	8.998247	0.001839	0.023403	229.495039	-356.968002	-247.886899	184.013701	356.968002	172.113101	360.438058	174.952405	186.273797	0	0	1	0	0
mka	3	58.500000	34	1	30	8.000000	25.000000	0.797809	1.787603	1342.579511	-420.000000	0.000000	39.000000	1389.089279	0.000000	0.000000	0.000000	0	7.049248	436.815321	229.034168	-353.533499	-250.692049	229.418839	-360.403753	-245.106038	45.481339	0.000000	-420.000000	0	8.862950	0.135298	0.117301	229.226503	-356.968626	-247.899044	183.745165	356.968626	172.100956	360.403753	174.893962	186.307951	0	0	1	0	0
mka	3	58.500000	34	1	30	8.000000	25.000000	0.797809	1.787603	1389.311269	-420.000000	0.000000	40.000000	1435.893323	0.000000	0.000000	0.000000	0	7.020685	436.822402	229.106734	-353.531059	-250.666800	229.361725	-360.386391	-245.070771	45.481339	0.000000	-420.000000	0	8.853029	0.009921	0.007081	229.234229	-356.958725	-247.868785	183.752891	356.958725	172.131215	360.386391	174.929229	186.333200	0	0	1	0	0
mka	3	58.500000	34	1	30	8.000000	25.000000	0.797809	1.787603	1436.111464	-420.000000	0.000000	41.000000	1483.458294	0.000000	0.000000	0.000000	0	7.038876	436.827449	229.127802	-353.514415	-250.687153	229.402056	-360.395625	-245.074988	45.481339	0.000000	-420.000000	0	8.883843	0.030814	0.005047	229.264929	-356.955020	-247.881070	183.783590	356.955020	172.118930	360.395625	174.925012	186.312847	0	0	1	0	0
mka	3	58.500000	34	1	30	8.000000	25.000000	0.797809	1.787603	1483.714075	-420.000000	0.000000	42.000000	1530.303400	0.000000	0.000000	0.000000	0	7.130256	436.831235	229.329047	-353.560879	-250.757798	229.310708	-360.379667	-245.165794	45.481339	0.000000	-420.000000	0	8.818544	0.065300	0.003786	229.319877	-356.970273	-247.961796	183.838539	356.970273	172.038204	360.379667	174.834206	186.242202	0	0	1	0	0
mka	3	58.500000	34	1	30	8.000000	25.000000	0.797809	1.787603	1530.521968	-420.000000	0.000000	43.000000	1589.028627	0.000000	0.000000	0.000000	0	7.087786	436.770413	229.278672	-353.548315	-250.760649	229.144271	-360.337093	-245.125778	45.481339	0.000000	-420.000000	0	8.823681	0.005138	0.060822	229.211472	-356.942704	-247.943213	183.730133	356.942704	172.056787	360.337093	174.874222	186.239351	0	0	1	0	0
mka	3	58.500000	34	1	30	8.000000	25.000000	0.797809	1.787603	1589.248051	-420.000000	0.000000	44.000000	1636.294617	0.000000	0.000000	0.000000	0	6.965553	436.569062	228.826018	-353.424366	-250.754718	228.853755	-360.299491	-245.025858	45.481339	0.000000	-420.000000	0	8.949186	0.125505	0.201351	228.839886	-356.861928	-247.890288	183.358548	356.861928	172.109712	360.299491	174.974142	186.245282	0	0	1	0	0
mka	3	58.500000	34	1	30	8.000000	25.000000	0.797809	1.787603	1636.516179	-420.000000	0.000000	45.000000	1683.515695	0.000000	0.000000	0.000000	0	6.847052	436.589079	228.407600	-353.276653	-250.746639	229.377957	-360.320442	-244.782381	45.481339	0.000000	-420.000000	0	9.280568	0.331381	0.020017	228.892779	-356.798547	-247.764510	183.411440	356.798547	172.235490	360.320442	175.217619	186.253361	0	0	1	0	0
mka	3	58.500000	34	1	30	8.000000	25.000000	0.797809	1.787603	1683.732980	-420.000000	0.000000	46.000000	1730.590490	0.000000	0.000000	0.000000	0	6.958291	436.629162	229.069462	-353.309429	-250.959901	229.016692	-360.314348	-244.741453	45.481339	0.000000	-420.000000	0	9.367005	0.086437	0.040083	229.043077	-356.811888	-247.850677	183.561738	356.811888	172.149323	360.314348	175.258547	186.040099	0	0	1	0	0
mka	3	58.500000	34	1	30	8.000000	25.000000	0.797809	1.787603	1730.809059	-420.000000	0.000000	47.000000	1777.576318	0.000000	0.000000	0.000000	0	7.089960	436.570768	228.915865	-353.285116	-251.173739	228.830988	-360.522902	-244.844252	45.481339	0.000000	-420.000000	0	9.615361	0.248356	0.058394	228.873427	-356.904009	-248.008995	183.392088	356.904009	171.991005	360.522902	175.155748	185.826261	0	0	1	0	0
mka	3	58.500000	34	1	30	8.000000	25.000000	0.797809	1.787603	1777.794887	-420.000000	0.000000	48.000000	1824.734093	0.000000	0.000000	0.000000	0	7.283976	436.011947	228.287608	-353.108128	-251.423664	227.268210	-360.724664	-245.152024	45.481339	0.000000	-420.000000	0	9.918884	0.303523	0.558821	227.777909	-356.916396	-248.287844	182.296571	356.916396	171.712156	360.724664	174.847976	185.576336	0	0	1	0	0
mka	3	58.500000	34	1	30	8.000000	25.000000	0.797809	1.787603	1825.041201	-420.000000	0.000000	49.000000	1871.664316	0.000000	0.000000	0.000000	0	7.215632	435.686776	227.321122	-352.616119	-251.511895	227.116906	-360.912012	-244.896571	45.481339	0.000000	-420.000000	0	10.612542	0.693658	0.325171	227.219014	-356.764066	-248.204233	181.737675	356.764066	171.795767	360.912012	175.103429	185.488105	0	0	1	0	0
mka	3	58.500000	34	1	30	8.000000	25.000000	0.797809	1.787603	1871.886734	-420.000000	0.000000	50.000000	1918.650144	0.000000	0.000000	0.000000	0	6.802918	435.701025	226.913362	-352.269789	-251.206205	227.457245	-360.928742	-244.375348	45.481339	0.000000	-420.000000	0	11.042367	0.429825	0.014249	227.185303	-356.599265	-247.790776	181.703965	356.599265	172.209224	360.928742	175.624652	185.793795	0	0	1	0	0
mka	3	58.500000	34	1	30	8.000000	25.000000	0.797809	1.787603	1918.868285	-420.000000	0.000000	51.000000	1965.724512	0.000000	0.000000	0.000000	0	6.806878	435.298739	225.955283	-351.630855	-251.210570	227.542722	-360.978851	-244.267279	45.481339	0.000000	-420.000000	0	11.752203	0.709836	0.402286	226.749002	-356.304853	-247.738925	181.267664	356.304853	172.261075	360.978851	175.732721	185.789430	0	0	1	0	0
mka	3	58.500000	34	1	30	8.000000	25.000000	0.797809	1.787603	1965.940514	-420.000000	0.000000	52.000000	2012.683821	0.000000	0.000000	0.000000	0	7.433138	434.700185	225.470695	-350.956288	-252.112833	227.268374	-361.114926	-244.478619	45.481339	0.000000	-420.000000	0	12.833971	1.081768	0.598555	226.369535	-356.035607	-248.295726	180.888196	356.035607	171.704274	361.114926	175.521381	184.887167	0	0	1	0	0
mka	3	58.500000	34	1	30	8.000000	25.000000	0.797809	1.787603	2012.910944	-420.000000	0.000000	53.000000	2059.627732	0.000000	0.000000	0.000000	1	7.433138	434.700185	225.470695	-350.956288	-252.112833	227.268374	-361.114926	-244.478619	45.481339	0.000000	-420.000000	0	12.833971	0.000000	0.000000	226.369535	-356.035607	-248.295726	180.888196	356.035607	171.704274	361.114926	175.521381	184.887167	0	0	1	0	0
mka	3	58.500000	34	1	30	8.000000	25.000000	0.797809	1.787603	2059.842879	-420.000000	0.000000	54.000000	2106.033562	0.000000	0.000000	0.000000	1	7.433138	434.700185	225.470695	-350.956288	-252.112833	227.268374	-361.114926	-244.478619	45.481339	0.000000	-420.000000	0	12.833971	0.000000	0.000000	226.369535	-356.035607	-248.295726	180.888196	356.035607	171.704274	361.114926	175.521381	184.887167	0	0	1	0	0
mka	3	58.500000	34	1	30	8.000000	25.000000	0.797809	1.787603	2106.248281	-420.000000	0.000000	55.000000	2154.623367	0.000000	0.000000	0.000000	1	7.433138	434.700185	225.470695	-350.956288	-252.112833	227.268374	-361.114926	-244.478619	45.481339	0.000000	-420.000000	0	12.833971	0.000000	0.000000	226.369535	-356.035607	-248.295726	180.888196	356.035607	171.704274	361.114926	175.521381	184.887167	0	0	1	0	0
mka	3	58.500000	34	1	30	8.000000	25.000000	0.797809	1.787603	2154.836803	-420.000000	0.000000	56.000000	2201.609623	2190.414720	0.000000	0.000000	0	100.941795	340.117274	196.448894	-263.122602	-280.337673	196.778023	-266.355100	-257.985788	45.481339	0.000000	-420.000000	0	22.586814	9.752843	94.582910	196.613458	-264.738851	-269.161730	151.132120	264.738851	150.838270	266.355100	162.014212	156.662327	0	0	1	0	0
mka	3	58.500000	34	1	30	8.000000	25.000000	0.797809	1.787603	2201.854283	-420.000000	0.000000	57.000000	2248.726763	2190.414720	0.000000	0.000000	0	146.192318	296.090269	181.256447	-223.205806	-296.845812	178.242623	-225.623351	-265.452219	45.481339	0.000000	-420.000000	0	31.630449	9.043636	44.027005	179.749535	-224.414579	-281.149016	134.268196	224.414579	138.850984	225.623351	154.547781	140.154188	0	0	1	0	0
mka	3	58.500000	34	1	30	8.000000	25.000000	0.797809	1.787603	2248.948754	-420.000000	0.000000	58.000000	2295.915334	2190.414720	0.000000	0.000000	0	192.063221	251.229350	164.618345	-184.594607	-316.746514	157.305804	-184.789522	-272.899919	45.481339	0.000000	-420.000000	0	44.452616	12.822167	44.860919	160.962074	-184.692064	-294.823216	115.480736	184.692064	125.176784	184.789522	147.100081	120.253486	0	0	1	0	0
mka	3	58.500000	34	1	30	8.000000	25.000000	0.797809	1.787603	2296.174109	-420.000000	0.000000	59.000000	2342.638110	2190.414720	0.000000	0.000000	0	238.142022	206.178672	150.115335	-144.800869	-340.606958	137.816311	-145.350530	-282.473771	45.481339	0.000000	-420.000000	0	59.422517	14.969900	45.050677	143.965823	-145.075700	-311.540364	98.484485	145.075700	108.459636	145.350530	137.526229	96.393042	0	0	0	0	0
mka	3	58.500000	34	1	30	8.000000	25.000000	0.797809	1.787603	2342.863950	-420.000000	0.000000	60.000000	2389.820692	2190.414720	0.000000	0.000000	0	279.958383	164.277258	138.242710	-110.828416	-366.742325	121.746521	-111.013505	-299.579074	45.481339	0.000000	-420.000000	0	69.159676	9.737159	41.901414	129.994616	-110.920960	-333.160699	84.513277	110.920960	86.839301	111.013505	120.420926	70.257675	0	0	0	0	0
mka	3	58.500000	34	1	30	8.000000	25.000000	0.797809	1.787603	2390.043111	-420.000000	0.000000	61.000000	2436.396758	2190.414720	0.000000	0.000000	0	317.295552	126.120928	125.934508	-82.965472	-393.972444	106.857895	-82.749037	-319.342972	45.481339	0.000000	-420.000000	0	77.029359	7.869682	38.156330	116.396202	-82.857255	-356.657708	70.914863	82.857255	63.342292	82.749037	100.657028	43.027556	0	0	0	0	0
mka	3	58.500000	34	1	30	8.000000	25.000000	0.797809	1.787603	2436.618321	-420.000000	0.000000	62.000000	2483.848809	2190.414720	0.000000	0.000000	0	349.335236	92.860372	113.159917	-62.497616	-420.270706	91.230427	-60.646413	-339.343308	45.481339	0.000000	-420.000000	0	83.866400	6.837042	33.260556	102.195172	-61.572015	-379.807007	56.713834	61.572015	40.192993	60.646413	80.656692	16.729294	0	0	0	0	0
mka	3	58.500000	34	1	30	8.000000	25.000000	0.797809	1.787603	2484.101595	-420.000000	0.000000	63.000000	2530.819666	2190.414720	0.000000	0.000000	0	377.196334	65.221883	102.743141	-44.234035	-443.088691	76.335913	-44.254471	-359.216951	45.481339	0.000000	-420.000000	0	87.930716	4.064315	27.638488	89.539527	-44.244253	-401.152821	44.058189	44.244253	18.847179	44.254471	60.783049	6.088691	0	0	0	0	0
mka	3	58.500000	34	1	30	8.000000	25.000000	0.797809	1.787603	2531.074592	-420.000000	0.000000	64.000000	2577.994978	2190.414720	0.000000	0.000000	0	398.786121	45.062836	92.188630	-30.599192	-458.294646	63.153364	-32.044352	-374.375513	45.481339	0.000000	-420.000000	0	88.811913	0.881198	20.159048	77.670997	-31.321772	-416.335080	32.189658	31.321772	3.664920	32.044352	45.624487	21.294646	0	0	0	0	0
mka	3	58.500000	34	1	30	8.000000	25.000000	0.797809	1.787603	2578.213118	-420.000000	0.000000	65.000000	2624.954287	2190.414720	0.000000	0.000000	0	415.124112	31.659267	82.488510	-20.649641	-468.661229	52.638315	-22.644661	-384.916997	45.481339	0.000000	-420.000000	0	88.927558	0.115645	13.403568	67.563413	-21.647151	-426.789113	22.082074	21.647151	6.789113	22.644661	35.083003	31.661229	0	0	0	0	0
mka	3	58.500000	34	1	30	8.000000	25.000000	0.797809	1.787603	2625.172000	-420.000000	0.000000	66.000000	2671.986309	2190.414720	0.000000	0.000000	0	427.417165	23.195101	73.114607	-13.402001	-473.679747	45.239149	-14.069567	-391.758267	45.481339	0.000000	-420.000000	0	86.536787	2.390771	8.464166	59.176878	-13.735784	-432.719007	13.695540	13.735784	12.719007	14.069567	28.241733	36.679747	0	1	0	0	0
mka	3	58.500000	34	1	30	8.000000	25.000000	0.797809	1.787603	2672.205733	-420.000000	0.000000	67.000000	2718.760412	2190.414720	0.000000	0.000000	0	436.535283	19.162850	64.798398	-7.550849	-474.475705	40.554492	-7.399646	-397.746396	45.481339	0.000000	-420.000000	0	80.468482	6.068305	4.032251	52.676445	-7.475248	-436.111050	7.195106	7.475248	16.111050	7.399646	22.253604	37.475705	0	1	0	0	0
mka	3	58.500000	34	1	30	8.000000	25.000000	0.797809	1.787603	2718.979409	-420.000000	0.000000	68.000000	2765.675666	2190.414720	0.000000	0.000000	0	443.778009	19.243122	57.481747	-2.523339	-474.402982	36.635536	-3.164406	-403.529709	45.481339	0.000000	-420.000000	0	73.878253	6.590229	0.080272	47.058641	-2.843873	-438.966345	1.577303	2.843873	18.966345	3.164406	16.470291	37.402982	0	1	0	0	0
mka	3	58.500000	34	1	30	8.000000	25.000000	0.797809	1.787603	2766.049071	-420.000000	0.000000	69.000000	2812.904015	2190.414720	2801.165043	0.000000	0	448.645883	20.991768	51.167270	-0.558264	-472.926573	33.292578	0.141730	-408.548202	45.481339	0.000000	-420.000000	0	66.817433	7.060820	1.748646	42.229924	-0.208267	-440.737388	3.251415	0.208267	20.737388	0.141730	11.451798	35.926573	0	1	0	1	0
mka	3	58.500000	34	1	30	8.000000	25.000000	0.797809	1.787603	2813.136699	-420.000000	0.000000	70.000000	2859.856480	2190.414720	2801.165043	0.000000	0	452.398839	23.020220	44.852661	1.336072	-470.027517	32.550402	2.699691	-413.785399	45.481339	0.000000	-420.000000	0	57.588028	9.229405	2.028452	38.701531	2.017882	-441.906458	6.779807	2.017882	21.906458	2.699691	6.214601	33.027517	0	1	0	1	0
mka	3	58.500000	34	1	30	8.000000	25.000000	0.797809	1.787603	2860.075477	-420.000000	0.000000	71.000000	2906.854713	2190.414720	2801.165043	0.000000	0	455.264486	24.980607	40.699699	2.934453	-467.770816	30.385669	4.164082	-417.513026	45.481339	0.000000	-420.000000	0	51.319944	6.268084	1.960387	35.542684	3.549267	-442.641921	9.938655	3.549267	22.641921	4.164082	2.486974	30.770816	0	1	0	1	0
mka	3	58.500000	34	1	30	8.000000	25.000000	0.797809	1.787603	2907.074992	-420.000000	0.000000	72.000000	2953.547548	2190.414720	2801.165043	0.000000	0	457.748561	26.531596	37.626726	5.104168	-465.795167	29.078556	5.543931	-420.181990	45.481339	0.000000	-420.000000	0	46.409337	4.910607	1.550989	33.352641	5.324050	-442.988579	12.128698	5.324050	22.988579	5.543931	0.181990	28.795167	0	1	0	1	0
mka	3	58.500000	34	1	30	8.000000	25.000000	0.797809	1.787603	2953.768255	-420.000000	0.000000	73.000000	3000.937578	2190.414720	2801.165043	0.000000	0	460.116563	27.569312	33.320506	6.994366	-462.543074	26.979364	7.589088	-420.900947	45.481339	0.000000	-420.000000	0	42.126364	4.282973	1.037716	30.149935	7.291727	-441.722010	15.331404	7.291727	21.722010	7.589088	0.900947	25.543074	0	1	0	1	0
mka	3	58.500000	34	1	30	8.000000	25.000000	0.797809	1.787603	3001.157002	-420.000000	0.000000	74.000000	3047.811342	2190.414720	2801.165043	0.000000	0	461.129766	27.548193	29.601160	8.540517	-457.075332	25.446775	8.676895	-420.994390	45.481339	0.000000	-420.000000	0	36.319580	5.806783	0.021119	27.523967	8.608706	-439.034861	17.957371	8.608706	19.034861	8.676895	0.994390	20.075332	0	1	0	1	0
mka	3	58.500000	34	1	30	8.000000	25.000000	0.797809	1.787603	3048.042314	-420.000000	0.000000	75.000000	3094.883143	2190.414720	2801.165043	0.000000	0	460.932780	27.432605	28.648620	8.805430	-454.508342	24.720129	7.964208	-421.763785	45.481339	0.000000	-420.000000	0	32.990100	3.329480	0.115587	26.684375	8.384819	-438.136063	18.796964	8.384819	18.136063	7.964208	1.763785	17.508342	0	1	0	1	0
mka	3	58.500000	34	1	30	8.000000	25.000000	0.797809	1.787603	3095.114971	-420.000000	0.000000	76.000000	3141.874104	2190.414720	2801.165043	0.000000	0	460.352406	26.593465	29.499047	8.569562	-452.533727	25.035559	8.060137	-422.470535	45.481339	0.000000	-420.000000	0	30.397002	2.593098	0.839140	27.267303	8.314849	-437.502131	18.214035	8.314849	17.502131	8.060137	2.470535	15.533727	0	1	0	1	0
mka	3	58.500000	34	1	30	8.000000	25.000000	0.797809	1.787603	3142.093100	-420.000000	0.000000	77.000000	3189.022896	2190.414720	2801.165043	0.000000	0	459.561384	25.517031	30.131175	8.193759	-450.189192	25.356637	8.113929	-422.675207	45.481339	0.000000	-420.000000	0	27.925292	2.471710	1.076435	27.743906	8.153844	-436.432200	17.737433	8.153844	16.432200	8.113929	2.675207	13.189192	0	1	0	1	0
mka	3	58.500000	34	1	30	8.000000	25.000000	0.797809	1.787603	3189.244886	-420.000000	0.000000	78.000000	3235.823518	2190.414720	2801.165043	0.000000	0	458.825167	24.236538	31.573712	8.683951	-448.971477	26.614414	7.908857	-422.653617	45.481339	0.000000	-420.000000	0	26.792260	1.133032	1.280493	29.094063	8.296404	-435.812547	16.387276	8.296404	15.812547	7.908857	2.653617	11.971477	0	1	0	1	0
mka	3	58.500000	34	1	30	8.000000	25.000000	0.797809	1.787603	3236.044225	-420.000000	0.000000	79.000000	3282.939375	2190.414720	2801.165043	0.000000	0	458.497319	23.215397	33.688309	9.565215	-448.380866	27.695718	8.246238	-422.662237	45.481339	0.000000	-420.000000	0	26.440475	0.351785	1.021140	30.692013	8.905726	-435.521552	14.789325	8.905726	15.521552	8.246238	2.662237	11.380866	0	1	0	1	0
mka	3	58.500000	34	1	30	8.000000	25.000000	0.797809	1.787603	3283.220820	-420.000000	0.000000	80.000000	3330.245143	2190.414720	2801.165043	0.000000	0	458.019450	22.362783	35.024745	10.118097	-447.991067	28.999260	8.090875	-422.719150	45.481339	0.000000	-420.000000	0	26.059276	0.381199	0.852615	32.012002	9.104486	-435.355109	13.469336	9.104486	15.355109	8.090875	2.719150	10.991067	0	1	0	1	0
mka	3	58.500000	34	1	30	8.000000	25.000000	0.797809	1.787603	3330.481676	-420.000000	0.000000	81.000000	3376.999999	2190.414720	2801.165043	0.000000	0	457.680966	21.980809	35.349499	10.149242	-447.829336	29.601543	7.782813	-422.739603	45.481339	0.000000	-420.000000	0	25.848282	0.210994	0.381974	32.475521	8.966028	-435.284469	13.005818	8.966028	15.284469	7.782813	2.739603	10.829336	0	1	0	1	0
mka	3	58.500000	34	1	30	8.000000	25.000000	0.797809	1.787603	3377.221989	-420.000000	0.000000	82.000000	3424.271549	2190.414720	2801.165043	0.000000	0	457.678917	22.001072	35.287257	10.127827	-447.729819	29.318854	7.712481	-422.655103	45.481339	0.000000	-420.000000	0	25.888166	0.039884	0.020263	32.303055	8.920154	-435.192461	13.178283	8.920154	15.192461	7.712481	2.655103	10.729819	0	1	0	1	0
mka	3	58.500000	34	1	30	8.000000	25.000000	0.797809	1.787603	3424.493111	-420.000000	0.000000	83.000000	3470.926744	2190.414720	2801.165043	0.000000	0	457.610880	21.936005	35.287975	10.092441	-447.673360	29.500505	7.665607	-422.729211	45.481339	0.000000	-420.000000	0	25.721487	0.166679	0.065068	32.394240	8.879024	-435.201285	13.087099	8.879024	15.201285	7.665607	2.729211	10.673360	0	1	0	1	0
mka	3	58.500000	34	1	30	8.000000	25.000000	0.797809	1.787603	3471.150873	-420.000000	0.000000	84.000000	3518.530637	2190.414720	2801.165043	0.000000	0	457.726792	22.028921	35.238292	10.209260	-447.640963	29.400815	7.746752	-422.785091	45.481339	0.000000	-420.000000	0	25.650622	0.070864	0.092917	32.319553	8.978006	-435.213027	13.161785	8.978006	15.213027	7.746752	2.785091	10.640963	0	1	0	1	0
mka	3	58.500000	34	1	30	8.000000	25.000000	0.797809	1.787603	3518.752200	-420.000000	0.000000	85.000000	3565.551111	2190.414720	2801.165043	0.000000	0	457.843439	22.125661	35.068399	10.341570	-447.632786	29.445529	7.809754	-422.849548	45.481339	0.000000	-420.000000	0	25.538905	0.111717	0.096740	32.256964	9.075662	-435.241167	13.224374	9.075662	15.241167	7.809754	2.849548	10.632786	0	1	0	1	0
mka	3	58.500000	34	1	30	8.000000	25.000000	0.797809	1.787603	3565.782940	-420.000000	0.000000	86.000000	3612.566453	2190.414720	2801.165043	0.000000	0	457.820015	22.077278	35.179432	10.393833	-447.561873	29.485502	7.797328	-422.887022	45.481339	0.000000	-420.000000	0	25.456059	0.082847	0.048383	32.332467	9.095581	-435.224447	13.148871	9.095581	15.224447	7.797328	2.887022	10.561873	0	1	0	1	0
mka	3	58.500000	34	1	30	8.000000	25.000000	0.797809	1.787603	3612.796998	-420.000000	0.000000	87.000000	3659.749035	2190.414720	2801.165043	0.000000	0	457.722245	21.988015	35.471654	10.311752	-447.489858	29.194155	7.722518	-422.794313	45.481339	0.000000	-420.000000	0	25.612127	0.156069	0.089263	32.332904	9.017135	-435.142085	13.148434	9.017135	15.142085	7.722518	2.794313	10.489858	0	1	0	1	0
mka	3	58.500000	34	1	30	8.000000	25.000000	0.797809	1.787603	3659.970170	-420.000000	0.000000	88.000000	3706.719893	2190.414720	2801.165043	0.000000	0	457.525114	21.849843	35.480683	10.113680	-447.418257	29.251503	7.518656	-422.759959	45.481339	0.000000	-420.000000	0	25.564985	0.047142	0.138171	32.366093	8.816168	-435.089108	13.115246	8.816168	15.089108	7.518656	2.759959	10.418257	0	1	0	1	0
mka	3	58.500000	34	1	30	8.000000	25.000000	0.797809	1.787603	3706.955143	-420.000000	0.000000	89.000000	3754.006841	2190.414720	2801.165043	0.000000	0	457.530531	21.851229	35.548643	10.018835	-447.269088	29.020805	7.613358	-422.771021	45.481339	0.000000	-420.000000	0	25.466728	0.098257	0.001386	32.284724	8.816096	-435.020054	13.196615	8.816096	15.020054	7.613358	2.771021	10.269088	0	1	0	1	0
mka	3	58.500000	34	1	30	8.000000	25.000000	0.797809	1.787603	3754.289141	-420.000000	0.000000	90.000000	3800.640222	2190.414720	2801.165043	0.000000	0	457.634154	21.946101	35.179723	10.113592	-447.074709	29.135972	7.658022	-422.935848	45.481339	0.000000	-420.000000	0	25.004827	0.461901	0.094872	32.157847	8.885807	-435.005279	13.323491	8.885807	15.005279	7.658022	2.935848	10.074709	0	1	0	1	0
mka	3	58.500000	34	1	30	8.000000	25.000000	0.797809	1.787603	3800.864779	-420.000000	0.000000	91.000000	3847.918615	2190.414720	2801.165043	0.000000	0	457.573997	21.942865	34.808304	9.911541	-446.799275	29.417484	7.639956	-423.251365	45.481339	0.000000	-420.000000	0	24.263658	0.741170	0.003236	32.112894	8.775749	-435.025320	13.368445	8.775749	15.025320	7.639956	3.251365	9.799275	0	1	0	1	0
mka	3	58.500000	34	1	30	8.000000	25.000000	0.797809	1.787603	3848.148305	-420.000000	0.000000	92.000000	3894.995549	2190.414720	2801.165043	0.000000	0	457.398514	21.821337	35.091188	9.385923	-446.441852	29.155022	7.804534	-423.481411	45.481339	0.000000	-420.000000	0	23.768060	0.495598	0.121527	32.123105	8.595229	-434.961631	13.358233	8.595229	14.961631	7.804534	3.481411	9.441852	0	1	0	1	0
mka	3	58.500000	34	1	30	8.000000	25.000000	0.797809	1.787603	3895.223528	-420.000000	0.000000	93.000000	3942.296613	2190.414720	2801.165043	0.000000	0	457.199615	21.696043	34.939718	9.246733	-446.223215	29.416377	7.517330	-423.675432	45.481339	0.000000	-420.000000	0	23.278759	0.489301	0.125295	32.178048	8.382032	-434.949323	13.303291	8.382032	14.949323	7.517330	3.675432	9.223215	0	1	0	1	0
mka	3	58.500000	34	1	30	8.000000	25.000000	0.797809	1.787603	3942.515609	-420.000000	0.000000	94.000000	3989.025377	2190.414720	2801.165043	0.000000	0	457.331365	21.910059	34.806274	9.218424	-446.020842	28.765047	7.480136	-423.830028	45.481339	0.000000	-420.000000	0	23.064048	0.214712	0.214016	31.785661	8.349280	-434.925435	13.695678	8.349280	14.925435	7.480136	3.830028	9.020842	0	1	0	1	0
mka	3	58.500000	34	1	30	8.000000	25.000000	0.797809	1.787603	3989.243517	-420.000000	0.000000	95.000000	4036.207104	2190.414720	2801.165043	0.000000	0	457.492709	22.131450	34.558024	9.223143	-445.975156	28.509527	7.524833	-424.034369	45.481339	0.000000	-420.000000	0	22.822505	0.241543	0.221391	31.533776	8.373988	-435.004762	13.947563	8.373988	15.004762	7.524833	4.034369	8.975156	0	1	0	1	0
mka	3	58.500000	34	1	30	8.000000	25.000000	0.797809	1.787603	4036.426956	-420.000000	0.000000	96.000000	4083.398241	2190.414720	2801.165043	0.000000	0	457.444160	22.148845	34.493452	9.104323	-445.817582	28.413318	7.422671	-424.215897	45.481339	0.000000	-420.000000	0	22.503973	0.318532	0.017395	31.453385	8.263497	-435.016740	14.027954	8.263497	15.016740	7.422671	4.215897	8.817582	0	1	0	1	0
mka	3	58.500000	34	1	30	8.000000	25.000000	0.797809	1.787603	4083.618520	-420.000000	0.000000	97.000000	4130.437535	2190.414720	2801.165043	0.000000	0	457.142836	21.919776	34.714210	8.860422	-445.821828	28.699878	7.139906	-424.294134	45.481339	0.000000	-420.000000	0	22.418162	0.085810	0.229069	31.707044	8.000164	-435.057981	13.774294	8.000164	15.057981	7.139906	4.294134	8.821828	0	1	0	1	0
mka	3	58.500000	34	1	30	8.000000	25.000000	0.797809	1.787603	4130.668080	-420.000000	0.000000	98.000000	4177.434056	2190.414720	2801.165043	0.000000	0	456.851290	21.717576	34.922437	8.501559	-445.859330	28.804357	6.941284	-424.246112	45.481339	0.000000	-420.000000	0	22.516584	0.098422	0.202201	31.863397	7.721421	-435.052721	13.617942	7.721421	15.052721	6.941284	4.246112	8.859330	0	1	0	1	0
mka	3	58.500000	34	1	30	8.000000	25.000000	0.797809	1.787603	4177.654763	-420.000000	0.000000	99.000000	4224.502436	2190.414720	2801.165043	0.000000	0	456.635038	21.580967	34.925338	8.239651	-445.787418	28.861517	6.752070	-424.207175	45.481339	0.000000	-420.000000	0	22.465300	0.051284	0.136608	31.893428	7.495861	-434.997297	13.587911	7.495861	14.997297	6.752070	4.207175	8.787418	0	1	0	1	0
mka	3	58.500000	34	1	30	8.000000	25.000000	0.797809	1.787603	4224.723143	-420.000000	0.000000	100.000000	4271.474577	2190.414720	2801.165043	0.000000	0	456.507192	21.487772	34.958115	8.148436	-445.808163	29.026514	6.616485	-424.209822	45.481339	0.000000	-420.000000	0	22.450369	0.014931	0.093195	31.992314	7.382460	-435.008993	13.489024	7.382460	15.008993	6.616485	4.209822	8.808163	0	1	0	1	0
mka	3	58.500000	34	1	30	8.000000	25.000000	0.797809	1.787603	4271.702555	-420.000000	0.000000	101.000000	4318.534829	2190.414720	2801.165043	0.000000	0	456.461249	21.482994	35.006722	8.096914	-445.775226	28.710009	6.501725	-424.067936	45.481339	0.000000	-420.000000	0	22.658324	0.207955	0.004778	31.858365	7.299319	-434.921581	13.622973	7.299319	14.921581	6.501725	4.067936	8.775226	0	1	0	1	0
mka	3	58.500000	34	1	30	8.000000	25.000000	0.797809	1.787603	4318.759814	-420.000000	0.000000	102.000000	4365.807662	2190.414720	2801.165043	0.000000	0	456.301433	21.379360	34.970833	8.042203	-445.777851	28.856163	6.237739	-424.022254	45.481339	0.000000	-420.000000	0	22.670494	0.012170	0.103634	31.913498	7.139971	-434.900053	13.567840	7.139971	14.900053	6.237739	4.022254	8.777851	0	1	0	1	0
mka	3	58.500000	34	1	30	8.000000	25.000000	0.797809	1.787603	4366.039063	-420.000000	0.000000	103.000000	4412.800334	2190.414720	2801.165043	0.000000	0	456.332781	21.412666	34.929141	8.120708	-445.795417	28.799711	6.189519	-423.996279	45.481339	0.000000	-420.000000	0	22.726676	0.056182	0.033305	31.864426	7.155114	-434.895848	13.616912	7.155114	14.895848	6.189519	3.996279	8.795417	0	1	0	1	0
mka	3	58.500000	34	1	30	8.000000	25.000000	0.797809	1.787603	4413.030879	-420.000000	0.000000	104.000000	4459.867003	2190.414720	2801.165043	0.000000	0	456.539459	21.582989	34.988609	8.219485	-445.919257	28.582852	6.426823	-424.055877	45.481339	0.000000	-420.000000	0	22.852894	0.126218	0.170324	31.785731	7.323154	-434.987567	13.695608	7.323154	14.987567	6.426823	4.055877	8.919257	0	1	0	1	0
mka	3	58.500000	34	1	30	8.000000	25.000000	0.797809	1.787603	4460.087710	-420.000000	0.000000	105.000000	4506.749748	2190.414720	2801.165043	0.000000	0	456.689064	21.661507	34.811187	8.415860	-445.967000	28.810578	6.579879	-424.107671	45.481339	0.000000	-420.000000	0	22.742217	0.110677	0.078518	31.810883	7.497870	-435.037336	13.670456	7.497870	15.037336	6.579879	4.107671	8.967000	0	1	0	1	0
mka	3	58.500000	34	1	30	8.000000	25.000000	0.797809	1.787603	4506.969600	-420.000000	0.000000	106.000000	4554.012316	2190.414720	2801.165043	0.000000	0	456.589765	21.555342	35.143538	8.399638	-446.013535	28.615088	6.488839	-423.933151	45.481339	0.000000	-420.000000	0	23.104441	0.362224	0.106165	31.879313	7.444238	-434.973343	13.602025	7.444238	14.973343	6.488839	3.933151	9.013535	0	1	0	1	0
mka	3	58.500000	34	1	30	8.000000	25.000000	0.797809	1.787603	4554.233879	-420.000000	0.000000	107.000000	4589.637283	2190.414720	2801.165043	4589.633006	0	456.369068	21.382801	  34.962666    8.364514 -446.067172	  29.062645    6.151603 -423.808527	45.481339	0.000000	-420.000000	0	23.133407	0.028966	0.172541	0
