subjName	sessionNR	IOD	trialN	textureType	texnum	visualAngle	simulatedDepth	light_intensity	ambient_intensity	time	displayDistance	isRotated	frameN	timTote	startTime	touchTime	endTime	fingersOccluded	distanceToHome	distanceToObject	indexXraw	indexYraw	indexZraw	thumbXraw	thumbYraw	thumbZraw	targetX	targetY	targetZ	failCause	gripAperture	gripApertureVel	distFromObjVel	gripOriginX	gripOriginY	gripOriginZ	distFromObjX	distFromObjY	distFromObjZ	y_dist_thm	z_dist_thm	z_dist_ind	handOnObj	handnearObj	handfarObj	handTouchObj	framesOccluded
mka	6	58.500000	10	1	3	8.000000	25.000000	0.748320	1.767223	879.329438	-420.000000	0.000000	30.000000	926.304975	0.000000	0.000000	0.000000	0	1.854367	436.909644	228.987255	-356.050748	-252.293594	233.199647	-357.904446	-247.840985	45.136719	0.000000	-420.000000	0	6.403606	0.068310	0.063881	231.093451	-356.977597	-250.067290	185.956732	356.977597	169.932710	357.904446	172.159015	184.706406	0	0	1	0	0
mka	6	58.500000	10	1	3	8.000000	25.000000	0.748320	1.767223	926.644165	-420.000000	0.000000	31.000000	973.540144	0.000000	0.000000	0.000000	0	1.763808	436.854900	228.973793	-356.055888	-252.294015	232.995430	-357.903029	-247.891740	45.136719	0.000000	-420.000000	0	6.242237	0.161369	0.054744	230.984611	-356.979458	-250.092877	185.847893	356.979458	169.907123	357.903029	172.108260	184.705985	0	0	1	0	0
mka	6	58.500000	10	1	3	8.000000	25.000000	0.748320	1.767223	973.762136	-420.000000	0.000000	32.000000	1020.446816	0.000000	0.000000	0.000000	0	1.843173	436.920144	229.160585	-356.102954	-252.303590	233.047971	-357.898885	-247.898690	45.136719	0.000000	-420.000000	0	6.143312	0.098925	0.065245	231.104278	-357.000919	-250.101140	185.967559	357.000919	169.898860	357.898885	172.101310	184.696410	0	0	1	0	0
mka	6	58.500000	10	1	3	8.000000	25.000000	0.748320	1.767223	1020.661537	-420.000000	0.000000	33.000000	1067.983108	0.000000	0.000000	0.000000	0	1.836009	436.890965	228.991512	-356.050031	-252.250252	233.141963	-357.884858	-247.879259	45.136719	0.000000	-420.000000	0	6.300668	0.157356	0.029179	231.066738	-356.967444	-250.064755	185.930019	356.967444	169.935245	357.884858	172.120741	184.749748	0	0	1	0	0
mka	6	58.500000	10	1	3	8.000000	25.000000	0.748320	1.767223	1068.197401	-420.000000	0.000000	34.000000	1114.699440	0.000000	0.000000	0.000000	0	1.601213	436.661207	228.336137	-356.147348	-252.037284	232.637457	-357.718689	-247.861679	45.136719	0.000000	-420.000000	0	6.197269	0.103399	0.229758	230.486797	-356.933019	-249.949482	185.350078	356.933019	170.050518	357.718689	172.138321	184.962716	0	0	1	0	0
mka	6	58.500000	10	1	3	8.000000	25.000000	0.748320	1.767223	1114.914161	-420.000000	0.000000	35.000000	1161.846069	0.000000	0.000000	0.000000	0	1.813583	436.239787	227.445229	-356.026684	-251.543289	231.863289	-357.306821	-247.591596	45.136719	0.000000	-420.000000	0	6.064148	0.133121	0.421421	229.654259	-356.666752	-249.567442	184.517540	356.666752	170.432558	357.306821	172.408404	185.456711	0	0	1	0	0
mka	6	58.500000	10	1	3	8.000000	25.000000	0.748320	1.767223	1162.061218	-420.000000	0.000000	36.000000	1209.326756	0.000000	0.000000	0.000000	0	1.798555	435.940972	227.081814	-355.913488	-251.481842	231.600238	-357.085501	-247.804702	45.136719	0.000000	-420.000000	0	5.942317	0.121831	0.298814	229.341026	-356.499495	-249.643272	184.204308	356.499495	170.356728	357.085501	172.195298	185.518158	0	0	1	0	0
mka	6	58.500000	10	1	3	8.000000	25.000000	0.748320	1.767223	1209.539766	-420.000000	0.000000	37.000000	1256.192794	0.000000	0.000000	0.000000	0	1.534717	435.957019	227.118080	-356.010704	-251.699202	232.059198	-356.977629	-248.019027	45.136719	0.000000	-420.000000	0	6.236448	0.294131	0.016047	229.588639	-356.494166	-249.859114	184.451920	356.494166	170.140886	356.977629	171.980973	185.300798	0	0	1	0	0
mka	6	58.500000	10	1	3	8.000000	25.000000	0.748320	1.767223	1256.405804	-420.000000	0.000000	38.000000	1303.245322	0.000000	0.000000	0.000000	0	1.563357	435.352094	226.482610	-355.990356	-251.909606	231.018682	-356.768817	-248.614550	45.136719	0.000000	-420.000000	0	5.660330	0.576118	0.604925	228.750646	-356.379586	-250.262078	183.613927	356.379586	169.737922	356.768817	171.385450	185.090394	0	0	1	0	0
mka	6	58.500000	10	1	3	8.000000	25.000000	0.748320	1.767223	1303.548583	-420.000000	0.000000	39.000000	1350.420181	0.000000	0.000000	0.000000	0	2.495231	434.107421	225.579409	-355.283311	-252.009461	229.667718	-356.011329	-249.388777	45.136719	0.000000	-420.000000	0	4.910424	0.749905	1.244673	227.623563	-355.647320	-250.699119	182.486845	355.647320	169.300881	356.011329	170.611223	184.990539	0	0	1	0	0
mka	6	58.500000	10	1	3	8.000000	25.000000	0.748320	1.767223	1350.637469	-420.000000	0.000000	40.000000	1397.926532	1386.702448	0.000000	0.000000	0	8.414594	427.291018	223.188763	-349.276648	-254.512435	227.211263	-350.520801	-252.466801	45.136719	0.000000	-420.000000	0	4.681138	0.229287	6.816403	225.200013	-349.898724	-253.489618	180.063294	349.898724	166.510382	350.520801	167.533199	182.487565	0	0	1	0	0
mka	6	58.500000	10	1	3	8.000000	25.000000	0.748320	1.767223	1398.270000	-420.000000	0.000000	41.000000	1445.142881	1386.702448	0.000000	0.000000	0	29.742959	406.143524	218.095452	-329.342521	-261.437701	221.922387	-330.755689	-259.564719	45.136719	0.000000	-420.000000	0	4.488935	0.192203	21.147494	220.008920	-330.049105	-260.501210	174.872201	330.049105	159.498790	330.755689	160.435281	175.562299	0	0	1	0	0
mka	6	58.500000	10	1	3	8.000000	25.000000	0.748320	1.767223	1445.370434	-420.000000	0.000000	42.000000	1492.324584	1386.702448	0.000000	0.000000	0	61.657134	374.540499	207.823261	-301.223195	-272.836171	212.084644	-302.684379	-270.922203	45.136719	0.000000	-420.000000	0	4.894662	0.405727	31.603025	209.953953	-301.953787	-271.879187	164.817234	301.953787	148.120813	302.684379	149.077797	164.163829	0	0	1	0	0
mka	6	58.500000	10	1	3	8.000000	25.000000	0.748320	1.767223	1492.538878	-420.000000	0.000000	43.000000	1539.414325	1386.702448	0.000000	0.000000	0	103.419868	332.967515	192.377503	-265.314166	-288.358219	196.604145	-266.676254	-284.754051	45.136719	0.000000	-420.000000	0	5.719249	0.824587	41.572984	194.490824	-265.995210	-286.556135	149.354105	265.995210	133.443865	266.676254	135.245949	148.641781	0	0	1	0	0
mka	6	58.500000	10	1	3	8.000000	25.000000	0.748320	1.767223	1539.708176	-420.000000	0.000000	44.000000	1585.791467	1386.702448	0.000000	0.000000	0	152.325992	284.021136	173.918735	-224.994032	-312.565106	175.268569	-225.554942	-297.998073	45.136719	0.000000	-420.000000	0	14.640188	8.920938	48.946378	174.593652	-225.274487	-305.281590	129.456933	225.274487	114.718410	225.554942	122.001927	124.434894	0	0	1	0	0
mka	6	58.500000	10	1	3	8.000000	25.000000	0.748320	1.767223	1586.016453	-420.000000	0.000000	45.000000	1633.352139	1386.702448	0.000000	0.000000	0	201.619391	234.612275	155.212178	-186.768094	-338.538971	152.979789	-183.778495	-313.369512	45.136719	0.000000	-420.000000	0	25.444507	10.804319	49.408861	154.095983	-185.273294	-325.954241	108.959264	185.273294	94.045759	183.778495	106.630488	98.461029	0	0	0	0	0
mka	6	58.500000	10	1	3	8.000000	25.000000	0.748320	1.767223	1633.568143	-420.000000	0.000000	46.000000	1679.692496	1386.702448	0.000000	0.000000	0	248.551832	187.832192	138.042022	-151.499460	-366.840030	135.219359	-144.999996	-332.706366	45.136719	0.000000	-420.000000	0	34.861403	9.416897	46.780083	136.630690	-148.249728	-349.773198	91.493972	148.249728	70.226802	144.999996	87.293634	70.159970	0	0	0	0	0
mka	6	58.500000	10	1	3	8.000000	25.000000	0.748320	1.767223	1679.907217	-420.000000	0.000000	47.000000	1727.032887	1386.702448	0.000000	0.000000	0	289.928490	147.270795	124.102866	-119.738983	-393.433120	119.150758	-114.158757	-353.595606	45.136719	0.000000	-420.000000	0	40.530110	5.668706	40.561398	121.626812	-116.948870	-373.514363	76.490093	116.948870	46.485637	114.158757	66.404394	43.566880	0	0	0	0	0
mka	6	58.500000	10	1	3	8.000000	25.000000	0.748320	1.767223	1727.256590	-420.000000	0.000000	48.000000	1773.795414	1386.702448	0.000000	0.000000	0	325.528515	113.084222	110.417740	-93.257423	-414.930012	104.914573	-87.555067	-371.973038	45.136719	0.000000	-420.000000	0	43.681842	3.151732	34.186573	107.666156	-90.406245	-393.451525	62.529437	90.406245	26.548475	87.555067	48.026962	22.069988	0	0	0	0	0
mka	6	58.500000	10	1	3	8.000000	25.000000	0.748320	1.767223	1774.111079	-420.000000	0.000000	49.000000	1821.028017	1386.702448	0.000000	0.000000	0	353.262309	87.148658	98.181105	-73.278671	-431.352765	91.415554	-68.268265	-386.763069	45.136719	0.000000	-420.000000	0	45.377503	1.695661	25.935564	94.798330	-70.773468	-409.057917	49.661611	70.773468	10.942083	68.268265	33.236931	5.647235	0	0	0	0	0
mka	6	58.500000	10	1	3	8.000000	25.000000	0.748320	1.767223	1821.254714	-420.000000	0.000000	50.000000	1867.980028	1386.702448	0.000000	0.000000	0	374.437312	67.537627	86.540119	-58.922848	-442.728637	80.341245	-52.317180	-395.786146	45.136719	0.000000	-420.000000	0	47.808560	2.431057	19.611031	83.440682	-55.620014	-419.257391	38.303963	55.620014	0.742609	52.317180	24.213854	5.728637	0	0	0	0	0
mka	6	58.500000	10	1	3	8.000000	25.000000	0.748320	1.767223	1868.194322	-420.000000	0.000000	51.000000	1915.329830	1386.702448	0.000000	0.000000	0	391.690312	52.018419	78.301662	-46.579417	-451.527941	70.836522	-38.264940	-401.122766	45.136719	0.000000	-420.000000	0	51.628872	3.820312	15.519208	74.569092	-42.422178	-426.325354	29.432373	42.422178	6.325354	38.264940	18.877234	14.527941	0	0	0	0	0
mka	6	58.500000	10	1	3	8.000000	25.000000	0.748320	1.767223	1915.544123	-420.000000	0.000000	52.000000	1962.280130	1386.702448	0.000000	0.000000	0	405.723399	41.367636	73.618683	-34.843081	-458.104644	65.509537	-26.971546	-407.139906	45.136719	0.000000	-420.000000	0	52.202719	0.573847	10.650783	69.564110	-30.907314	-432.622275	24.427391	30.907314	12.622275	26.971546	12.860094	21.104644	0	1	0	0	0
mka	6	58.500000	10	1	3	8.000000	25.000000	0.748320	1.767223	1962.493568	-420.000000	0.000000	53.000000	2009.128631	1386.702448	0.000000	0.000000	0	417.416068	33.409948	70.051636	-24.562244	-462.652146	61.453020	-16.270521	-410.477456	45.136719	0.000000	-420.000000	0	53.524641	1.321922	7.957688	65.752328	-20.416382	-436.564801	20.615609	20.416382	16.564801	16.270521	9.522544	25.652146	0	1	0	0	0
mka	6	58.500000	10	1	3	8.000000	25.000000	0.748320	1.767223	2009.342924	-420.000000	0.000000	54.000000	2055.586186	1386.702448	2044.167912	0.000000	0	425.865032	26.461342	64.899734	-16.520850	-462.830668	56.611441	-8.907763	-411.497161	45.136719	0.000000	-420.000000	0	52.552676	0.971965	6.948606	60.755588	-12.714306	-437.163914	15.618869	12.714306	17.163914	8.907763	8.502839	25.830668	0	1	0	1	0
mka	6	58.500000	10	1	3	8.000000	25.000000	0.748320	1.767223	2055.802190	-420.000000	0.000000	55.000000	2102.532209	1386.702448	2044.167912	0.000000	0	431.369638	21.178951	59.136059	-12.329897	-461.931877	51.803449	-4.072643	-411.205144	45.136719	0.000000	-420.000000	0	51.914842	0.637834	5.282390	55.469754	-8.201270	-436.568510	10.333035	8.201270	16.568510	4.072643	8.794856	24.931877	0	1	0	1	0
mka	6	58.500000	10	1	3	8.000000	25.000000	0.748320	1.767223	2102.758479	-420.000000	0.000000	56.000000	2149.731449	1386.702448	2044.167912	0.000000	0	435.634246	19.115335	55.472248	-9.203937	-461.679788	49.072869	-0.385730	-412.466099	45.136719	0.000000	-420.000000	0	50.405357	1.509485	2.063616	52.272558	-4.794833	-437.072944	7.135840	4.794833	17.072944	0.385730	7.533901	24.679788	0	1	0	1	0
mka	6	58.500000	10	1	3	8.000000	25.000000	0.748320	1.767223	2149.946598	-420.000000	0.000000	57.000000	2196.842577	1386.702448	2044.167912	0.000000	0	437.805612	18.808055	53.262891	-8.144041	-460.795422	46.965327	0.998911	-414.768903	45.136719	0.000000	-420.000000	0	47.346525	3.058833	0.307280	50.114109	-3.572565	-437.782163	4.977390	3.572565	17.782163	0.998911	5.231097	23.795422	0	1	0	1	0
mka	6	58.500000	10	1	3	8.000000	25.000000	0.748320	1.767223	2197.056442	-420.000000	0.000000	58.000000	2244.301449	1386.702448	2044.167912	0.000000	0	439.185527	17.669526	50.644068	-7.287879	-458.354446	46.187280	2.450428	-416.032200	45.136719	0.000000	-420.000000	0	43.656272	3.690252	1.138529	48.415674	-2.418726	-437.193323	3.278955	2.418726	17.193323	2.450428	3.967800	21.354446	0	1	0	1	0
mka	6	58.500000	10	1	3	8.000000	25.000000	0.748320	1.767223	2244.517453	-420.000000	0.000000	59.000000	2290.833429	1386.702448	2044.167912	0.000000	0	440.275374	15.782780	47.753823	-6.118689	-454.832873	44.894175	3.410895	-416.526557	45.136719	0.000000	-420.000000	0	39.577322	4.078950	1.886746	46.323999	-1.353897	-435.679715	1.187280	1.353897	15.679715	3.410895	3.473443	17.832873	0	1	0	1	0
mka	6	58.500000	10	1	3	8.000000	25.000000	0.748320	1.767223	2291.054566	-420.000000	0.000000	60.000000	2337.952256	1386.702448	2044.167912	0.000000	0	441.553664	14.313069	45.289062	-4.876572	-452.777019	42.045635	4.071390	-415.686489	45.136719	0.000000	-420.000000	0	38.292210	1.285113	1.469710	43.667348	-0.402591	-434.231754	1.469370	0.402591	14.231754	4.071390	4.313511	15.777019	0	1	0	1	0
mka	6	58.500000	10	1	3	8.000000	25.000000	0.748320	1.767223	2338.180236	-420.000000	0.000000	61.000000	2384.875609	1386.702448	2044.167912	0.000000	0	442.540427	13.704796	42.467519	-4.483287	-450.630938	39.629306	4.548032	-415.530570	45.136719	0.000000	-420.000000	0	36.354587	1.937622	0.608274	41.048413	0.032372	-433.080754	4.088306	0.032372	13.080754	4.548032	4.469430	13.630938	0	1	0	1	0
mka	6	58.500000	10	1	3	8.000000	25.000000	0.748320	1.767223	2385.100596	-420.000000	0.000000	62.000000	2432.058596	1386.702448	2044.167912	0.000000	0	443.975132	14.093432	40.186496	-3.620274	-449.961409	37.900505	5.531023	-415.383000	45.136719	0.000000	-420.000000	0	35.841853	0.512735	0.388636	39.043500	0.955374	-432.672204	6.093218	0.955374	12.672204	5.531023	4.617000	12.961409	0	1	0	1	0
mka	6	58.500000	10	1	3	8.000000	25.000000	0.748320	1.767223	2432.272461	-420.000000	0.000000	63.000000	2479.169723	1386.702448	2044.167912	0.000000	0	445.345815	14.792336	39.003388	-2.860702	-449.745059	36.178118	6.719584	-415.406391	45.136719	0.000000	-420.000000	0	35.761825	0.080027	0.698905	37.590753	1.929441	-432.575725	7.545966	1.929441	12.575725	6.719584	4.593609	12.745059	0	1	0	1	0
mka	6	58.500000	10	1	3	8.000000	25.000000	0.748320	1.767223	2479.395993	-420.000000	0.000000	64.000000	2526.087944	1386.702448	2044.167912	0.000000	0	445.659357	15.644046	38.077809	-2.589703	-449.102554	35.498519	5.801491	-417.162168	45.136719	0.000000	-420.000000	0	33.124811	2.637014	0.851709	36.788164	1.605894	-433.132361	8.348555	1.605894	13.132361	5.801491	2.837832	12.102554	0	1	0	1	0
mka	6	58.500000	10	1	3	8.000000	25.000000	0.748320	1.767223	2526.303093	-420.000000	0.000000	65.000000	2573.197361	1386.702448	2044.167912	0.000000	0	446.200709	16.314385	37.377534	-2.564884	-448.626735	35.268503	6.134901	-418.597637	45.136719	0.000000	-420.000000	0	31.334981	1.789831	0.670340	36.323019	1.785009	-433.612186	8.813700	1.785009	13.612186	6.134901	1.402363	11.626735	0	1	0	1	0
mka	6	58.500000	10	1	3	8.000000	25.000000	0.748320	1.767223	2573.412081	-420.000000	0.000000	66.000000	2620.124564	1386.702448	2044.167912	0.000000	0	446.616034	16.651935	37.827148	-2.854852	-448.028086	35.365667	7.230076	-420.225365	45.136719	0.000000	-420.000000	0	29.677533	1.657448	0.337550	36.596408	2.187612	-434.126726	8.540311	2.187612	14.126726	7.230076	0.225365	11.028086	0	1	0	1	0
mka	6	58.500000	10	1	3	8.000000	25.000000	0.748320	1.767223	2620.348695	-420.000000	0.000000	67.000000	2667.310116	1386.702448	2044.167912	0.000000	0	447.465735	17.068090	37.375563	-2.200627	-447.415003	34.976883	8.143760	-421.024336	45.136719	0.000000	-420.000000	0	28.446921	1.230612	0.416155	36.176223	2.971566	-434.219669	8.960496	2.971566	14.219669	8.143760	1.024336	10.415003	0	1	0	1	0
mka	6	58.500000	10	1	3	8.000000	25.000000	0.748320	1.767223	2667.535103	-420.000000	0.000000	68.000000	2714.687720	1386.702448	2044.167912	0.000000	0	447.878209	17.424628	37.122820	-1.791539	-446.996156	35.197432	8.392336	-422.134295	45.136719	0.000000	-420.000000	0	26.935675	1.511245	0.356538	36.160126	3.300398	-434.565225	8.976593	3.300398	14.565225	8.392336	2.134295	9.996156	0	1	0	1	0
mka	6	58.500000	10	1	3	8.000000	25.000000	0.748320	1.767223	2714.902441	-420.000000	0.000000	69.000000	2761.679511	1386.702448	2044.167912	0.000000	0	447.916484	17.577579	37.077899	-1.587586	-446.914890	35.401528	8.127277	-422.690699	45.136719	0.000000	-420.000000	0	26.153398	0.782277	0.152952	36.239714	3.269846	-434.802794	8.897005	3.269846	14.802794	8.127277	2.690699	9.914890	0	1	0	1	0
mka	6	58.500000	10	1	3	8.000000	25.000000	0.748320	1.767223	2761.950692	-420.000000	0.000000	70.000000	2808.592599	1386.702448	2044.167912	0.000000	0	447.792111	17.553388	37.285074	-1.875319	-446.856699	35.237895	8.111360	-422.783112	45.136719	0.000000	-420.000000	0	26.143112	0.010286	0.024192	36.261485	3.118020	-434.819905	8.875234	3.118020	14.819905	8.111360	2.783112	9.856699	0	1	0	1	0
mka	6	58.500000	10	1	3	8.000000	25.000000	0.748320	1.767223	2808.813308	-420.000000	0.000000	71.000000	2855.711425	1386.702448	2044.167912	0.000000	0	447.664936	17.492988	37.312353	-2.001705	-446.847307	35.309900	7.991223	-422.759784	45.136719	0.000000	-420.000000	0	26.154869	0.011757	0.060400	36.311126	2.994759	-434.803545	8.825593	2.994759	14.803545	7.991223	2.759784	9.847307	0	1	0	1	0
mka	6	58.500000	10	1	3	8.000000	25.000000	0.748320	1.767223	2855.927002	-420.000000	0.000000	72.000000	2902.829397	1386.702448	2044.167912	0.000000	0	447.626413	17.429208	37.471354	-1.935401	-446.842285	35.342675	7.953953	-422.722141	45.136719	0.000000	-420.000000	0	26.155534	0.000664	0.063780	36.407015	3.009276	-434.782213	8.729704	3.009276	14.782213	7.953953	2.722141	9.842285	0	1	0	1	0
mka	6	58.500000	10	1	3	8.000000	25.000000	0.748320	1.767223	2903.054383	-420.000000	0.000000	73.000000	2949.751039	1386.702448	2044.167912	0.000000	0	447.630955	17.419613	37.501535	-1.875015	-446.843912	35.229318	7.897199	-422.647828	45.136719	0.000000	-420.000000	0	26.193694	0.038161	0.009595	36.365427	3.011092	-434.745870	8.771292	3.011092	14.745870	7.897199	2.647828	9.843912	0	1	0	1	0
mka	6	58.500000	10	1	3	8.000000	25.000000	0.748320	1.767223	2949.976881	-420.000000	0.000000	74.000000	2996.931031	1386.702448	2044.167912	0.000000	0	447.559462	17.395396	37.261744	-1.819792	-446.794746	35.654196	7.724823	-422.772923	45.136719	0.000000	-420.000000	0	25.898492	0.295202	0.024217	36.457970	2.952515	-434.783835	8.678749	2.952515	14.783835	7.724823	2.772923	9.794746	0	1	0	1	0
mka	6	58.500000	10	1	3	8.000000	25.000000	0.748320	1.767223	2997.146608	-420.000000	0.000000	75.000000	3043.812895	1386.702448	2044.167912	0.000000	0	447.806426	17.581227	36.843376	-1.752047	-446.701938	35.277439	7.887218	-422.780940	45.136719	0.000000	-420.000000	0	25.837603	0.060889	0.185831	36.060408	3.067585	-434.741439	9.076311	3.067585	14.741439	7.887218	2.780940	9.701938	0	1	0	1	0
mka	6	58.500000	10	1	3	8.000000	25.000000	0.748320	1.767223	3044.028471	-420.000000	0.000000	76.000000	3091.079289	1386.702448	2044.167912	0.000000	0	447.881598	17.539520	36.852180	-1.532379	-446.620801	35.279823	7.937306	-422.711848	45.136719	0.000000	-420.000000	0	25.764031	0.073573	0.041707	36.066002	3.202463	-434.666324	9.070717	3.202463	14.666324	7.937306	2.711848	9.620801	0	1	0	1	0
mka	6	58.500000	10	1	3	8.000000	25.000000	0.748320	1.767223	3091.294865	-420.000000	0.000000	77.000000	3137.737877	1386.702448	2044.167912	0.000000	0	447.776349	17.459544	36.774601	-1.556844	-446.591213	35.524524	7.818860	-422.684270	45.136719	0.000000	-420.000000	0	25.710085	0.053946	0.079976	36.149562	3.131008	-434.637742	8.987156	3.131008	14.637742	7.818860	2.684270	9.591213	0	1	0	1	0
mka	6	58.500000	10	1	3	8.000000	25.000000	0.748320	1.767223	3137.963719	-420.000000	0.000000	78.000000	3185.227974	1386.702448	2044.167912	0.000000	0	447.811169	17.486839	36.725398	-1.570868	-446.576640	35.421186	7.854514	-422.665302	45.136719	0.000000	-420.000000	0	25.735013	0.024928	0.027295	36.073292	3.141823	-434.620971	9.063426	3.141823	14.620971	7.854514	2.665302	9.576640	0	1	0	1	0
mka	6	58.500000	10	1	3	8.000000	25.000000	0.748320	1.767223	3185.453388	-420.000000	0.000000	79.000000	3232.295045	1386.702448	2044.167912	0.000000	0	447.782127	17.449648	36.913194	-1.563890	-446.583810	35.486302	7.881082	-422.717660	45.136719	0.000000	-420.000000	0	25.706743	0.028270	0.037192	36.199748	3.158596	-434.650735	8.936971	3.158596	14.650735	7.881082	2.717660	9.583810	0	1	0	1	0
mka	6	58.500000	10	1	3	8.000000	25.000000	0.748320	1.767223	3232.514899	-420.000000	0.000000	80.000000	3279.324476	1386.702448	2044.167912	0.000000	0	447.713523	17.369081	36.925873	-1.570651	-446.550742	35.612083	7.841248	-422.653233	45.136719	0.000000	-420.000000	0	25.717715	0.010972	0.080567	36.268978	3.135298	-434.601988	8.867741	3.135298	14.601988	7.841248	2.653233	9.550742	0	1	0	1	0
mka	6	58.500000	10	1	3	8.000000	25.000000	0.748320	1.767223	3279.541763	-420.000000	0.000000	81.000000	3326.554513	1386.702448	2044.167912	0.000000	0	447.409025	17.231446	37.197949	-1.867085	-446.563563	35.585035	7.540193	-422.584178	45.136719	0.000000	-420.000000	0	25.809093	0.091378	0.137635	36.391492	2.836554	-434.573871	8.745227	2.836554	14.573871	7.540193	2.584178	9.563563	0	1	0	1	0
mka	6	58.500000	10	1	3	8.000000	25.000000	0.748320	1.767223	3326.768806	-420.000000	0.000000	82.000000	3373.552292	1386.702448	2044.167912	0.000000	0	446.863279	16.985579	37.385911	-2.349752	-446.598000	35.845948	6.969755	-422.424057	45.136719	0.000000	-420.000000	0	25.953886	0.144793	0.245867	36.615930	2.310001	-434.511028	8.520789	2.310001	14.511028	6.969755	2.424057	9.598000	0	1	0	1	0
mka	6	58.500000	10	1	3	8.000000	25.000000	0.748320	1.767223	3373.766585	-420.000000	0.000000	83.000000	3420.591988	1386.702448	2044.167912	0.000000	0	446.847373	16.961068	37.192286	-2.240756	-446.536962	36.181636	6.886596	-422.506692	45.136719	0.000000	-420.000000	0	25.725160	0.228726	0.024511	36.686961	2.322920	-434.521827	8.449758	2.322920	14.521827	6.886596	2.506692	9.536962	0	1	0	1	0
mka	6	58.500000	10	1	3	8.000000	25.000000	0.748320	1.767223	3420.817402	-420.000000	0.000000	84.000000	3467.552554	1386.702448	2044.167912	0.000000	0	447.366715	17.145548	37.249721	-1.792078	-446.486868	35.571075	7.472966	-422.478838	45.136719	0.000000	-420.000000	0	25.788455	0.063295	0.184480	36.410398	2.840444	-434.482853	8.726321	2.840444	14.482853	7.472966	2.478838	9.486868	0	1	0	1	0
mka	6	58.500000	10	1	3	8.000000	25.000000	0.748320	1.767223	3467.768131	-420.000000	0.000000	85.000000	3514.733830	1386.702448	2044.167912	0.000000	0	447.430137	17.139795	37.068536	-1.645410	-446.479737	35.702747	7.497041	-422.408379	45.136719	0.000000	-420.000000	0	25.785268	0.003187	0.005753	36.385642	2.925815	-434.444058	8.751077	2.925815	14.444058	7.497041	2.408379	9.479737	0	1	0	1	0
mka	6	58.500000	10	1	3	8.000000	25.000000	0.748320	1.767223	3514.948978	-420.000000	0.000000	86.000000	3550.478866	1386.702448	2044.167912	3550.475016	0	447.413324	17.124357	  37.393391   -1.741830 -446.471958	  35.482067    7.594363 -422.442271	45.136719	0.000000	-420.000000	0	25.850406	0.065138	0.015437	0
