subjName	sessionNR	IOD	trialN	textureType	texnum	visualAngle	simulatedDepth	light_intensity	ambient_intensity	time	displayDistance	isRotated	frameN	timTote	startTime	touchTime	endTime	fingersOccluded	distanceToHome	distanceToObject	indexXraw	indexYraw	indexZraw	thumbXraw	thumbYraw	thumbZraw	targetX	targetY	targetZ	failCause	gripAperture	gripApertureVel	distFromObjVel	gripOriginX	gripOriginY	gripOriginZ	distFromObjX	distFromObjY	distFromObjZ	y_dist_thm	z_dist_thm	z_dist_ind	handOnObj	handnearObj	handfarObj	handTouchObj	framesOccluded
mka	2	58.500000	26	2	20	8.000000	55.000000	0.520220	2.544433	881.860399	-420.000000	0.000000	30.000000	928.837445	0.000000	0.000000	0.000000	0	7.022176	437.024261	227.608083	-354.554392	-245.678582	231.500511	-356.245875	-243.315256	45.490128	0.000000	-420.000000	0	4.857718	0.323204	0.330144	229.554297	-355.400133	-244.496919	184.064169	355.400133	175.503081	356.245875	176.684744	221.321418	0	0	1	0	0
mka	2	58.500000	26	2	20	8.000000	55.000000	0.520220	2.544433	929.161236	-420.000000	0.000000	31.000000	975.910304	0.000000	0.000000	0.000000	0	6.460186	436.382700	226.797554	-354.457749	-245.969649	230.891506	-355.861323	-243.757724	45.490128	0.000000	-420.000000	0	4.860358	0.002640	0.641561	228.844530	-355.159536	-244.863687	183.354402	355.159536	175.136313	355.861323	176.242276	221.030351	0	0	1	0	0
mka	2	58.500000	26	2	20	8.000000	55.000000	0.520220	2.544433	976.122885	-420.000000	0.000000	32.000000	1023.195315	0.000000	0.000000	0.000000	0	6.247311	435.021408	226.348683	-353.678944	-246.333240	230.302753	-354.606740	-244.968499	45.490128	0.000000	-420.000000	0	4.284624	0.575734	1.361293	228.325718	-354.142842	-245.650870	182.835591	354.142842	174.349130	354.606740	175.031501	220.666760	0	0	1	0	0
mka	2	58.500000	26	2	20	8.000000	55.000000	0.520220	2.544433	1023.445964	-420.000000	0.000000	33.000000	1071.048351	1059.333282	0.000000	0.000000	0	11.055978	427.629433	225.295540	-347.593392	-251.003865	230.086047	-347.627839	-249.368637	45.490128	0.000000	-420.000000	0	5.062027	0.777403	7.391975	227.690793	-347.610616	-250.186251	182.200666	347.610616	169.813749	347.627839	170.631363	215.996135	0	0	1	0	0
mka	2	58.500000	26	2	20	8.000000	55.000000	0.520220	2.544433	1071.296861	-420.000000	0.000000	34.000000	1117.893657	1059.333282	0.000000	0.000000	0	29.212372	407.630693	220.396295	-331.261451	-262.276238	225.235491	-328.379542	-255.625672	45.490128	0.000000	-420.000000	0	8.715115	3.653088	19.998740	222.815893	-329.820497	-258.950955	177.325766	329.820497	161.049045	328.379542	164.374328	204.723762	0	0	1	0	0
mka	2	58.500000	26	2	20	8.000000	55.000000	0.520220	2.544433	1118.119926	-420.000000	0.000000	35.000000	1165.099967	1059.333282	0.000000	0.000000	0	59.258297	375.783863	208.699245	-308.904702	-282.449126	206.776922	-301.265427	-262.171689	45.490128	0.000000	-420.000000	0	21.753810	13.038695	31.846830	207.738084	-305.085064	-272.310408	162.247956	305.085064	147.689592	301.265427	157.828311	184.550874	0	0	1	0	0
mka	2	58.500000	26	2	20	8.000000	55.000000	0.520220	2.544433	1165.315542	-420.000000	0.000000	36.000000	1212.150583	1059.333282	0.000000	0.000000	0	100.834328	333.938569	194.715745	-276.758539	-306.612111	188.150639	-264.303093	-272.400018	45.490128	0.000000	-420.000000	0	36.996028	15.242218	41.845294	191.433192	-270.530816	-289.506064	145.943065	270.530816	130.493936	264.303093	147.599982	160.387889	0	0	1	0	0
mka	2	58.500000	26	2	20	8.000000	55.000000	0.520220	2.544433	1212.423474	-420.000000	0.000000	37.000000	1259.135329	1059.333282	0.000000	0.000000	0	149.833236	284.814151	178.185099	-233.843952	-328.276175	167.213144	-221.657738	-283.106018	45.490128	0.000000	-420.000000	0	48.054456	11.058427	49.124418	172.699121	-227.750845	-305.691097	127.208994	227.750845	114.308903	221.657738	136.893982	138.723825	0	0	1	0	0
mka	2	58.500000	26	2	20	8.000000	55.000000	0.520220	2.544433	1259.349621	-420.000000	0.000000	38.000000	1305.997316	1059.333282	0.000000	0.000000	0	202.549872	232.370610	159.395653	-186.917524	-350.506829	146.261239	-176.656610	-295.296896	45.490128	0.000000	-420.000000	0	57.670927	9.616471	52.443541	152.828446	-181.787067	-322.901862	107.338318	181.787067	97.098138	176.656610	124.703104	116.493171	0	0	0	0	0
mka	2	58.500000	26	2	20	8.000000	55.000000	0.520220	2.544433	1306.265930	-420.000000	0.000000	39.000000	1352.362711	1059.333282	0.000000	0.000000	0	254.036973	181.461812	142.714497	-140.866870	-374.796756	125.774095	-134.442069	-308.968372	45.490128	0.000000	-420.000000	0	68.276141	10.605214	50.908799	134.244296	-137.654469	-341.882564	88.754168	137.654469	78.117436	134.442069	111.031628	92.203244	0	0	0	0	0
mka	2	58.500000	26	2	20	8.000000	55.000000	0.520220	2.544433	1352.580853	-420.000000	0.000000	40.000000	1399.742251	1059.333282	0.000000	0.000000	0	301.499654	134.932343	128.856962	-100.034084	-400.223743	108.750975	-96.577874	-327.210680	45.490128	0.000000	-420.000000	0	75.809653	7.533512	46.529469	118.803969	-98.305979	-363.717212	73.313841	98.305979	56.282788	96.577874	92.789320	66.776257	0	0	0	0	0
mka	2	58.500000	26	2	20	8.000000	55.000000	0.520220	2.544433	1399.956970	-420.000000	0.000000	41.000000	1446.838206	1059.333282	0.000000	0.000000	0	342.876586	95.190837	116.936522	-67.721705	-426.141355	94.221807	-63.417994	-346.000032	45.490128	0.000000	-420.000000	0	83.409304	7.599651	39.741506	105.579164	-65.569850	-386.070693	60.089037	65.569850	33.929307	63.417994	73.999968	40.858645	0	0	0	0	0
mka	2	58.500000	26	2	20	8.000000	55.000000	0.520220	2.544433	1447.052070	-420.000000	0.000000	42.000000	1494.059058	1059.333282	0.000000	0.000000	0	376.013294	64.452538	105.633686	-44.390150	-449.266497	79.938576	-38.908494	-363.711167	45.490128	0.000000	-420.000000	0	89.498613	6.089309	30.738299	92.786131	-41.649322	-406.488832	47.296003	41.649322	13.511168	38.908494	56.288833	17.733503	0	0	0	0	0
mka	2	58.500000	26	2	20	8.000000	55.000000	0.520220	2.544433	1494.271640	-420.000000	0.000000	43.000000	1540.930028	1059.333282	0.000000	0.000000	0	401.554313	43.039542	93.248083	-29.155689	-469.029377	65.911650	-22.677014	-379.604183	45.490128	0.000000	-420.000000	0	93.734301	4.235688	21.412995	79.579867	-25.916352	-424.316780	34.089739	25.916352	4.316780	22.677014	40.395817	2.029377	0	0	0	0	0
mka	2	58.500000	26	2	20	8.000000	55.000000	0.520220	2.544433	1541.144320	-420.000000	0.000000	44.000000	1587.735983	1059.333282	0.000000	0.000000	0	419.549514	32.940844	81.436686	-21.517219	-484.534818	51.256535	-13.809101	-392.241210	45.490128	0.000000	-420.000000	0	97.408248	3.673947	10.098699	66.346611	-17.663160	-438.388014	20.856483	17.663160	18.388014	13.809101	27.758790	17.534818	0	1	0	0	0
mka	2	58.500000	26	2	20	8.000000	55.000000	0.520220	2.544433	1587.950276	-420.000000	0.000000	45.000000	1634.735272	1059.333282	0.000000	0.000000	0	431.819690	30.844940	69.399306	-17.629587	-493.692435	40.321934	-7.533855	-399.422705	45.490128	0.000000	-420.000000	0	99.167531	1.759283	2.095903	54.860620	-12.581721	-446.557570	9.370493	12.581721	26.557570	7.533855	20.577295	26.692435	0	1	0	0	0
mka	2	58.500000	26	2	20	8.000000	55.000000	0.520220	2.544433	1634.948709	-420.000000	0.000000	46.000000	1682.107968	1059.333282	0.000000	0.000000	0	440.679618	30.175213	55.994066	-14.219814	-495.968012	30.992249	-2.736462	-401.813534	45.490128	0.000000	-420.000000	0	98.091916	1.075615	0.669727	43.493158	-8.478138	-448.890773	1.996970	8.478138	28.890773	2.736462	18.186466	28.968012	0	1	0	0	0
mka	2	58.500000	26	2	20	8.000000	55.000000	0.520220	2.544433	1682.320122	-420.000000	0.000000	47.000000	1728.809985	1059.333282	0.000000	0.000000	0	448.711535	31.090851	46.570493	-8.645928	-495.220703	23.774714	3.061878	-403.170881	45.490128	0.000000	-420.000000	0	95.550457	2.541459	0.915637	35.172603	-2.792025	-449.195792	10.317524	2.792025	29.195792	3.061878	16.829119	28.220703	0	1	0	0	0
mka	2	58.500000	26	2	20	8.000000	55.000000	0.520220	2.544433	1729.032404	-420.000000	0.000000	48.000000	1775.269052	1059.333282	0.000000	0.000000	0	454.541351	32.842878	38.756228	-3.663027	-491.936409	19.612141	7.384954	-404.960258	45.490128	0.000000	-420.000000	0	89.740764	5.809693	1.752028	29.184185	1.860964	-448.448334	16.305943	1.860964	28.448334	7.384954	15.039742	24.936409	0	1	0	0	0
mka	2	58.500000	26	2	20	8.000000	55.000000	0.520220	2.544433	1775.545793	-420.000000	0.000000	49.000000	1822.750391	1059.333282	1811.388626	0.000000	0	458.038436	36.230835	37.666402	-1.810473	-492.871663	17.264223	9.401591	-409.526196	45.490128	0.000000	-420.000000	0	86.535693	3.205071	3.387957	27.465313	3.795559	-451.198930	18.024815	3.795559	31.198930	9.401591	10.473804	25.871663	0	1	0	1	0
mka	2	58.500000	26	2	20	8.000000	55.000000	0.520220	2.544433	1822.969389	-420.000000	0.000000	50.000000	1869.639326	1059.333282	1811.388626	0.000000	0	459.921745	38.850309	37.546846	-0.302865	-490.944361	20.811574	10.215907	-418.876363	45.490128	0.000000	-420.000000	0	74.729581	11.806112	2.619474	29.179210	4.956521	-454.910362	16.310918	4.956521	34.910362	10.215907	1.123637	23.944361	0	1	0	1	0
mka	2	58.500000	26	2	20	8.000000	55.000000	0.520220	2.544433	1869.854474	-420.000000	0.000000	51.000000	1916.794736	1059.333282	1811.388626	0.000000	0	459.532315	37.997436	38.517649	0.432272	-487.511996	24.269689	10.965665	-422.133299	45.490128	0.000000	-420.000000	0	67.737218	6.992362	0.852873	31.393669	5.698968	-454.822647	14.096458	5.698968	34.822647	10.965665	2.133299	20.511996	0	1	0	1	0
mka	2	58.500000	26	2	20	8.000000	55.000000	0.520220	2.544433	1917.008600	-420.000000	0.000000	52.000000	1963.720883	1059.333282	1811.388626	0.000000	0	458.133252	36.155619	38.414217	-0.018486	-483.937197	25.734801	10.527104	-422.384509	45.490128	0.000000	-420.000000	0	63.723705	4.013513	1.841817	32.074509	5.254309	-453.160853	13.415619	5.254309	33.160853	10.527104	2.384509	16.937197	0	1	0	1	0
mka	2	58.500000	26	2	20	8.000000	55.000000	0.520220	2.544433	1963.937741	-420.000000	0.000000	53.000000	2010.606823	1059.333282	1811.388626	0.000000	0	457.640230	35.424662	38.459397	-0.389986	-482.166127	25.828476	10.588770	-422.665411	45.490128	0.000000	-420.000000	0	61.809453	1.914252	0.730956	32.143936	5.099392	-452.415769	13.346191	5.099392	32.415769	10.588770	2.665411	15.166127	0	1	0	1	0
mka	2	58.500000	26	2	20	8.000000	55.000000	0.520220	2.544433	2010.821971	-420.000000	0.000000	54.000000	2058.006039	1059.333282	1811.388626	0.000000	0	457.826898	35.538558	38.047118	-0.133187	-482.130487	25.596155	10.490885	-422.656580	45.490128	0.000000	-420.000000	0	61.685031	0.124422	0.113896	31.821636	5.178849	-452.393534	13.668491	5.178849	32.393534	10.490885	2.656580	15.130487	0	1	0	1	0
mka	2	58.500000	26	2	20	8.000000	55.000000	0.520220	2.544433	2058.221186	-420.000000	0.000000	55.000000	2104.916787	1059.333282	1811.388626	0.000000	0	457.670792	35.326990	38.290540	-0.229343	-481.592107	25.910142	10.624091	-422.958561	45.490128	0.000000	-420.000000	0	60.901264	0.783767	0.211568	32.100341	5.197374	-452.275334	13.389787	5.197374	32.275334	10.624091	2.958561	14.592107	0	1	0	1	0
mka	2	58.500000	26	2	20	8.000000	55.000000	0.520220	2.544433	2105.130652	-420.000000	0.000000	56.000000	2152.136357	1059.333282	1811.388626	0.000000	0	457.380065	35.039247	38.074328	-0.221163	-481.056871	26.207734	10.230844	-422.958816	45.490128	0.000000	-420.000000	0	60.211664	0.689600	0.287743	32.141031	5.004840	-452.007843	13.349097	5.004840	32.007843	10.230844	2.958816	14.056871	0	1	0	1	0
mka	2	58.500000	26	2	20	8.000000	55.000000	0.520220	2.544433	2152.359631	-420.000000	0.000000	57.000000	2198.940601	1059.333282	1811.388626	0.000000	0	457.092653	34.734348	38.298402	-0.284847	-480.699273	26.827397	10.187268	-423.014061	45.490128	0.000000	-420.000000	0	59.739709	0.471955	0.304899	32.562900	4.951211	-451.856667	12.927228	4.951211	31.856667	10.187268	3.014061	13.699273	0	1	0	1	0
mka	2	58.500000	26	2	20	8.000000	55.000000	0.520220	2.544433	2199.178418	-420.000000	0.000000	58.000000	2246.228179	1059.333282	1811.388626	0.000000	0	456.641361	34.361694	38.478399	-0.318118	-480.335423	27.882741	9.882549	-423.110025	45.490128	0.000000	-420.000000	0	59.085258	0.654451	0.372654	33.180570	4.782216	-451.722724	12.309557	4.782216	31.722724	9.882549	3.110025	13.335423	0	1	0	1	0
mka	2	58.500000	26	2	20	8.000000	55.000000	0.520220	2.544433	2246.449315	-420.000000	0.000000	59.000000	2293.428072	1059.333282	1811.388626	0.000000	0	456.079633	33.958561	38.726762	-0.407476	-480.039392	28.671826	9.311941	-423.026850	45.490128	0.000000	-420.000000	0	58.702630	0.382628	0.403133	33.699294	4.452232	-451.533121	11.790833	4.452232	31.533121	9.311941	3.026850	13.039392	0	1	0	1	0
mka	2	58.500000	26	2	20	8.000000	55.000000	0.520220	2.544433	2293.647070	-420.000000	0.000000	60.000000	2340.342243	1059.333282	1811.388626	0.000000	0	455.786942	33.537384	39.716584	-0.320948	-479.575425	29.125037	9.485416	-423.073740	45.490128	0.000000	-420.000000	0	58.316259	0.386371	0.421177	34.420810	4.582234	-451.324583	11.069317	4.582234	31.324583	9.485416	3.073740	12.575425	0	1	0	1	0
mka	2	58.500000	26	2	20	8.000000	55.000000	0.520220	2.544433	2340.558674	-420.000000	0.000000	61.000000	2387.381311	1059.333282	1811.388626	0.000000	0	455.502432	33.293225	40.354614	-0.436019	-479.409490	29.194502	9.392183	-422.994426	45.490128	0.000000	-420.000000	0	58.342104	0.025846	0.244159	34.774558	4.478082	-451.201958	10.715570	4.478082	31.201958	9.392183	2.994426	12.409490	0	1	0	1	0
mka	2	58.500000	26	2	20	8.000000	55.000000	0.520220	2.544433	2387.596886	-420.000000	0.000000	62.000000	2434.259980	1059.333282	1811.388626	0.000000	0	455.502143	33.266503	40.007348	-0.274103	-479.324517	29.334004	9.192232	-422.956024	45.490128	0.000000	-420.000000	0	58.145840	0.196264	0.026722	34.670676	4.459065	-451.140271	10.819451	4.459065	31.140271	9.192232	2.956024	12.324517	0	1	0	1	0
mka	2	58.500000	26	2	20	8.000000	55.000000	0.520220	2.544433	2434.474272	-420.000000	0.000000	63.000000	2481.659623	1059.333282	1811.388626	0.000000	0	455.469607	33.264275	40.045864	-0.326694	-479.327209	29.340910	9.173640	-422.974484	45.490128	0.000000	-420.000000	0	58.141912	0.003928	0.002229	34.693387	4.423473	-451.150847	10.796740	4.423473	31.150847	9.173640	2.974484	12.327209	0	1	0	1	0
mka	2	58.500000	26	2	20	8.000000	55.000000	0.520220	2.544433	2481.873915	-420.000000	0.000000	64.000000	2528.627259	1059.333282	1811.388626	0.000000	0	455.469610	33.270102	39.861989	-0.314626	-479.347820	29.362982	9.096669	-422.919203	45.490128	0.000000	-420.000000	0	58.163480	0.021568	0.005828	34.612486	4.391021	-451.133511	10.877642	4.391021	31.133511	9.096669	2.919203	12.347820	0	1	0	1	0
mka	2	58.500000	26	2	20	8.000000	55.000000	0.520220	2.544433	2528.842407	-420.000000	0.000000	65.000000	2575.729203	1059.333282	1811.388626	0.000000	0	455.609138	33.294453	39.670445	-0.266984	-479.354584	29.072460	9.234521	-422.767602	45.490128	0.000000	-420.000000	0	58.349657	0.186177	0.024351	34.371453	4.483769	-451.061093	11.118675	4.483769	31.061093	9.234521	2.767602	12.354584	0	1	0	1	0
mka	2	58.500000	26	2	20	8.000000	55.000000	0.520220	2.544433	2575.942212	-420.000000	0.000000	66.000000	2622.740468	1059.333282	1811.388626	0.000000	0	455.442206	33.192041	39.807520	-0.278203	-479.340819	29.362813	9.071173	-422.738626	45.490128	0.000000	-420.000000	0	58.312185	0.037471	0.102412	34.585167	4.396485	-451.039722	10.904961	4.396485	31.039722	9.071173	2.738626	12.340819	0	1	0	1	0
mka	2	58.500000	26	2	20	8.000000	55.000000	0.520220	2.544433	2622.955616	-420.000000	0.000000	67.000000	2669.760716	1059.333282	1811.388626	0.000000	0	455.273189	33.110417	39.992522	-0.448342	-479.329838	29.561334	9.018940	-422.739906	45.490128	0.000000	-420.000000	0	58.316889	0.004703	0.081625	34.776928	4.285299	-451.034872	10.713199	4.285299	31.034872	9.018940	2.739906	12.329838	0	1	0	1	0
mka	2	58.500000	26	2	20	8.000000	55.000000	0.520220	2.544433	2669.975008	-420.000000	0.000000	68.000000	2716.909709	1059.333282	1811.388626	0.000000	0	455.047157	33.003839	40.064343	-0.640138	-479.319165	29.865886	8.863803	-422.699229	45.490128	0.000000	-420.000000	0	58.310809	0.006079	0.106578	34.965115	4.111833	-451.009197	10.525013	4.111833	31.009197	8.863803	2.699229	12.319165	0	1	0	1	0
mka	2	58.500000	26	2	20	8.000000	55.000000	0.520220	2.544433	2717.123146	-420.000000	0.000000	69.000000	2764.100193	1059.333282	1811.388626	0.000000	0	454.594873	32.843596	40.040429	-1.059061	-479.277183	30.906409	8.619421	-422.822016	45.490128	0.000000	-420.000000	0	58.002493	0.308316	0.160242	35.473419	3.780180	-451.049599	10.016709	3.780180	31.049599	8.619421	2.822016	12.277183	0	1	0	1	0
mka	2	58.500000	26	2	20	8.000000	55.000000	0.520220	2.544433	2764.364957	-420.000000	0.000000	70.000000	2810.613154	1059.333282	1811.388626	0.000000	0	453.790899	32.511066	40.670269	-1.802439	-479.155511	31.925617	8.218499	-422.882596	45.490128	0.000000	-420.000000	0	57.823257	0.179236	0.332530	36.297943	3.208030	-451.019054	9.192184	3.208030	31.019054	8.218499	2.882596	12.155511	0	1	0	1	0
mka	2	58.500000	26	2	20	8.000000	55.000000	0.520220	2.544433	2810.831296	-420.000000	0.000000	71.000000	2857.972163	1059.333282	1811.388626	0.000000	0	453.005921	32.111482	41.324001	-2.345688	-478.887584	33.025247	7.827894	-422.901930	45.490128	0.000000	-420.000000	0	57.504474	0.318783	0.399584	37.174624	2.741103	-450.894757	8.315504	2.741103	30.894757	7.827894	2.901930	11.887584	0	1	0	1	0
mka	2	58.500000	26	2	20	8.000000	55.000000	0.520220	2.544433	2858.186027	-420.000000	0.000000	72.000000	2905.083944	1059.333282	1811.388626	0.000000	0	452.388311	31.865123	41.974361	-2.752950	-478.739710	33.892491	7.490568	-422.991030	45.490128	0.000000	-420.000000	0	57.255232	0.249243	0.246359	37.933426	2.368809	-450.865370	7.556701	2.368809	30.865370	7.490568	2.991030	11.739710	0	1	0	1	0
mka	2	58.500000	26	2	20	8.000000	55.000000	0.520220	2.544433	2905.346570	-420.000000	0.000000	73.000000	2952.375372	1059.333282	1811.388626	0.000000	0	452.129841	31.776793	42.041111	-2.789108	-478.683944	34.346123	7.157972	-423.017070	45.490128	0.000000	-420.000000	0	57.069765	0.185466	0.088330	38.193617	2.184432	-450.850507	7.296510	2.184432	30.850507	7.157972	3.017070	11.683944	0	1	0	1	0
mka	2	58.500000	26	2	20	8.000000	55.000000	0.520220	2.544433	2952.590947	-420.000000	0.000000	74.000000	2999.218111	1059.333282	1811.388626	0.000000	0	452.119031	31.782413	42.130252	-2.721702	-478.660187	34.329518	7.083687	-423.069998	45.490128	0.000000	-420.000000	0	56.984789	0.084976	0.005620	38.229885	2.180993	-450.865092	7.260243	2.180993	30.865092	7.083687	3.069998	11.660187	0	1	0	1	0
mka	2	58.500000	26	2	20	8.000000	55.000000	0.520220	2.544433	2999.446946	-420.000000	0.000000	75.000000	3046.394052	1059.333282	1811.388626	0.000000	0	452.426534	31.925310	42.034506	-2.518582	-478.686858	34.041368	7.364338	-423.210473	45.490128	0.000000	-420.000000	0	56.913896	0.070893	0.142896	38.037937	2.422878	-450.948666	7.452191	2.422878	30.948666	7.364338	3.210473	11.686858	0	1	0	1	0
mka	2	58.500000	26	2	20	8.000000	55.000000	0.520220	2.544433	3046.617754	-420.000000	0.000000	76.000000	3093.241497	1059.333282	1811.388626	0.000000	0	452.784751	32.024579	41.973938	-2.340840	-478.715275	33.568332	7.805895	-423.204805	45.490128	0.000000	-420.000000	0	57.052806	0.138910	0.099269	37.771135	2.732527	-450.960040	7.718993	2.732527	30.960040	7.805895	3.204805	11.715275	0	1	0	1	0
mka	2	58.500000	26	2	20	8.000000	55.000000	0.520220	2.544433	3093.455362	-420.000000	0.000000	77.000000	3140.490152	1059.333282	1811.388626	0.000000	0	452.918689	32.077386	41.872711	-2.101083	-478.722858	33.587843	7.825560	-423.262657	45.490128	0.000000	-420.000000	0	56.947443	0.105364	0.052808	37.730277	2.862239	-450.992757	7.759850	2.862239	30.992757	7.825560	3.262657	11.722858	0	1	0	1	0
mka	2	58.500000	26	2	20	8.000000	55.000000	0.520220	2.544433	3140.704016	-420.000000	0.000000	78.000000	3187.616476	1059.333282	1811.388626	0.000000	0	452.949674	32.046755	41.986030	-2.025951	-478.677496	33.442615	7.860339	-423.226343	45.490128	0.000000	-420.000000	0	56.969808	0.022366	0.030631	37.714323	2.917194	-450.951920	7.775805	2.917194	30.951920	7.860339	3.226343	11.677496	0	1	0	1	0
mka	2	58.500000	26	2	20	8.000000	55.000000	0.520220	2.544433	3187.830768	-420.000000	0.000000	79.000000	3234.400617	1059.333282	1811.388626	0.000000	0	452.926865	32.056544	41.945146	-1.958425	-478.684777	33.558479	7.748569	-423.262267	45.490128	0.000000	-420.000000	0	56.887754	0.082054	0.009790	37.751813	2.895072	-450.973522	7.738315	2.895072	30.973522	7.748569	3.262267	11.684777	0	1	0	1	0
mka	2	58.500000	26	2	20	8.000000	55.000000	0.520220	2.544433	3234.619614	-420.000000	0.000000	80.000000	3281.432841	1059.333282	1811.388626	0.000000	0	452.867001	32.015929	42.121670	-2.074171	-478.668784	33.456265	7.784927	-423.220107	45.490128	0.000000	-420.000000	0	56.981109	0.093355	0.040615	37.788967	2.855378	-450.944445	7.701160	2.855378	30.944445	7.784927	3.220107	11.668784	0	1	0	1	0
mka	2	58.500000	26	2	20	8.000000	55.000000	0.520220	2.544433	3281.652266	-420.000000	0.000000	81.000000	3317.021603	1059.333282	1811.388626	3317.017754	0	452.815688	32.011669	  42.079978   -2.106003 -478.690686	  33.549443    7.704881 -423.212401	45.490128	0.000000	-420.000000	0	56.981257	0.000147	0.004261	0
