subjName	sessionNR	IOD	trialN	textureType	texnum	visualAngle	simulatedDepth	light_intensity	ambient_intensity	time	displayDistance	isRotated	frameN	timTote	startTime	touchTime	endTime	fingersOccluded	distanceToHome	distanceToObject	indexXraw	indexYraw	indexZraw	thumbXraw	thumbYraw	thumbZraw	targetX	targetY	targetZ	failCause	gripAperture	gripApertureVel	distFromObjVel	gripOriginX	gripOriginY	gripOriginZ	distFromObjX	distFromObjY	distFromObjZ	y_dist_thm	z_dist_thm	z_dist_ind	handOnObj	handnearObj	handfarObj	handTouchObj	framesOccluded
rhh	3	65.000000	46	1	4	8.000000	55.000000	0.763512	1.784698	887.011167	-420.000000	0.000000	30.000000	933.473884	0.000000	0.000000	0.000000	0	7.519973	429.447693	218.830991	-353.335006	-257.907017	221.501864	-358.143528	-252.661513	44.827835	0.000000	-420.000000	0	7.600707	0.130230	0.141380	220.166427	-355.739267	-255.284265	175.338592	355.739267	164.715735	358.143528	167.338487	209.092983	0	0	1	0	0
rhh	3	65.000000	46	1	4	8.000000	55.000000	0.763512	1.784698	933.662084	-420.000000	0.000000	31.000000	980.635508	0.000000	0.000000	0.000000	0	7.517089	429.517735	218.813017	-353.323353	-257.919921	221.766861	-358.182780	-252.606012	44.827835	0.000000	-420.000000	0	7.783113	0.182406	0.070042	220.289939	-355.753067	-255.262967	175.462104	355.753067	164.737033	358.182780	167.393988	209.080079	0	0	1	0	0
rhh	3	65.000000	46	1	4	8.000000	55.000000	0.763512	1.784698	980.732175	-420.000000	0.000000	32.000000	1027.645717	0.000000	0.000000	0.000000	0	7.531897	429.434197	218.804238	-353.335438	-257.927823	221.550997	-358.108745	-252.660720	44.827835	0.000000	-420.000000	0	7.620467	0.162646	0.083538	220.177618	-355.722091	-255.294271	175.349783	355.722091	164.705729	358.108745	167.339280	209.072177	0	0	1	0	0
rhh	3	65.000000	46	1	4	8.000000	55.000000	0.763512	1.784698	1027.741956	-420.000000	0.000000	33.000000	1074.806486	0.000000	0.000000	0.000000	0	7.555278	429.329568	218.625457	-353.280720	-257.925106	221.498625	-358.059759	-252.739006	44.827835	0.000000	-420.000000	0	7.615113	0.005354	0.104629	220.062041	-355.670239	-255.332056	175.234206	355.670239	164.667944	358.059759	167.260994	209.074894	0	0	1	0	0
rhh	3	65.000000	46	1	4	8.000000	55.000000	0.763512	1.784698	1074.904007	-420.000000	0.000000	34.000000	1122.075469	0.000000	0.000000	0.000000	0	7.544214	429.421543	218.774055	-353.350379	-257.954001	221.513860	-358.112601	-252.669462	44.827835	0.000000	-420.000000	0	7.623099	0.007986	0.091975	220.143958	-355.731490	-255.311732	175.316122	355.731490	164.688268	358.112601	167.330538	209.045999	0	0	1	0	0
rhh	3	65.000000	46	1	4	8.000000	55.000000	0.763512	1.784698	1122.176413	-420.000000	0.000000	35.000000	1168.738363	0.000000	0.000000	0.000000	0	7.520683	429.466926	218.835956	-353.326374	-257.889743	221.603802	-358.139155	-252.664230	44.827835	0.000000	-420.000000	0	7.624291	0.001192	0.045383	220.219879	-355.732765	-255.276986	175.392044	355.732765	164.723014	358.139155	167.335770	209.110257	0	0	1	0	0
rhh	3	65.000000	46	1	4	8.000000	55.000000	0.763512	1.784698	1168.835029	-420.000000	0.000000	36.000000	1216.101447	0.000000	0.000000	0.000000	0	7.537199	429.491548	218.909086	-353.354526	-257.899991	221.633481	-358.128121	-252.672040	44.827835	0.000000	-420.000000	0	7.585579	0.038712	0.024622	220.271284	-355.741323	-255.286016	175.443449	355.741323	164.713984	358.128121	167.327960	209.100009	0	0	1	0	0
rhh	3	65.000000	46	1	4	8.000000	55.000000	0.763512	1.784698	1216.197257	-420.000000	0.000000	37.000000	1262.967939	0.000000	0.000000	0.000000	0	7.546281	429.422361	218.812078	-353.328961	-257.909288	221.562032	-358.089206	-252.704886	44.827835	0.000000	-420.000000	0	7.570203	0.015376	0.069187	220.187055	-355.709083	-255.307087	175.359220	355.709083	164.692913	358.089206	167.295114	209.090712	0	0	1	0	0
rhh	3	65.000000	46	1	4	8.000000	55.000000	0.763512	1.784698	1263.068455	-420.000000	0.000000	38.000000	1310.366951	0.000000	0.000000	0.000000	0	7.543530	429.428463	218.957026	-353.339481	-257.858642	221.501302	-358.043055	-252.736439	44.827835	0.000000	-420.000000	0	7.404993	0.165211	0.006102	220.229164	-355.691268	-255.297540	175.401329	355.691268	164.702460	358.043055	167.263561	209.141358	0	0	1	0	0
rhh	3	65.000000	46	1	4	8.000000	55.000000	0.763512	1.784698	1310.518795	-420.000000	0.000000	39.000000	1357.647056	0.000000	0.000000	0.000000	0	7.456146	429.554901	219.577653	-353.397852	-257.704325	221.324096	-357.954264	-252.638261	44.827835	0.000000	-420.000000	0	7.033915	0.371078	0.126438	220.450875	-355.676058	-255.171293	175.623039	355.676058	164.828707	357.954264	167.361739	209.295675	0	0	1	0	0
rhh	3	65.000000	46	1	4	8.000000	55.000000	0.763512	1.784698	1357.756126	-420.000000	0.000000	40.000000	1404.633739	0.000000	0.000000	0.000000	0	7.394887	429.344046	218.691866	-352.991389	-257.837778	222.051399	-357.873696	-252.384159	44.827835	0.000000	-420.000000	0	8.053902	1.019987	0.210855	220.371632	-355.432543	-255.110968	175.543797	355.432543	164.889032	357.873696	167.615841	209.162222	0	0	1	0	0
rhh	3	65.000000	46	1	4	8.000000	55.000000	0.763512	1.784698	1404.731261	-420.000000	0.000000	41.000000	1452.413001	1440.834427	0.000000	0.000000	0	11.336938	426.033396	220.552497	-350.407966	-263.292948	221.347283	-355.068769	-253.837914	44.827835	0.000000	-420.000000	0	10.571303	2.517401	3.310650	220.949890	-352.738368	-258.565431	176.122055	352.738368	161.434569	355.068769	166.162086	203.707052	0	0	1	0	0
rhh	3	65.000000	46	1	4	8.000000	55.000000	0.763512	1.784698	1452.527205	-420.000000	0.000000	42.000000	1511.288361	1440.834427	0.000000	0.000000	0	24.972643	413.462764	223.976010	-338.450994	-274.655317	222.729337	-341.313933	-258.357709	44.827835	0.000000	-420.000000	0	16.594055	6.022752	12.570631	223.352674	-339.882464	-266.506513	178.524838	339.882464	153.493487	341.313933	161.642291	192.344683	0	0	1	0	0
rhh	3	65.000000	46	1	4	8.000000	55.000000	0.763512	1.784698	1511.396148	-420.000000	0.000000	43.000000	1558.394808	1440.834427	0.000000	0.000000	0	45.260773	394.289129	225.767620	-320.941794	-285.879491	222.147562	-318.550111	-263.335544	44.827835	0.000000	-420.000000	0	22.957668	6.363613	19.173635	223.957591	-319.745952	-274.607518	179.129756	319.745952	145.392482	318.550111	156.664456	181.120509	0	0	1	0	0
rhh	3	65.000000	46	1	4	8.000000	55.000000	0.763512	1.784698	1558.492330	-420.000000	0.000000	44.000000	1605.490562	1440.834427	0.000000	0.000000	0	71.638069	369.354596	225.575334	-297.794427	-300.214852	218.329211	-291.019523	-268.681593	44.827835	0.000000	-420.000000	0	33.056801	10.099133	24.934533	221.952273	-294.406975	-284.448223	177.124438	294.406975	135.551777	291.019523	151.318407	166.785148	0	0	1	0	0
rhh	3	65.000000	46	1	4	8.000000	55.000000	0.763512	1.784698	1605.619736	-420.000000	0.000000	45.000000	1652.077321	1440.834427	0.000000	0.000000	0	102.419388	340.182713	222.861833	-271.355302	-317.109188	212.240186	-259.794954	-275.013146	44.827835	0.000000	-420.000000	0	44.928140	11.871339	29.171883	217.551010	-265.575128	-296.061167	172.723174	265.575128	123.938833	259.794954	144.986854	149.890812	0	0	1	0	0
rhh	3	65.000000	46	1	4	8.000000	55.000000	0.763512	1.784698	1652.180403	-420.000000	0.000000	46.000000	1699.537499	1440.834427	0.000000	0.000000	0	136.158655	308.091157	218.859737	-242.797128	-336.919962	202.898336	-227.091183	-282.640445	44.827835	0.000000	-420.000000	0	58.717196	13.789056	32.091555	210.879036	-234.944156	-309.780203	166.051201	234.944156	110.219797	227.091183	137.359555	130.080038	0	0	1	0	0
rhh	3	65.000000	46	1	4	8.000000	55.000000	0.763512	1.784698	1699.634593	-420.000000	0.000000	47.000000	1746.358652	1440.834427	0.000000	0.000000	0	169.433124	275.899253	210.864742	-213.680586	-355.005324	192.792703	-197.525774	-293.177558	44.827835	0.000000	-420.000000	0	66.409706	7.692511	32.191904	201.828722	-205.603180	-324.091441	157.000887	205.603180	95.908559	197.525774	126.822442	111.994676	0	0	1	0	0
rhh	3	65.000000	46	1	4	8.000000	55.000000	0.763512	1.784698	1746.455318	-420.000000	0.000000	48.000000	1793.545512	1440.834427	0.000000	0.000000	0	202.118046	244.053985	200.503571	-185.511550	-371.760476	181.854979	-170.144241	-306.736045	44.827835	0.000000	-420.000000	0	69.369307	2.959601	31.845268	191.179275	-177.827895	-339.248261	146.351440	177.827895	80.751739	170.144241	113.263955	95.239524	0	0	0	0	0
rhh	3	65.000000	46	1	4	8.000000	55.000000	0.763512	1.784698	1793.744833	-420.000000	0.000000	49.000000	1840.390618	1440.834427	0.000000	0.000000	0	234.953691	212.826431	190.228710	-157.586398	-389.156729	170.928390	-143.962317	-322.252034	44.827835	0.000000	-420.000000	0	70.953196	1.583889	31.227554	180.578550	-150.774357	-355.704382	135.750715	150.774357	64.295618	143.962317	97.747966	77.843271	0	0	0	0	0
rhh	3	65.000000	46	1	4	8.000000	55.000000	0.763512	1.784698	1840.491989	-420.000000	0.000000	50.000000	1887.420074	1440.834427	0.000000	0.000000	0	266.896489	182.214156	177.509035	-131.923099	-406.182084	159.097712	-117.882708	-336.760107	44.827835	0.000000	-420.000000	0	73.181420	2.228224	30.612276	168.303374	-124.902904	-371.471095	123.475539	124.902904	48.528905	117.882708	83.239893	60.817916	0	0	0	0	0
rhh	3	65.000000	46	1	4	8.000000	55.000000	0.763512	1.784698	1887.522301	-420.000000	0.000000	51.000000	1934.789145	1440.834427	0.000000	0.000000	0	296.835316	153.508252	164.199411	-107.682998	-422.082538	146.129320	-94.875409	-350.592677	44.827835	0.000000	-420.000000	0	74.842252	1.660832	28.705903	155.164365	-101.279203	-386.337608	110.336530	101.279203	33.662392	94.875409	69.407323	44.917462	0	0	0	0	0
rhh	3	65.000000	46	1	4	8.000000	55.000000	0.763512	1.784698	1934.887095	-420.000000	0.000000	52.000000	1981.713809	1440.834427	0.000000	0.000000	0	323.930419	126.624302	148.626106	-87.056519	-436.657338	131.537981	-74.790312	-362.759390	44.827835	0.000000	-420.000000	0	76.833394	1.991143	26.883950	140.082043	-80.923415	-399.708364	95.254208	80.923415	20.291636	74.790312	57.240610	30.342662	0	0	0	0	0
rhh	3	65.000000	46	1	4	8.000000	55.000000	0.763512	1.784698	1981.811758	-420.000000	0.000000	53.000000	2028.677395	1440.834427	0.000000	0.000000	0	348.048475	102.212457	132.447255	-69.305837	-449.167635	116.631911	-57.350883	-372.617830	44.827835	0.000000	-420.000000	0	79.075398	2.242004	24.411845	124.539583	-63.328360	-410.892732	79.711748	63.328360	9.107268	57.350883	47.382170	17.832365	0	0	0	0	0
rhh	3	65.000000	46	1	4	8.000000	55.000000	0.763512	1.784698	2028.774489	-420.000000	0.000000	54.000000	2075.633282	1440.834427	0.000000	0.000000	0	368.525778	81.035264	116.700113	-55.152093	-459.563743	101.444787	-43.625459	-381.043690	44.827835	0.000000	-420.000000	0	80.814523	1.739124	21.177193	109.072450	-49.388776	-420.303716	64.244615	49.388776	0.303716	43.625459	38.956310	7.436257	0	0	0	0	0
rhh	3	65.000000	46	1	4	8.000000	55.000000	0.763512	1.784698	2075.731232	-420.000000	0.000000	55.000000	2122.586175	1440.834427	0.000000	0.000000	0	386.007143	63.280284	101.667268	-44.154750	-468.151623	87.754295	-32.001699	-388.113040	44.827835	0.000000	-420.000000	0	82.142817	1.328294	17.754980	94.710781	-38.078224	-428.132331	49.882946	38.078224	8.132331	32.001699	31.886960	1.151623	0	0	0	0	0
rhh	3	65.000000	46	1	4	8.000000	55.000000	0.763512	1.784698	2122.683697	-420.000000	0.000000	56.000000	2169.919318	1440.834427	0.000000	0.000000	0	400.519700	49.185048	87.939840	-36.264738	-474.980524	74.590056	-22.899079	-394.441674	44.827835	0.000000	-420.000000	0	82.724627	0.581810	14.095236	81.264948	-29.581908	-434.711099	36.437113	29.581908	14.711099	22.899079	25.558326	7.980524	0	1	0	0	0
rhh	3	65.000000	46	1	4	8.000000	55.000000	0.763512	1.784698	2170.015556	-420.000000	0.000000	57.000000	2216.947491	1440.834427	0.000000	0.000000	0	412.290985	39.046216	75.033542	-30.469894	-479.930649	62.843217	-16.363682	-399.815680	44.827835	0.000000	-420.000000	0	82.255684	0.468943	10.138832	68.938380	-23.416788	-439.873165	24.110544	23.416788	19.873165	16.363682	20.184320	12.930649	0	1	0	0	0
rhh	3	65.000000	46	1	4	8.000000	55.000000	0.763512	1.784698	2217.044157	-420.000000	0.000000	58.000000	2263.635193	1440.834427	0.000000	0.000000	0	421.601451	32.717663	63.886266	-26.190777	-482.232563	53.061766	-11.016783	-404.162547	44.827835	0.000000	-420.000000	0	80.264234	1.991450	6.328554	58.474016	-18.603780	-443.197555	13.646181	18.603780	23.197555	11.016783	15.837453	15.232563	0	1	0	0	0
rhh	3	65.000000	46	1	4	8.000000	55.000000	0.763512	1.784698	2263.737420	-420.000000	0.000000	59.000000	2310.285683	1440.834427	2298.753731	0.000000	0	428.979042	28.355008	53.544903	-21.949517	-481.455973	44.749897	-6.833228	-406.637113	44.827835	0.000000	-420.000000	0	76.835644	3.428590	4.362654	49.147400	-14.391373	-444.046543	4.319565	14.391373	24.046543	6.833228	13.362887	14.455973	0	1	0	1	0
rhh	3	65.000000	46	1	4	8.000000	55.000000	0.763512	1.784698	2310.390049	-420.000000	0.000000	60.000000	2358.011052	1440.834427	2298.753731	0.000000	0	434.999832	25.976249	45.058953	-17.794405	-478.931704	37.684588	-3.120823	-408.119735	44.827835	0.000000	-420.000000	0	72.691336	4.144309	2.378759	41.371771	-10.457614	-443.525719	3.456065	10.457614	23.525719	3.120823	11.880265	11.931704	0	1	0	1	0
rhh	3	65.000000	46	1	4	8.000000	55.000000	0.763512	1.784698	2358.115845	-420.000000	0.000000	61.000000	2404.800125	1440.834427	2298.753731	0.000000	0	439.604705	28.518855	42.342465	-14.469719	-478.987808	34.192604	-1.512652	-414.169637	44.827835	0.000000	-420.000000	0	66.601060	6.090275	2.542605	38.267534	-7.991185	-446.578723	6.560301	7.991185	26.578723	1.512652	5.830363	11.987808	0	1	0	1	0
rhh	3	65.000000	46	1	4	8.000000	55.000000	0.763512	1.784698	2404.903207	-420.000000	0.000000	62.000000	2451.552414	1440.834427	2298.753731	0.000000	0	441.878710	30.385326	42.701303	-13.914328	-477.982532	34.113348	1.054481	-420.007162	44.827835	0.000000	-420.000000	0	60.489353	6.111708	1.866471	38.407325	-6.429924	-448.994847	6.420510	6.429924	28.994847	1.054481	0.007162	10.982532	0	1	0	1	0
rhh	3	65.000000	46	1	4	8.000000	55.000000	0.763512	1.784698	2451.650792	-420.000000	0.000000	63.000000	2510.163867	1440.834427	2298.753731	0.000000	0	442.955338	31.030471	42.307964	-13.514559	-477.345416	34.079078	2.246383	-422.224142	44.827835	0.000000	-420.000000	0	57.917844	2.571509	0.645145	38.193521	-5.634088	-449.784779	6.634314	5.634088	29.784779	2.246383	2.224142	10.345416	0	1	0	1	0
rhh	3	65.000000	46	1	4	8.000000	55.000000	0.763512	1.784698	2510.262672	-420.000000	0.000000	64.000000	2557.391788	1440.834427	2298.753731	0.000000	0	443.108825	31.245691	42.800574	-13.414919	-476.873654	34.615460	2.629863	-423.450857	44.827835	0.000000	-420.000000	0	56.377533	1.540310	0.215220	38.708017	-5.392528	-450.162255	6.119818	5.392528	30.162255	2.629863	3.450857	9.873654	0	1	0	1	0
rhh	3	65.000000	46	1	4	8.000000	55.000000	0.763512	1.784698	2557.488027	-420.000000	0.000000	65.000000	2604.430655	1440.834427	2298.753731	0.000000	0	443.028388	31.360587	42.685332	-13.569981	-476.757666	35.080013	2.602550	-423.841684	44.827835	0.000000	-420.000000	0	55.852419	0.525114	0.114896	38.882672	-5.483715	-450.299675	5.945163	5.483715	30.299675	2.602550	3.841684	9.757666	0	1	0	1	0
rhh	3	65.000000	46	1	4	8.000000	55.000000	0.763512	1.784698	2604.527321	-420.000000	0.000000	66.000000	2651.579019	1440.834427	2298.753731	0.000000	0	442.808843	31.596262	42.471444	-13.651907	-476.877148	35.253683	1.913919	-424.058694	44.827835	0.000000	-420.000000	0	55.535396	0.317023	0.235675	38.862563	-5.868994	-450.467921	5.965272	5.868994	30.467921	1.913919	4.058694	9.877148	0	1	0	1	0
rhh	3	65.000000	46	1	4	8.000000	55.000000	0.763512	1.784698	2651.675685	-420.000000	0.000000	67.000000	2698.339863	1440.834427	2298.753731	0.000000	0	442.819507	31.602730	42.638668	-13.678166	-476.921686	35.163701	1.985404	-424.051331	44.827835	0.000000	-420.000000	0	55.646177	0.110782	0.006468	38.901185	-5.846381	-450.486508	5.926651	5.846381	30.486508	1.985404	4.051331	9.921686	0	1	0	1	0
rhh	3	65.000000	46	1	4	8.000000	55.000000	0.763512	1.784698	2698.436957	-420.000000	0.000000	68.000000	2745.298744	1440.834427	2298.753731	0.000000	0	443.131549	31.600208	42.431552	-13.518782	-476.967884	34.933853	2.383167	-424.017688	44.827835	0.000000	-420.000000	0	55.792569	0.146391	0.002523	38.682702	-5.567808	-450.492786	6.145133	5.567808	30.492786	2.383167	4.017688	9.967884	0	1	0	1	0
rhh	3	65.000000	46	1	4	8.000000	55.000000	0.763512	1.784698	2745.395410	-420.000000	0.000000	69.000000	2792.277301	1440.834427	2298.753731	0.000000	0	443.160700	31.674288	42.415750	-13.490530	-476.905022	35.154696	2.415398	-424.285917	44.827835	0.000000	-420.000000	0	55.448099	0.344470	0.074081	38.785223	-5.537566	-450.595469	6.042612	5.537566	30.595469	2.415398	4.285917	9.905022	0	1	0	1	0
rhh	3	65.000000	46	1	4	8.000000	55.000000	0.763512	1.784698	2792.429144	-420.000000	0.000000	70.000000	2839.818319	1440.834427	2298.753731	0.000000	0	443.124968	31.657943	42.516777	-13.455906	-476.766511	35.392188	2.439791	-424.467153	44.827835	0.000000	-420.000000	0	55.124004	0.324095	0.016345	38.954482	-5.508058	-450.616832	5.873353	5.508058	30.616832	2.439791	4.467153	9.766511	0	1	0	1	0
rhh	3	65.000000	46	1	4	8.000000	55.000000	0.763512	1.784698	2839.923112	-420.000000	0.000000	71.000000	2886.625785	1440.834427	2298.753731	0.000000	0	443.056401	31.538197	42.453652	-13.505321	-476.638434	35.321879	2.413367	-424.307956	44.827835	0.000000	-420.000000	0	55.161088	0.037085	0.119746	38.887765	-5.545977	-450.473195	5.940070	5.545977	30.473195	2.413367	4.307956	9.638434	0	1	0	1	0
rhh	3	65.000000	46	1	4	8.000000	55.000000	0.763512	1.784698	2886.722879	-420.000000	0.000000	72.000000	2933.627439	1440.834427	2298.753731	0.000000	0	442.733570	31.790656	42.355519	-13.992824	-476.892816	35.378168	1.876909	-424.374257	44.827835	0.000000	-420.000000	0	55.305794	0.144706	0.252459	38.866844	-6.057958	-450.633536	5.960991	6.057958	30.633536	1.876909	4.374257	9.892816	0	1	0	1	0
rhh	3	65.000000	46	1	4	8.000000	55.000000	0.763512	1.784698	2933.724533	-420.000000	0.000000	73.000000	2980.761260	1440.834427	2298.753731	0.000000	0	442.605836	31.737217	42.300089	-14.124747	-476.644347	35.454207	1.784174	-424.470883	44.827835	0.000000	-420.000000	0	54.972996	0.332799	0.053439	38.877148	-6.170287	-450.557615	5.950687	6.170287	30.557615	1.784174	4.470883	9.644347	0	1	0	1	0
rhh	3	65.000000	46	1	4	8.000000	55.000000	0.763512	1.784698	2980.859210	-420.000000	0.000000	74.000000	3027.546484	1440.834427	2298.753731	0.000000	0	442.698942	31.709434	42.363917	-14.168101	-476.590940	35.522442	2.116386	-424.549819	44.827835	0.000000	-420.000000	0	54.956971	0.016025	0.027783	38.943179	-6.025858	-450.570379	5.884656	6.025858	30.570379	2.116386	4.549819	9.590940	0	1	0	1	0
rhh	3	65.000000	46	1	4	8.000000	55.000000	0.763512	1.784698	3027.644006	-420.000000	0.000000	75.000000	3074.906146	1440.834427	2298.753731	0.000000	0	442.957545	31.634704	42.278972	-14.096406	-476.551503	35.261674	2.589093	-424.471656	44.827835	0.000000	-420.000000	0	55.135821	0.178850	0.074730	38.770323	-5.753657	-450.511580	6.057512	5.753657	30.511580	2.589093	4.471656	9.551503	0	1	0	1	0
rhh	3	65.000000	46	1	4	8.000000	55.000000	0.763512	1.784698	3075.004095	-420.000000	0.000000	76.000000	3121.807284	1440.834427	2298.753731	0.000000	0	442.870680	31.658778	42.363446	-14.116661	-476.526069	35.309208	2.432965	-424.539564	44.827835	0.000000	-420.000000	0	55.011354	0.124467	0.024074	38.836327	-5.841848	-450.532817	5.991508	5.841848	30.532817	2.432965	4.539564	9.526069	0	1	0	1	0
rhh	3	65.000000	46	1	4	8.000000	55.000000	0.763512	1.784698	3121.909511	-420.000000	0.000000	77.000000	3169.320500	1440.834427	2298.753731	0.000000	0	442.783459	31.724596	42.272659	-14.232338	-476.502605	35.363807	2.266011	-424.637773	44.827835	0.000000	-420.000000	0	54.862451	0.148903	0.065818	38.818233	-5.983164	-450.570189	6.009602	5.983164	30.570189	2.266011	4.637773	9.502605	0	1	0	1	0
rhh	3	65.000000	46	1	4	8.000000	55.000000	0.763512	1.784698	3169.459939	-420.000000	0.000000	78.000000	3216.299057	1440.834427	2298.753731	0.000000	0	442.525626	32.015487	41.844026	-14.855458	-476.682702	35.539660	1.900779	-424.811527	44.827835	0.000000	-420.000000	0	54.873812	0.011361	0.290890	38.691843	-6.477340	-450.747115	6.135992	6.477340	30.747115	1.900779	4.811527	9.682702	0	1	0	1	0
rhh	3	65.000000	46	1	4	8.000000	55.000000	0.763512	1.784698	3216.400428	-420.000000	0.000000	79.000000	3263.238690	1440.834427	2298.753731	0.000000	0	442.347310	32.047206	41.772713	-15.241001	-476.717804	35.398509	1.775125	-424.689869	44.827835	0.000000	-420.000000	0	55.109755	0.235943	0.031719	38.585611	-6.732938	-450.703836	6.242224	6.732938	30.703836	1.775125	4.689869	9.717804	0	1	0	1	0
rhh	3	65.000000	46	1	4	8.000000	55.000000	0.763512	1.784698	3263.346050	-420.000000	0.000000	80.000000	3310.212970	1440.834427	2298.753731	0.000000	0	442.327610	32.073037	41.511302	-15.193974	-476.694549	35.496623	1.598415	-424.705076	44.827835	0.000000	-420.000000	0	54.964224	0.145531	0.025831	38.503962	-6.797780	-450.699813	6.323873	6.797780	30.699813	1.598415	4.705076	9.694549	0	1	0	1	0
rhh	3	65.000000	46	1	4	8.000000	55.000000	0.763512	1.784698	3310.314769	-420.000000	0.000000	81.000000	3357.480242	1440.834427	2298.753731	0.000000	0	442.475095	32.076084	41.557801	-15.197202	-476.720427	35.396721	1.911087	-424.742251	44.827835	0.000000	-420.000000	0	55.067079	0.102855	0.003048	38.477261	-6.643057	-450.731339	6.350574	6.643057	30.731339	1.911087	4.742251	9.720427	0	1	0	1	0
rhh	3	65.000000	46	1	4	8.000000	55.000000	0.763512	1.784698	3357.583324	-420.000000	0.000000	82.000000	3404.580273	1440.834427	2298.753731	0.000000	0	442.612231	32.022353	41.651902	-15.088314	-476.687300	35.197007	2.131960	-424.711756	44.827835	0.000000	-420.000000	0	55.133118	0.066039	0.053731	38.424455	-6.478177	-450.699528	6.403380	6.478177	30.699528	2.131960	4.711756	9.687300	0	1	0	1	0
rhh	3	65.000000	46	1	4	8.000000	55.000000	0.763512	1.784698	3404.677368	-420.000000	0.000000	83.000000	3451.591337	1440.834427	2298.753731	0.000000	0	442.806865	32.016020	41.462882	-14.975917	-476.687338	35.178851	2.393313	-424.732672	44.827835	0.000000	-420.000000	0	55.140426	0.007308	0.006333	38.320866	-6.291302	-450.710005	6.506969	6.291302	30.710005	2.393313	4.732672	9.687338	0	1	0	1	0
rhh	3	65.000000	46	1	4	8.000000	55.000000	0.763512	1.784698	3451.688004	-420.000000	0.000000	84.000000	3498.657578	1440.834427	2298.753731	0.000000	0	442.784577	31.960206	41.694270	-14.980811	-476.635689	35.104093	2.463343	-424.714304	44.827835	0.000000	-420.000000	0	55.168462	0.028036	0.055814	38.399182	-6.258734	-450.674997	6.428653	6.258734	30.674997	2.463343	4.714304	9.635689	0	1	0	1	0
rhh	3	65.000000	46	1	4	8.000000	55.000000	0.763512	1.784698	3498.755528	-420.000000	0.000000	85.000000	3545.621592	1440.834427	2298.753731	0.000000	0	442.765247	32.012544	41.751389	-14.789458	-476.550087	35.240566	2.240227	-424.942668	44.827835	0.000000	-420.000000	0	54.733232	0.435230	0.052338	38.495977	-6.274616	-450.746378	6.331858	6.274616	30.746378	2.240227	4.942668	9.550087	0	1	0	1	0
rhh	3	65.000000	46	1	4	8.000000	55.000000	0.763512	1.784698	3545.719542	-420.000000	0.000000	86.000000	3592.613836	1440.834427	2298.753731	0.000000	0	442.991625	32.091856	41.615304	-14.321073	-476.618035	35.209661	2.140255	-425.079207	44.827835	0.000000	-420.000000	0	54.481725	0.251508	0.079312	38.412482	-6.090409	-450.848621	6.415353	6.090409	30.848621	2.140255	5.079207	9.618035	0	1	0	1	0
rhh	3	65.000000	46	1	4	8.000000	55.000000	0.763512	1.784698	3592.711786	-420.000000	0.000000	87.000000	3639.627467	1440.834427	2298.753731	0.000000	0	442.977934	31.995918	42.018352	-14.014631	-476.491599	35.246427	2.063566	-425.141127	44.827835	0.000000	-420.000000	0	54.233185	0.248539	0.095938	38.632390	-5.975532	-450.816363	6.195445	5.975532	30.816363	2.063566	5.141127	9.491599	0	1	0	1	0
rhh	3	65.000000	46	1	4	8.000000	55.000000	0.763512	1.784698	3639.728838	-420.000000	0.000000	88.000000	3686.629121	1440.834427	2298.753731	0.000000	0	442.917231	31.959346	42.138895	-13.968480	-476.453903	35.223389	1.953899	-425.110061	44.827835	0.000000	-420.000000	0	54.199045	0.034141	0.036572	38.681142	-6.007290	-450.781982	6.146693	6.007290	30.781982	1.953899	5.110061	9.453903	0	1	0	1	0
rhh	3	65.000000	46	1	4	8.000000	55.000000	0.763512	1.784698	3686.726215	-420.000000	0.000000	89.000000	3733.855332	1440.834427	2298.753731	0.000000	0	442.798271	31.951475	42.104644	-14.020366	-476.437304	35.254366	1.742888	-425.057759	44.827835	0.000000	-420.000000	0	54.178077	0.020968	0.007870	38.679505	-6.138739	-450.747532	6.148330	6.138739	30.747532	1.742888	5.057759	9.437304	0	1	0	1	0
rhh	3	65.000000	46	1	4	8.000000	55.000000	0.763512	1.784698	3733.952853	-420.000000	0.000000	90.000000	3780.772723	1440.834427	2298.753731	0.000000	0	442.881576	31.974983	42.161318	-14.032071	-476.477141	35.296776	1.953950	-425.125914	44.827835	0.000000	-420.000000	0	54.218293	0.040216	0.023508	38.729047	-6.039061	-450.801527	6.098788	6.039061	30.801527	1.953950	5.125914	9.477141	0	1	0	1	0
rhh	3	65.000000	46	1	4	8.000000	55.000000	0.763512	1.784698	3780.874950	-420.000000	0.000000	91.000000	3828.112282	1440.834427	2298.753731	0.000000	0	442.987762	31.997182	42.040567	-13.867469	-476.445686	35.358369	1.985620	-425.229858	44.827835	0.000000	-420.000000	0	54.028079	0.190214	0.022199	38.699468	-5.940925	-450.837772	6.128367	5.940925	30.837772	1.985620	5.229858	9.445686	0	1	0	1	0
rhh	3	65.000000	46	1	4	8.000000	55.000000	0.763512	1.784698	3828.213653	-420.000000	0.000000	92.000000	3863.264610	1440.834427	2298.753731	3863.260333	0	443.179447	32.024125	  42.030318  -13.842736 -476.514624	  35.258943    2.329367 -425.264762	44.827835	0.000000	-420.000000	0	54.165826	0.137747	0.026943	0
