subjName	sessionNR	IOD	trialN	textureType	texnum	visualAngle	simulatedDepth	light_intensity	ambient_intensity	time	displayDistance	isRotated	frameN	timTote	startTime	touchTime	endTime	fingersOccluded	distanceToHome	distanceToObject	indexXraw	indexYraw	indexZraw	thumbXraw	thumbYraw	thumbZraw	targetX	targetY	targetZ	failCause	gripAperture	gripApertureVel	distFromObjVel	gripOriginX	gripOriginY	gripOriginZ	distFromObjX	distFromObjY	distFromObjZ	y_dist_thm	z_dist_thm	z_dist_ind	handOnObj	handnearObj	handfarObj	handTouchObj	framesOccluded
rhh	6	65.000000	8	1	15	8.000000	45.000000	0.705982	1.782244	887.582182	-420.000000	0.000000	30.000000	934.755355	0.000000	0.000000	0.000000	0	0.897315	431.801396	220.151817	-354.416144	-254.546501	221.603513	-358.432440	-248.695796	44.631439	0.000000	-420.000000	0	7.243535	0.203788	0.076820	220.877665	-356.424292	-251.621148	176.246226	356.424292	168.378852	358.432440	171.304204	202.453499	0	0	1	0	0
rhh	6	65.000000	8	1	15	8.000000	45.000000	0.705982	1.782244	934.954248	-420.000000	0.000000	31.000000	981.820313	0.000000	0.000000	0.000000	0	0.912753	431.780480	219.945366	-354.353722	-254.590846	221.763644	-358.471352	-248.660480	44.631439	0.000000	-420.000000	0	7.445149	0.201614	0.020916	220.854505	-356.412537	-251.625663	176.223066	356.412537	168.374337	358.471352	171.339520	202.409154	0	0	1	0	0
rhh	6	65.000000	8	1	15	8.000000	45.000000	0.705982	1.782244	981.923395	-420.000000	0.000000	32.000000	1028.886126	0.000000	0.000000	0.000000	0	0.959402	431.724047	219.887119	-354.314605	-254.605121	221.718820	-358.438908	-248.676289	44.631439	0.000000	-420.000000	0	7.450910	0.005760	0.056433	220.802969	-356.376756	-251.640705	176.171530	356.376756	168.359295	358.438908	171.323711	202.394879	0	0	1	0	0
rhh	6	65.000000	8	1	15	8.000000	45.000000	0.705982	1.782244	1028.990919	-420.000000	0.000000	33.000000	1076.069136	0.000000	0.000000	0.000000	0	0.926036	431.775596	219.969936	-354.346136	-254.583990	221.810127	-358.421760	-248.645726	44.631439	0.000000	-420.000000	0	7.433706	0.017204	0.051549	220.890032	-356.383948	-251.614858	176.258592	356.383948	168.385142	358.421760	171.354274	202.416010	0	0	1	0	0
rhh	6	65.000000	8	1	15	8.000000	45.000000	0.705982	1.782244	1076.168797	-420.000000	0.000000	34.000000	1123.177294	0.000000	0.000000	0.000000	0	1.101940	431.615059	219.937155	-354.162569	-254.767972	221.883799	-358.173283	-248.413573	44.631439	0.000000	-420.000000	0	7.762322	0.328616	0.160538	220.910477	-356.167926	-251.590773	176.279038	356.167926	168.409227	358.173283	171.586427	202.232028	0	0	1	0	0
rhh	6	65.000000	8	1	15	8.000000	45.000000	0.705982	1.782244	1123.277382	-420.000000	0.000000	35.000000	1170.840642	1159.210313	0.000000	0.000000	0	8.276746	425.364738	220.249730	-350.163197	-262.697314	222.019574	-351.179005	-249.817998	44.631439	0.000000	-420.000000	0	13.039977	5.277655	6.250321	221.134652	-350.671101	-256.257656	176.503213	350.671101	163.742344	351.179005	170.182002	194.302686	0	0	1	0	0
rhh	6	65.000000	8	1	15	8.000000	45.000000	0.705982	1.782244	1170.949285	-420.000000	0.000000	36.000000	1229.947402	1159.210313	0.000000	0.000000	0	38.789442	397.429605	222.758917	-325.879297	-286.737137	217.778110	-322.046025	-255.604644	44.631439	0.000000	-420.000000	0	31.760581	18.720605	27.935133	220.268513	-323.962661	-271.170890	175.637074	323.962661	148.829110	322.046025	164.395356	170.262863	0	0	1	0	0
rhh	6	65.000000	8	1	15	8.000000	45.000000	0.705982	1.782244	1230.050912	-420.000000	0.000000	37.000000	1276.717228	1159.210313	0.000000	0.000000	0	72.994748	364.516602	218.889342	-295.482037	-305.232383	210.049349	-291.358576	-266.947061	44.631439	0.000000	-420.000000	0	39.508408	7.747826	32.913003	214.469346	-293.420306	-286.089722	169.837907	293.420306	133.910278	291.358576	153.052939	151.767617	0	0	1	0	0
rhh	6	65.000000	8	1	15	8.000000	45.000000	0.705982	1.782244	1276.818172	-420.000000	0.000000	38.000000	1323.963542	1159.210313	0.000000	0.000000	0	115.722505	323.274355	210.410211	-255.843932	-321.646048	200.632017	-251.673877	-279.797964	44.631439	0.000000	-420.000000	0	43.177131	3.668723	41.242246	205.521114	-253.758905	-300.722006	160.889675	253.758905	119.277994	251.673877	140.202036	135.353952	0	0	1	0	0
rhh	6	65.000000	8	1	15	8.000000	45.000000	0.705982	1.782244	1324.153453	-420.000000	0.000000	39.000000	1371.277437	1159.210313	0.000000	0.000000	0	159.828917	280.196518	198.369182	-215.003507	-337.617441	187.318147	-212.450073	-293.920725	44.631439	0.000000	-420.000000	0	45.144750	1.967619	43.077838	192.843664	-213.726790	-315.769083	148.212225	213.726790	104.230917	212.450073	126.079275	119.382559	0	0	1	0	0
rhh	6	65.000000	8	1	15	8.000000	45.000000	0.705982	1.782244	1371.384797	-420.000000	0.000000	40.000000	1417.593444	1159.210313	0.000000	0.000000	0	203.132900	238.302092	185.153675	-175.329302	-352.841751	174.156705	-174.669055	-309.037379	44.631439	0.000000	-420.000000	0	45.168487	0.023737	41.894426	179.655190	-174.999178	-330.939565	135.023751	174.999178	89.060435	174.669055	110.962621	104.158249	0	0	0	0	0
rhh	6	65.000000	8	1	15	8.000000	45.000000	0.705982	1.782244	1417.699521	-420.000000	0.000000	41.000000	1464.760201	1159.210313	0.000000	0.000000	0	243.357471	199.888612	173.000090	-140.001977	-369.561096	161.403486	-140.586314	-325.531769	44.631439	0.000000	-420.000000	0	45.534650	0.366163	38.413480	167.201788	-140.294146	-347.546432	122.570348	140.294146	72.453568	140.586314	94.468231	87.438904	0	0	0	0	0
rhh	6	65.000000	8	1	15	8.000000	45.000000	0.705982	1.782244	1464.860289	-420.000000	0.000000	42.000000	1512.114730	1159.210313	0.000000	0.000000	0	279.922389	164.971972	159.896068	-108.755083	-386.035680	148.450692	-110.460042	-340.783102	44.631439	0.000000	-420.000000	0	46.708664	1.174014	34.916639	154.173380	-109.607563	-363.409391	109.541941	109.607563	56.590609	110.460042	79.216898	70.964320	0	0	0	0	0
rhh	6	65.000000	8	1	15	8.000000	45.000000	0.705982	1.782244	1512.215674	-420.000000	0.000000	43.000000	1559.270366	1159.210313	0.000000	0.000000	0	311.683353	134.105574	146.445953	-83.361172	-402.005144	133.993447	-85.253090	-354.580297	44.631439	0.000000	-420.000000	0	49.068934	2.360270	30.866398	140.219700	-84.307131	-378.292720	95.588261	84.307131	41.707280	85.253090	65.419703	54.994856	0	0	0	0	0
rhh	6	65.000000	8	1	15	8.000000	45.000000	0.705982	1.782244	1559.370026	-420.000000	0.000000	44.000000	1605.879366	1159.210313	0.000000	0.000000	0	338.915824	107.158449	132.753252	-64.360882	-418.922714	118.962754	-64.868568	-367.781289	44.631439	0.000000	-420.000000	0	52.970567	3.901632	26.947125	125.858003	-64.614725	-393.352001	81.226564	64.614725	26.647999	64.868568	52.218711	38.077286	0	0	0	0	0
rhh	6	65.000000	8	1	15	8.000000	45.000000	0.705982	1.782244	1605.979027	-420.000000	0.000000	45.000000	1653.097023	1159.210313	0.000000	0.000000	0	361.632795	84.980894	119.470010	-49.395351	-435.124752	105.429020	-49.880528	-379.693038	44.631439	0.000000	-420.000000	0	57.184436	4.213869	22.177555	112.449515	-49.637940	-407.408895	67.818076	49.637940	12.591105	49.880528	40.306962	21.875248	0	0	0	0	0
rhh	6	65.000000	8	1	15	8.000000	45.000000	0.705982	1.782244	1653.197966	-420.000000	0.000000	46.000000	1700.016553	1159.210313	0.000000	0.000000	0	380.357666	66.533737	106.962790	-37.733256	-447.447761	91.843929	-37.704815	-388.527725	44.631439	0.000000	-420.000000	0	60.828869	3.644434	18.447158	99.403360	-37.719036	-417.987743	54.771921	37.719036	2.012257	37.704815	31.472275	9.552239	0	0	0	0	0
rhh	6	65.000000	8	1	15	8.000000	45.000000	0.705982	1.782244	1700.117497	-420.000000	0.000000	47.000000	1747.225227	1159.210313	0.000000	0.000000	0	395.413588	51.590066	95.067796	-29.260866	-456.977865	79.708120	-27.443655	-393.896756	44.631439	0.000000	-420.000000	0	64.949582	4.120713	14.943670	87.387958	-28.352261	-425.437311	42.756519	28.352261	5.437311	27.443655	26.103244	0.022135	0	1	0	0	0
rhh	6	65.000000	8	1	15	8.000000	45.000000	0.705982	1.782244	1747.325315	-420.000000	0.000000	48.000000	1794.049374	1159.210313	0.000000	0.000000	0	407.876244	39.361622	84.181986	-21.306800	-463.047849	70.005447	-18.605856	-396.678570	44.631439	0.000000	-420.000000	0	67.920178	2.970596	12.228444	77.093716	-19.956328	-429.863209	32.462277	19.956328	9.863209	18.605856	23.321430	6.047849	0	1	0	0	0
rhh	6	65.000000	8	1	15	8.000000	45.000000	0.705982	1.782244	1794.200790	-420.000000	0.000000	49.000000	1840.882504	1159.210313	0.000000	0.000000	0	417.124646	29.724662	74.302920	-15.697013	-465.782562	61.449902	-12.261438	-398.532707	44.631439	0.000000	-420.000000	0	68.553236	0.633058	9.636960	67.876411	-13.979226	-432.157634	23.244972	13.979226	12.157634	12.261438	21.467293	8.782562	0	1	0	0	0
rhh	6	65.000000	8	1	15	8.000000	45.000000	0.705982	1.782244	1840.986014	-420.000000	0.000000	50.000000	1887.292183	1159.210313	0.000000	0.000000	0	424.103515	21.809565	65.339900	-11.357949	-465.692652	54.118614	-7.490488	-399.518226	44.631439	0.000000	-420.000000	0	67.230419	1.322817	7.915098	59.729257	-9.424219	-432.605439	15.097818	9.424219	12.605439	7.490488	20.481774	8.692652	0	1	0	0	0
rhh	6	65.000000	8	1	15	8.000000	45.000000	0.705982	1.782244	1887.391416	-420.000000	0.000000	51.000000	1934.425150	1159.210313	0.000000	0.000000	0	428.716221	16.154006	58.143936	-8.681366	-462.887002	48.833810	-4.059733	-400.938521	44.631439	0.000000	-420.000000	0	62.814426	4.415992	5.655559	53.488873	-6.370549	-431.912761	8.857434	6.370549	11.912761	4.059733	19.061479	5.887002	0	1	0	0	0
rhh	6	65.000000	8	1	15	8.000000	45.000000	0.705982	1.782244	1934.529087	-420.000000	0.000000	52.000000	1981.914840	1159.210313	0.000000	0.000000	0	431.955661	14.305206	53.944187	-6.986278	-461.654715	44.513585	-2.696653	-403.648456	44.631439	0.000000	-420.000000	0	58.924216	3.890210	1.848800	49.228886	-4.841466	-432.651586	4.597447	4.841466	12.651586	2.696653	16.351544	4.654715	0	1	0	0	0
rhh	6	65.000000	8	1	15	8.000000	45.000000	0.705982	1.782244	1982.014929	-420.000000	0.000000	53.000000	2028.815123	1159.210313	2016.892656	0.000000	0	434.006994	16.361738	53.556905	-6.190007	-462.004880	43.868179	-1.747634	-408.674073	44.631439	0.000000	-420.000000	0	54.385486	4.538730	2.056532	48.712542	-3.968820	-435.339476	4.081103	3.968820	15.339476	1.747634	11.325927	5.004880	0	1	0	1	0
rhh	6	65.000000	8	1	15	8.000000	45.000000	0.705982	1.782244	2028.916067	-420.000000	0.000000	54.000000	2076.128590	1159.210313	2016.892656	0.000000	0	434.388070	19.004881	53.772308	-6.766221	-460.892607	44.854409	-2.290881	-414.814948	44.631439	0.000000	-420.000000	0	47.145608	7.239878	2.643143	49.313358	-4.528551	-437.853778	4.681919	4.528551	17.853778	2.290881	5.185052	3.892607	1	1	0	1	0
rhh	6	65.000000	8	1	15	8.000000	45.000000	0.705982	1.782244	2076.229534	-420.000000	0.000000	55.000000	2122.904832	1159.210313	2016.892656	0.000000	0	434.885334	21.755208	53.714772	-7.280082	-461.075391	45.836072	-2.937701	-419.947907	44.631439	0.000000	-420.000000	0	42.099883	5.045725	2.750327	49.775422	-5.108892	-440.511649	5.143983	5.108892	20.511649	2.937701	0.052093	4.075391	1	1	0	1	0
rhh	6	65.000000	8	1	15	8.000000	45.000000	0.705982	1.782244	2123.004920	-420.000000	0.000000	56.000000	2169.826501	1159.210313	2016.892656	0.000000	0	435.201738	23.078354	53.751340	-8.045086	-461.442911	45.020609	-3.234914	-422.292440	44.631439	0.000000	-420.000000	0	40.399540	1.700343	1.323146	49.385975	-5.640000	-441.867675	4.754535	5.640000	21.867675	3.234914	2.292440	4.442911	1	1	0	1	0
rhh	6	65.000000	8	1	15	8.000000	45.000000	0.705982	1.782244	2169.927872	-420.000000	0.000000	57.000000	2216.782816	1159.210313	2016.892656	0.000000	0	435.786116	24.395887	53.406828	-8.254563	-461.608797	45.482125	-3.018046	-424.876731	44.631439	0.000000	-420.000000	0	37.940305	2.459235	1.317533	49.444477	-5.636304	-443.242764	4.813038	5.636304	23.242764	3.018046	4.876731	4.608797	1	1	0	1	0
rhh	6	65.000000	8	1	15	8.000000	45.000000	0.705982	1.782244	2216.882904	-420.000000	0.000000	58.000000	2263.970531	1159.210313	2016.892656	0.000000	0	436.027613	24.617235	53.817262	-8.386893	-461.486736	45.450068	-2.378274	-425.503212	44.631439	0.000000	-420.000000	0	37.428965	0.511340	0.221348	49.633665	-5.382583	-443.494974	5.002226	5.382583	23.494974	2.378274	5.503212	4.486736	1	1	0	1	0
rhh	6	65.000000	8	1	15	8.000000	45.000000	0.705982	1.782244	2264.069764	-420.000000	0.000000	59.000000	2311.070990	1159.210313	2016.892656	0.000000	0	436.541407	24.449159	53.589767	-8.091228	-461.500962	45.020475	-1.717134	-425.482741	44.631439	0.000000	-420.000000	0	37.568259	0.139294	0.168076	49.305121	-4.904181	-443.491851	4.673682	4.904181	23.491851	1.717134	5.482741	4.500962	1	1	0	1	0
rhh	6	65.000000	8	1	15	8.000000	45.000000	0.705982	1.782244	2311.184766	-420.000000	0.000000	60.000000	2358.155196	1159.210313	2016.892656	0.000000	0	437.029793	24.453232	53.536675	-7.733559	-461.431942	45.018721	-1.015708	-425.779727	44.631439	0.000000	-420.000000	0	37.266144	0.302115	0.004073	49.277698	-4.374633	-443.605835	4.646259	4.374633	23.605835	1.015708	5.779727	4.431942	1	1	0	1	0
rhh	6	65.000000	8	1	15	8.000000	45.000000	0.705982	1.782244	2358.259561	-420.000000	0.000000	61.000000	2405.205183	1159.210313	2016.892656	0.000000	0	437.487049	24.350872	53.464646	-7.329944	-461.322606	45.047274	-0.302778	-425.879689	44.631439	0.000000	-420.000000	0	37.100318	0.165826	0.102360	49.255960	-3.816361	-443.601148	4.624521	3.816361	23.601148	0.302778	5.879689	4.322606	1	1	0	1	0
rhh	6	65.000000	8	1	15	8.000000	45.000000	0.705982	1.782244	2405.304843	-420.000000	0.000000	62.000000	2452.297515	1159.210313	2016.892656	0.000000	0	437.305581	24.460400	53.640714	-7.339895	-461.188509	45.353647	-0.554863	-426.100134	44.631439	0.000000	-420.000000	0	36.686594	0.413724	0.109528	49.497180	-3.947379	-443.644321	4.865741	3.947379	23.644321	0.554863	6.100134	4.188509	1	1	0	1	0
rhh	6	65.000000	8	1	15	8.000000	45.000000	0.705982	1.782244	2452.396748	-420.000000	0.000000	63.000000	2499.107975	1159.210313	2016.892656	0.000000	0	437.500124	24.424028	53.482342	-7.250689	-461.213572	45.229100	-0.318996	-426.110387	44.631439	0.000000	-420.000000	0	36.720539	0.033945	0.036372	49.355721	-3.784842	-443.661980	4.724282	3.784842	23.661980	0.318996	6.110387	4.213572	1	1	0	1	0
rhh	6	65.000000	8	1	15	8.000000	45.000000	0.705982	1.782244	2499.208063	-420.000000	0.000000	64.000000	2546.381236	1159.210313	2016.892656	0.000000	0	437.473846	24.401600	53.635132	-7.254599	-461.150262	45.335675	-0.209516	-426.091622	44.631439	0.000000	-420.000000	0	36.709977	0.010562	0.022428	49.485403	-3.732058	-443.620942	4.853964	3.732058	23.620942	0.209516	6.091622	4.150262	1	1	0	1	0
rhh	6	65.000000	8	1	15	8.000000	45.000000	0.705982	1.782244	2546.481752	-420.000000	0.000000	65.000000	2593.484689	1159.210313	2016.892656	0.000000	0	437.588163	24.284782	53.562492	-6.948670	-461.012354	45.406163	-0.134438	-426.047501	44.631439	0.000000	-420.000000	0	36.544499	0.165478	0.116819	49.484328	-3.541554	-443.529927	4.852889	3.541554	23.529927	0.134438	6.047501	4.012354	1	1	0	1	0
rhh	6	65.000000	8	1	15	8.000000	45.000000	0.705982	1.782244	2593.583922	-420.000000	0.000000	66.000000	2640.661711	1159.210313	2016.892656	0.000000	0	437.632399	24.274710	53.690645	-6.981936	-461.044358	45.320553	0.034057	-426.006078	44.631439	0.000000	-420.000000	0	36.701003	0.156504	0.010071	49.505599	-3.473939	-443.525218	4.874160	3.473939	23.525218	0.034057	6.006078	4.044358	1	1	0	1	0
rhh	6	65.000000	8	1	15	8.000000	45.000000	0.705982	1.782244	2640.762227	-420.000000	0.000000	67.000000	2687.657377	1159.210313	2016.892656	0.000000	0	437.683156	24.198021	53.674671	-6.930192	-460.994266	45.280766	0.147522	-425.933622	44.631439	0.000000	-420.000000	0	36.739630	0.038627	0.076689	49.477718	-3.391335	-443.463944	4.846279	3.391335	23.463944	0.147522	5.933622	3.994266	1	1	0	1	0
rhh	6	65.000000	8	1	15	8.000000	45.000000	0.705982	1.782244	2687.756610	-420.000000	0.000000	68.000000	2734.657748	1159.210313	2016.892656	0.000000	0	437.537420	24.230545	53.735454	-7.008573	-460.965898	45.404917	-0.039336	-425.951470	44.631439	0.000000	-420.000000	0	36.660310	0.079321	0.032524	49.570185	-3.523954	-443.458684	4.938746	3.523954	23.458684	0.039336	5.951470	3.965898	1	1	0	1	0
rhh	6	65.000000	8	1	15	8.000000	45.000000	0.705982	1.782244	2734.763824	-420.000000	0.000000	69.000000	2781.845891	1159.210313	2016.892656	0.000000	0	437.512243	24.385322	53.589882	-7.191374	-461.163944	45.422578	-0.145363	-426.055688	44.631439	0.000000	-420.000000	0	36.727929	0.067619	0.154776	49.506230	-3.668368	-443.609816	4.874791	3.668368	23.609816	0.145363	6.055688	4.163944	1	1	0	1	0
rhh	6	65.000000	8	1	15	8.000000	45.000000	0.705982	1.782244	2782.003722	-420.000000	0.000000	70.000000	2828.726926	1159.210313	2016.892656	0.000000	0	437.556084	24.238644	53.532975	-7.005417	-460.963176	45.460709	-0.089352	-425.994497	44.631439	0.000000	-420.000000	0	36.548625	0.179304	0.146678	49.496842	-3.547385	-443.478836	4.865403	3.547385	23.478836	0.089352	5.994497	3.963176	1	1	0	1	0
rhh	6	65.000000	8	1	15	8.000000	45.000000	0.705982	1.782244	2828.832147	-420.000000	0.000000	71.000000	2875.955703	1159.210313	2016.892656	0.000000	0	437.544838	24.308284	53.602750	-7.109385	-461.042285	45.456911	-0.046933	-426.036169	44.631439	0.000000	-420.000000	0	36.628691	0.080067	0.069640	49.529830	-3.578159	-443.539227	4.898391	3.578159	23.539227	0.046933	6.036169	4.042285	1	1	0	1	0
rhh	6	65.000000	8	1	15	8.000000	45.000000	0.705982	1.782244	2876.055791	-420.000000	0.000000	72.000000	2922.751192	1159.210313	2016.892656	0.000000	0	437.565774	24.263258	53.512811	-7.173457	-461.108084	45.248918	-0.052459	-425.927868	44.631439	0.000000	-420.000000	0	36.832705	0.204014	0.045025	49.380864	-3.612958	-443.517976	4.749425	3.612958	23.517976	0.052459	5.927868	4.108084	1	1	0	1	0
rhh	6	65.000000	8	1	15	8.000000	45.000000	0.705982	1.782244	2925.420210	-420.000000	0.000000	73.000000	2969.946179	1159.210313	2016.892656	0.000000	0	437.472297	24.304028	53.448014	-7.127516	-461.054907	45.470470	-0.267819	-426.006982	44.631439	0.000000	-420.000000	0	36.593083	0.239623	0.040770	49.459242	-3.697668	-443.530945	4.827803	3.697668	23.530945	0.267819	6.006982	4.054907	1	1	0	1	0
rhh	6	65.000000	8	1	15	8.000000	45.000000	0.705982	1.782244	2970.045412	-420.000000	0.000000	74.000000	3017.057331	1159.210313	2016.892656	0.000000	0	437.453137	24.389153	53.612336	-7.270105	-461.104499	45.491794	-0.154908	-426.090226	44.631439	0.000000	-420.000000	0	36.641078	0.047995	0.085125	49.552065	-3.712507	-443.597362	4.920626	3.712507	23.597362	0.154908	6.090226	4.104499	1	1	0	1	0
rhh	6	65.000000	8	1	15	8.000000	45.000000	0.705982	1.782244	3017.157847	-420.000000	0.000000	75.000000	3063.975151	1159.210313	2016.892656	0.000000	0	437.688269	24.302408	53.493387	-7.094657	-461.094068	45.320159	0.136869	-426.052534	44.631439	0.000000	-420.000000	0	36.701576	0.060499	0.086744	49.406773	-3.478894	-443.573301	4.775334	3.478894	23.573301	0.136869	6.052534	4.094068	1	1	0	1	0
rhh	6	65.000000	8	1	15	8.000000	45.000000	0.705982	1.782244	3064.074811	-420.000000	0.000000	76.000000	3111.301022	1159.210313	2016.892656	0.000000	0	437.635757	24.372480	53.571311	-7.097346	-461.047856	45.507147	0.092749	-426.182020	44.631439	0.000000	-420.000000	0	36.501435	0.200141	0.070072	49.539229	-3.502299	-443.614938	4.907789	3.502299	23.614938	0.092749	6.182020	4.047856	1	1	0	1	0
rhh	6	65.000000	8	1	15	8.000000	45.000000	0.705982	1.782244	3111.401110	-420.000000	0.000000	77.000000	3158.444254	1159.210313	2016.892656	0.000000	0	437.544624	24.384087	53.486271	-7.185976	-461.114262	45.438019	-0.124111	-426.125071	44.631439	0.000000	-420.000000	0	36.590816	0.089381	0.011607	49.462145	-3.655044	-443.619666	4.830706	3.655044	23.619666	0.124111	6.125071	4.114262	1	1	0	1	0
rhh	6	65.000000	8	1	15	8.000000	45.000000	0.705982	1.782244	3158.544342	-420.000000	0.000000	78.000000	3205.519049	1159.210313	2016.892656	0.000000	0	437.275295	24.384647	53.760358	-7.434862	-460.989360	45.501966	-0.303039	-426.112444	44.631439	0.000000	-420.000000	0	36.543990	0.046825	0.000560	49.631162	-3.868951	-443.550902	4.999723	3.868951	23.550902	0.303039	6.112444	3.989360	1	1	0	1	0
rhh	6	65.000000	8	1	15	8.000000	45.000000	0.705982	1.782244	3205.619565	-420.000000	0.000000	79.000000	3252.536529	1159.210313	2016.892656	0.000000	0	437.079028	24.298054	53.726466	-7.556208	-460.936543	45.358167	-0.634689	-425.946545	44.631439	0.000000	-420.000000	0	36.636536	0.092546	0.086593	49.542317	-4.095449	-443.441544	4.910878	4.095449	23.441544	0.634689	5.946545	3.936543	1	1	0	1	0
rhh	6	65.000000	8	1	15	8.000000	45.000000	0.705982	1.782244	3252.637900	-420.000000	0.000000	80.000000	3299.587372	1159.210313	2016.892656	0.000000	0	437.102350	24.286311	53.433238	-7.447467	-460.924395	45.514120	-0.753683	-425.961120	44.631439	0.000000	-420.000000	0	36.468476	0.168061	0.011743	49.473679	-4.100575	-443.442757	4.842240	4.100575	23.442757	0.753683	5.961120	3.924395	1	1	0	1	0
rhh	6	65.000000	8	1	15	8.000000	45.000000	0.705982	1.782244	3299.692165	-420.000000	0.000000	81.000000	3346.426917	1159.210313	2016.892656	0.000000	0	437.081367	24.236827	53.344875	-7.527894	-460.976265	45.322847	-0.822020	-425.837439	44.631439	0.000000	-420.000000	0	36.661407	0.192932	0.049484	49.333861	-4.174957	-443.406852	4.702422	4.174957	23.406852	0.822020	5.837439	3.976265	1	1	0	1	0
rhh	6	65.000000	8	1	15	8.000000	45.000000	0.705982	1.782244	3346.530427	-420.000000	0.000000	82.000000	3393.716431	1159.210313	2016.892656	0.000000	0	436.795318	24.190573	53.464692	-7.737001	-460.844010	45.202724	-1.209160	-425.763459	44.631439	0.000000	-420.000000	0	36.626737	0.034670	0.046253	49.333708	-4.473081	-443.303735	4.702269	4.473081	23.303735	1.209160	5.763459	3.844010	1	1	0	1	0
rhh	6	65.000000	8	1	15	8.000000	45.000000	0.705982	1.782244	3393.818231	-420.000000	0.000000	83.000000	3440.792938	1159.210313	2016.892656	0.000000	0	436.723406	24.198033	53.532848	-7.771999	-460.854089	45.260220	-1.275046	-425.723864	44.631439	0.000000	-420.000000	0	36.671235	0.044498	0.007460	49.396534	-4.523523	-443.288977	4.765095	4.523523	23.288977	1.275046	5.723864	3.854089	1	1	0	1	0
rhh	6	65.000000	8	1	15	8.000000	45.000000	0.705982	1.782244	3440.893454	-420.000000	0.000000	84.000000	3487.778766	1159.210313	2016.892656	0.000000	0	436.906148	24.245113	53.668328	-7.594650	-460.806062	45.382738	-0.950147	-425.910956	44.631439	0.000000	-420.000000	0	36.475592	0.195643	0.047079	49.525533	-4.272399	-443.358509	4.894094	4.272399	23.358509	0.950147	5.910956	3.806062	1	1	0	1	0
rhh	6	65.000000	8	1	15	8.000000	45.000000	0.705982	1.782244	3487.878426	-420.000000	0.000000	85.000000	3523.051713	1159.210313	2016.892656	3523.047008	0	437.296927	24.483372	  53.430745   -7.521621 -461.184006	  45.402583   -0.504539 -426.162897	44.631439	0.000000	-420.000000	0	36.608317	0.132725	0.238259	0
