subjName	sessionNR	IOD	trialN	textureType	texnum	visualAngle	simulatedDepth	light_intensity	ambient_intensity	time	displayDistance	isRotated	frameN	timTote	startTime	touchTime	endTime	fingersOccluded	distanceToHome	distanceToObject	indexXraw	indexYraw	indexZraw	thumbXraw	thumbYraw	thumbZraw	targetX	targetY	targetZ	failCause	gripAperture	gripApertureVel	distFromObjVel	gripOriginX	gripOriginY	gripOriginZ	distFromObjX	distFromObjY	distFromObjZ	y_dist_thm	z_dist_thm	z_dist_ind	handOnObj	handnearObj	handfarObj	handTouchObj	framesOccluded
rhh	4	65.000000	53	2	22	8.000000	55.000000	0.532510	2.503154	3429.436354	-420.000000	0.000000	84.000000	3476.342625	0.000000	0.000000	0.000000	0	4.202629	435.581559	222.483272	-354.774433	-254.857205	229.936618	-360.225843	-244.435588	44.813705	0.000000	-420.000000	0	13.924092	0.045098	0.136747	226.209945	-357.500138	-249.646396	181.396239	357.500138	170.353604	360.225843	175.564412	212.142795	0	0	1	0	0
rhh	4	65.000000	53	2	22	8.000000	55.000000	0.532510	2.503154	3476.562477	-420.000000	0.000000	85.000000	3523.547877	0.000000	0.000000	0.000000	0	4.081529	435.544324	222.240569	-354.748479	-254.788013	229.993383	-360.177591	-244.341565	44.813705	0.000000	-420.000000	0	14.096442	0.172349	0.037235	226.116976	-357.463035	-249.564789	181.303271	357.463035	170.435211	360.177591	175.658435	212.211987	0	0	1	0	0
rhh	4	65.000000	53	2	22	8.000000	55.000000	0.532510	2.503154	3523.650104	-420.000000	0.000000	86.000000	3570.593159	0.000000	0.000000	0.000000	0	4.178526	435.662053	222.605262	-354.815251	-254.771429	229.924055	-360.196998	-244.251465	44.813705	0.000000	-420.000000	0	13.899553	0.196889	0.117728	226.264659	-357.506124	-249.511447	181.450953	357.506124	170.488553	360.196998	175.748535	212.228571	0	0	1	0	0
rhh	4	65.000000	53	2	22	8.000000	55.000000	0.532510	2.503154	3570.689398	-420.000000	0.000000	87.000000	3617.565728	0.000000	0.000000	0.000000	0	3.970891	435.272603	221.971897	-354.674912	-254.823293	229.802476	-359.944531	-244.563165	44.813705	0.000000	-420.000000	0	13.941201	0.041648	0.389450	225.887187	-357.309722	-249.693229	181.073481	357.309722	170.306771	359.944531	175.436835	212.176707	0	0	1	0	0
rhh	4	65.000000	53	2	22	8.000000	55.000000	0.532510	2.503154	3617.666671	-420.000000	0.000000	88.000000	3664.968162	0.000000	0.000000	0.000000	0	3.979980	435.094692	221.694244	-354.685544	-254.879072	230.019571	-359.555884	-244.559359	44.813705	0.000000	-420.000000	0	14.125429	0.184228	0.177911	225.856907	-357.120714	-249.719216	181.043202	357.120714	170.280784	359.555884	175.440641	212.120928	0	0	1	0	0
rhh	4	65.000000	53	2	22	8.000000	55.000000	0.532510	2.503154	3665.065256	-420.000000	0.000000	89.000000	3712.072898	0.000000	0.000000	0.000000	0	3.632214	434.856060	221.482130	-354.742969	-254.778492	229.382469	-359.300903	-244.563007	44.813705	0.000000	-420.000000	0	13.694753	0.430676	0.238632	225.432300	-357.021936	-249.670749	180.618594	357.021936	170.329251	359.300903	175.436993	212.221508	0	0	1	0	0
rhh	4	65.000000	53	2	22	8.000000	55.000000	0.532510	2.503154	3712.170420	-420.000000	0.000000	90.000000	3758.719967	0.000000	0.000000	0.000000	0	3.483466	434.954174	221.001162	-354.696225	-254.690159	229.889289	-359.318891	-244.117864	44.813705	0.000000	-420.000000	0	14.565069	0.870317	0.098114	225.445226	-357.007558	-249.404012	180.631520	357.007558	170.595988	359.318891	175.882136	212.309841	0	0	1	0	0
rhh	4	65.000000	53	2	22	8.000000	55.000000	0.532510	2.503154	3758.817488	-420.000000	0.000000	91.000000	3805.584320	0.000000	0.000000	0.000000	0	3.628920	435.029535	221.509222	-354.767443	-254.767424	229.559031	-359.492393	-244.356957	44.813705	0.000000	-420.000000	0	13.982217	0.582852	0.075360	225.534127	-357.129918	-249.562190	180.720421	357.129918	170.437810	359.492393	175.643043	212.232576	0	0	1	0	0
rhh	4	65.000000	53	2	22	8.000000	55.000000	0.532510	2.503154	3805.679703	-420.000000	0.000000	92.000000	3853.074439	0.000000	0.000000	0.000000	0	3.789399	435.135221	221.806509	-354.756513	-254.746336	229.682727	-359.537852	-244.357458	44.813705	0.000000	-420.000000	0	13.886137	0.096080	0.105687	225.744618	-357.147182	-249.551897	180.930912	357.147182	170.448103	359.537852	175.642542	212.253664	0	0	1	0	0
rhh	4	65.000000	53	2	22	8.000000	55.000000	0.532510	2.503154	3853.305411	-420.000000	0.000000	93.000000	3900.204839	0.000000	0.000000	0.000000	0	3.759176	435.160368	221.845811	-354.726296	-254.701146	229.643069	-359.580057	-244.299006	44.813705	0.000000	-420.000000	0	13.876626	0.009511	0.025147	225.744440	-357.153176	-249.500076	180.930734	357.153176	170.499924	359.580057	175.700994	212.298854	0	0	1	0	0
rhh	4	65.000000	53	2	22	8.000000	55.000000	0.532510	2.503154	3900.306210	-420.000000	0.000000	94.000000	3947.354914	0.000000	0.000000	0.000000	0	3.894367	435.207225	222.125313	-354.425466	-254.560359	229.976357	-359.383898	-243.811310	44.813705	0.000000	-420.000000	0	14.204471	0.327845	0.046856	226.050835	-356.904682	-249.185835	181.237130	356.904682	170.814165	359.383898	176.188690	212.439641	0	0	1	0	0
rhh	4	65.000000	53	2	22	8.000000	55.000000	0.532510	2.503154	3947.452008	-420.000000	0.000000	95.000000	3995.177804	3983.199733	0.000000	0.000000	0	9.925354	429.091241	225.814647	-347.809310	-259.557086	228.879910	-351.805450	-243.185834	44.813705	0.000000	-420.000000	0	17.128422	2.923952	6.115984	227.347278	-349.807380	-251.371460	182.533573	349.807380	168.628540	351.805450	176.814166	207.442914	0	0	1	0	0
rhh	4	65.000000	53	2	22	8.000000	55.000000	0.532510	2.503154	3995.280886	-420.000000	0.000000	96.000000	4053.785834	3983.199733	0.000000	0.000000	0	29.424690	411.910054	230.242970	-330.454737	-270.810421	227.889311	-331.780438	-246.190660	44.813705	0.000000	-420.000000	0	24.767516	7.639094	17.181187	229.066141	-331.117588	-258.500540	184.252435	331.117588	161.499460	331.780438	173.809340	196.189579	0	0	1	0	0
rhh	4	65.000000	53	2	22	8.000000	55.000000	0.532510	2.503154	4053.889772	-420.000000	0.000000	97.000000	4101.030010	3983.199733	0.000000	0.000000	0	54.703273	389.354039	231.429364	-307.163719	-279.880554	226.743579	-306.504855	-253.571991	44.813705	0.000000	-420.000000	0	26.730716	1.963199	22.556015	229.086472	-306.834287	-266.726273	184.272766	306.834287	153.273727	306.504855	166.428009	187.119446	0	0	1	0	0
rhh	4	65.000000	53	2	22	8.000000	55.000000	0.532510	2.503154	4101.127959	-420.000000	0.000000	98.000000	4147.686488	3983.199733	0.000000	0.000000	0	87.591268	358.123437	226.450133	-276.054577	-290.640650	221.344040	-274.213294	-263.122693	44.813705	0.000000	-420.000000	0	28.048182	1.317466	31.230602	223.897087	-275.133936	-276.881671	179.083381	275.133936	143.118329	274.213294	156.877307	176.359350	0	0	1	0	0
rhh	4	65.000000	53	2	22	8.000000	55.000000	0.532510	2.503154	4147.792992	-420.000000	0.000000	99.000000	4194.782670	3983.199733	0.000000	0.000000	0	127.378954	320.105134	219.691727	-239.606794	-308.300430	211.738993	-237.405960	-275.772788	44.813705	0.000000	-420.000000	0	33.557966	5.509785	38.018303	215.715360	-238.506377	-292.036609	170.901655	238.506377	127.963391	237.405960	144.227212	158.699570	0	0	1	0	0
rhh	4	65.000000	53	2	22	8.000000	55.000000	0.532510	2.503154	4194.881475	-420.000000	0.000000	100.000000	4241.822819	3983.199733	0.000000	0.000000	0	169.924479	278.539090	208.771553	-201.248719	-328.550893	197.521511	-199.473498	-289.006604	44.813705	0.000000	-420.000000	0	41.151739	7.593772	41.566044	203.146532	-200.361108	-308.778749	158.332827	200.361108	111.221251	199.473498	130.993396	138.449107	0	0	1	0	0
rhh	4	65.000000	53	2	22	8.000000	55.000000	0.532510	2.503154	4241.922052	-420.000000	0.000000	101.000000	4288.849281	3983.199733	0.000000	0.000000	0	211.935794	236.482759	193.119228	-164.522305	-348.117752	180.267210	-163.248596	-302.822913	44.813705	0.000000	-420.000000	0	47.100098	5.948359	42.056331	186.693219	-163.885450	-325.470333	141.879513	163.885450	94.529667	163.248596	117.177087	118.882248	0	0	0	0	0
rhh	4	65.000000	53	2	22	8.000000	55.000000	0.532510	2.503154	4288.947231	-420.000000	0.000000	102.000000	4335.734166	3983.199733	0.000000	0.000000	0	250.901308	197.511065	177.509189	-131.686643	-366.707072	163.075067	-131.313331	-318.715570	44.813705	0.000000	-420.000000	0	50.116539	3.016442	38.971693	170.292128	-131.499987	-342.711321	125.478423	131.499987	77.288679	131.313331	101.284430	100.292928	0	0	0	0	0
rhh	4	65.000000	53	2	22	8.000000	55.000000	0.532510	2.503154	4335.888575	-420.000000	0.000000	103.000000	4383.224284	3983.199733	0.000000	0.000000	0	286.802906	161.682352	161.524613	-103.168871	-386.365309	147.004123	-103.095361	-334.882818	44.813705	0.000000	-420.000000	0	53.491091	3.374552	35.828714	154.264368	-103.132116	-360.624063	109.450663	103.132116	59.375937	103.095361	85.117182	80.634691	0	0	0	0	0
rhh	4	65.000000	53	2	22	8.000000	55.000000	0.532510	2.503154	4383.332072	-420.000000	0.000000	104.000000	4430.179316	3983.199733	0.000000	0.000000	0	319.000330	128.583358	144.521387	-79.494558	-405.080968	128.750615	-79.041046	-349.620461	44.813705	0.000000	-420.000000	0	57.660999	4.169907	33.098994	136.636001	-79.267802	-377.350715	91.822295	79.267802	42.649285	79.041046	70.379539	61.919032	0	0	0	0	0
rhh	4	65.000000	53	2	22	8.000000	55.000000	0.532510	2.503154	4430.281115	-420.000000	0.000000	105.000000	4476.801148	3983.199733	0.000000	0.000000	0	346.886363	99.386092	127.437987	-60.000770	-421.524483	110.777564	-59.195156	-361.692802	44.813705	0.000000	-420.000000	0	62.113193	4.452195	29.197266	119.107776	-59.597963	-391.608642	74.294070	59.597963	28.391358	59.195156	58.307198	45.475517	0	0	0	0	0
rhh	4	65.000000	53	2	22	8.000000	55.000000	0.532510	2.503154	4476.904231	-420.000000	0.000000	106.000000	4524.250205	3983.199733	0.000000	0.000000	0	371.205996	73.622131	110.519299	-44.454787	-437.298243	93.462793	-43.121524	-372.135935	44.813705	0.000000	-420.000000	0	67.370828	5.257635	25.763961	101.991046	-43.788156	-404.717089	57.177341	43.788156	15.282911	43.121524	47.864065	29.701757	0	0	0	0	0
rhh	4	65.000000	53	2	22	8.000000	55.000000	0.532510	2.503154	4524.348155	-420.000000	0.000000	107.000000	4571.068792	3983.199733	0.000000	0.000000	0	391.328605	52.559112	95.593013	-32.498521	-450.483988	77.761192	-30.436041	-380.633119	44.813705	0.000000	-420.000000	0	72.120535	4.749707	21.063019	86.677103	-31.467281	-415.558553	41.863397	31.467281	4.441447	30.436041	39.366881	16.516012	0	0	0	0	0
rhh	4	65.000000	53	2	22	8.000000	55.000000	0.532510	2.503154	4571.166741	-420.000000	0.000000	108.000000	4618.403645	3983.199733	0.000000	0.000000	0	407.908088	37.017728	83.307103	-23.551709	-462.129717	64.965893	-20.354584	-388.555857	44.813705	0.000000	-420.000000	0	75.892914	3.772380	15.541384	74.136498	-21.953146	-425.342787	29.322792	21.953146	5.342787	20.354584	31.444143	4.870283	0	0	0	0	0
rhh	4	65.000000	53	2	22	8.000000	55.000000	0.532510	2.503154	4618.501167	-420.000000	0.000000	109.000000	4664.784667	3983.199733	0.000000	0.000000	0	421.379024	26.964507	71.866803	-16.724838	-471.078345	54.621345	-12.532706	-395.258336	44.813705	0.000000	-420.000000	0	77.869464	1.976550	10.053221	63.244074	-14.628772	-433.168340	18.430369	14.628772	13.168340	12.532706	24.741664	4.078345	0	1	0	0	0
rhh	4	65.000000	53	2	22	8.000000	55.000000	0.532510	2.503154	4664.887749	-420.000000	0.000000	110.000000	4712.038680	3983.199733	0.000000	0.000000	0	432.193522	21.794047	61.984870	-10.834729	-475.414792	45.735833	-5.883081	-400.544484	44.813705	0.000000	-420.000000	0	76.773127	1.096337	5.170460	53.860351	-8.358905	-437.979638	9.046646	8.358905	17.979638	5.883081	19.455516	8.414792	0	1	0	0	0
rhh	4	65.000000	53	2	22	8.000000	55.000000	0.532510	2.503154	4712.140907	-420.000000	0.000000	111.000000	4758.877370	3983.199733	0.000000	0.000000	0	440.610800	20.928090	53.670178	-5.464402	-476.519014	38.926277	-0.702284	-404.773800	44.813705	0.000000	-420.000000	0	73.399156	3.373971	0.865957	46.298227	-3.083343	-440.646407	1.484522	3.083343	20.646407	0.702284	15.226200	9.519014	0	1	0	0	0
rhh	4	65.000000	53	2	22	8.000000	55.000000	0.532510	2.503154	4758.979597	-420.000000	0.000000	112.000000	4806.339259	3983.199733	4794.383001	0.000000	0	447.359611	24.089518	49.781085	-0.790047	-478.684683	33.517170	3.267712	-409.012513	44.813705	0.000000	-420.000000	0	71.660252	1.738904	3.161428	41.649127	1.238832	-443.848598	3.164578	1.238832	23.848598	3.267712	10.987487	11.684683	0	1	0	1	0
rhh	4	65.000000	53	2	22	8.000000	55.000000	0.532510	2.503154	4806.445335	-420.000000	0.000000	113.000000	4852.913186	3983.199733	4794.383001	0.000000	0	450.948217	28.600456	47.599575	0.935400	-479.597908	31.487343	3.778797	-416.425469	44.813705	0.000000	-420.000000	0	65.256770	6.403482	4.510938	39.543459	2.357098	-448.011688	5.270247	2.357098	28.011688	3.778797	3.574531	12.597908	0	1	0	1	0
rhh	4	65.000000	53	2	22	8.000000	55.000000	0.532510	2.503154	4853.019690	-420.000000	0.000000	114.000000	4899.661625	3983.199733	4794.383001	0.000000	0	452.479928	30.696314	47.345350	0.912660	-478.562491	31.632663	5.280530	-421.581415	44.813705	0.000000	-420.000000	0	59.268962	5.987808	2.095857	39.489006	3.096595	-450.071953	5.324699	3.096595	30.071953	5.280530	1.581415	11.562491	0	1	0	1	0
rhh	4	65.000000	53	2	22	8.000000	55.000000	0.532510	2.503154	4899.763852	-420.000000	0.000000	115.000000	4946.944296	3983.199733	4794.383001	0.000000	0	453.174708	31.367864	47.247802	1.116747	-477.986966	32.073986	6.263986	-423.454798	44.813705	0.000000	-420.000000	0	56.837453	2.431509	0.671550	39.660894	3.690366	-450.720882	5.152811	3.690366	30.720882	6.263986	3.454798	10.986966	0	1	0	1	0
rhh	4	65.000000	53	2	22	8.000000	55.000000	0.532510	2.503154	4947.046095	-420.000000	0.000000	116.000000	4993.840301	3983.199733	4794.383001	0.000000	0	453.479876	31.731905	47.320782	1.190966	-477.633904	32.381493	6.732061	-424.546258	44.813705	0.000000	-420.000000	0	55.427288	1.410165	0.364042	39.851138	3.961514	-451.090081	4.962568	3.961514	31.090081	6.732061	4.546258	10.633904	0	1	0	1	0
rhh	4	65.000000	53	2	22	8.000000	55.000000	0.532510	2.503154	4993.941673	-420.000000	0.000000	117.000000	5040.859064	3983.199733	4794.383001	0.000000	0	453.295716	31.704033	47.207210	1.127482	-477.374284	32.737138	6.441658	-424.831255	44.813705	0.000000	-420.000000	0	54.757587	0.669701	0.027873	39.972174	3.784570	-451.102770	4.841531	3.784570	31.102770	6.441658	4.831255	10.374284	0	1	0	1	0
rhh	4	65.000000	53	2	22	8.000000	55.000000	0.532510	2.503154	5040.960863	-420.000000	0.000000	118.000000	5087.936854	3983.199733	4794.383001	0.000000	0	452.745214	31.670109	47.612777	0.602942	-477.472155	33.150010	5.900892	-424.906541	44.813705	0.000000	-420.000000	0	54.775758	0.018170	0.033924	40.381394	3.251917	-451.189348	4.432312	3.251917	31.189348	5.900892	4.906541	10.472155	0	1	0	1	0
rhh	4	65.000000	53	2	22	8.000000	55.000000	0.532510	2.503154	5088.039936	-420.000000	0.000000	119.000000	5135.007800	3983.199733	4794.383001	0.000000	0	452.495380	31.675864	47.667015	0.391696	-477.381693	33.637288	5.685658	-425.126172	44.813705	0.000000	-420.000000	0	54.364499	0.411258	0.005756	40.652151	3.038677	-451.253932	4.161554	3.038677	31.253932	5.685658	5.126172	10.381693	0	1	0	1	0
rhh	4	65.000000	53	2	22	8.000000	55.000000	0.532510	2.503154	5135.116015	-420.000000	0.000000	120.000000	5182.083450	3983.199733	4794.383001	0.000000	0	452.636099	31.781786	47.373632	0.525759	-477.496496	33.663642	5.675792	-425.177885	44.813705	0.000000	-420.000000	0	54.329768	0.034731	0.105921	40.518637	3.100775	-451.337190	4.295069	3.100775	31.337190	5.675792	5.177885	10.496496	0	1	0	1	0
rhh	4	65.000000	53	2	22	8.000000	55.000000	0.532510	2.503154	5182.186105	-420.000000	0.000000	121.000000	5229.206151	3983.199733	4794.383001	0.000000	0	452.673526	31.805132	47.438838	0.578470	-477.369076	33.759448	5.767323	-425.360075	44.813705	0.000000	-420.000000	0	54.027641	0.302127	0.023346	40.599143	3.172897	-451.364575	4.214562	3.172897	31.364575	5.767323	5.360075	10.369076	0	1	0	1	0
rhh	4	65.000000	53	2	22	8.000000	55.000000	0.532510	2.503154	5229.309233	-420.000000	0.000000	122.000000	5276.109428	3983.199733	4794.383001	0.000000	0	452.861857	31.750651	47.501917	0.614470	-477.264196	33.324969	6.131410	-425.261473	44.813705	0.000000	-420.000000	0	54.182153	0.154512	0.054480	40.413443	3.372940	-451.262834	4.400262	3.372940	31.262834	6.131410	5.261473	10.264196	0	1	0	1	0
rhh	4	65.000000	53	2	22	8.000000	55.000000	0.532510	2.503154	5276.208233	-420.000000	0.000000	123.000000	5323.406214	3983.199733	4794.383001	0.000000	0	453.208779	31.899430	47.039113	0.833406	-477.375424	33.155087	6.373587	-425.309251	44.813705	0.000000	-420.000000	0	54.169605	0.012548	0.148779	40.097100	3.603496	-451.342337	4.716605	3.603496	31.342337	6.373587	5.309251	10.375424	0	1	0	1	0
rhh	4	65.000000	53	2	22	8.000000	55.000000	0.532510	2.503154	5323.558912	-420.000000	0.000000	124.000000	5370.290671	3983.199733	4794.383001	0.000000	0	453.556225	32.003546	46.932750	0.947568	-477.466078	32.926743	6.915753	-425.300663	44.813705	0.000000	-420.000000	0	54.341678	0.172072	0.104116	39.929746	3.931660	-451.383371	4.883959	3.931660	31.383371	6.915753	5.300663	10.466078	0	1	0	1	0
rhh	4	65.000000	53	2	22	8.000000	55.000000	0.532510	2.503154	5370.392897	-420.000000	0.000000	125.000000	5417.188387	3983.199733	4794.383001	0.000000	0	453.524843	31.992915	47.084825	0.910329	-477.424048	32.989399	6.978123	-425.350911	44.813705	0.000000	-420.000000	0	54.287298	0.054379	0.010631	40.037112	3.944226	-451.387479	4.776594	3.944226	31.387479	6.978123	5.350911	10.424048	0	1	0	1	0
rhh	4	65.000000	53	2	22	8.000000	55.000000	0.532510	2.503154	5417.285909	-420.000000	0.000000	126.000000	5464.276014	3983.199733	4794.383001	0.000000	0	453.429615	31.977218	47.050181	0.751687	-477.503801	32.943484	6.863057	-425.260652	44.813705	0.000000	-420.000000	0	54.458189	0.170891	0.015696	39.996832	3.807372	-451.382227	4.816873	3.807372	31.382227	6.863057	5.260652	10.503801	0	1	0	1	0
rhh	4	65.000000	53	2	22	8.000000	55.000000	0.532510	2.503154	5474.014506	-420.000000	0.000000	127.000000	5523.341285	3983.199733	4794.383001	0.000000	0	453.241884	31.898799	47.084554	0.606250	-477.447987	33.005333	6.643512	-425.214682	44.813705	0.000000	-420.000000	0	54.433364	0.024826	0.078420	40.044944	3.624881	-451.331334	4.768762	3.624881	31.331334	6.643512	5.214682	10.447987	0	1	0	1	0
rhh	4	65.000000	53	2	22	8.000000	55.000000	0.532510	2.503154	5523.459765	-420.000000	0.000000	128.000000	5570.514030	3983.199733	4794.383001	0.000000	0	453.209559	31.926311	47.093572	0.601414	-477.452174	33.158837	6.600821	-425.296486	44.813705	0.000000	-420.000000	0	54.317451	0.115913	0.027512	40.126204	3.601118	-451.374330	4.687501	3.601118	31.374330	6.600821	5.296486	10.452174	0	1	0	1	0
rhh	4	65.000000	53	2	22	8.000000	55.000000	0.532510	2.503154	5570.620106	-420.000000	0.000000	129.000000	5617.575565	3983.199733	4794.383001	0.000000	0	453.252147	31.914347	46.977942	0.604571	-477.437886	33.055735	6.628397	-425.249805	44.813705	0.000000	-420.000000	0	54.348046	0.030595	0.011964	40.016838	3.616484	-451.343845	4.796867	3.616484	31.343845	6.628397	5.249805	10.437886	0	1	0	1	0
rhh	4	65.000000	53	2	22	8.000000	55.000000	0.532510	2.503154	5617.677792	-420.000000	0.000000	130.000000	5664.619564	3983.199733	4794.383001	0.000000	0	453.100629	31.858696	46.927557	0.437451	-477.412757	32.999740	6.410203	-425.188550	44.813705	0.000000	-420.000000	0	54.378540	0.030494	0.055651	39.963648	3.423827	-451.300653	4.850057	3.423827	31.300653	6.410203	5.188550	10.412757	0	1	0	1	0
rhh	4	65.000000	53	2	22	8.000000	55.000000	0.532510	2.503154	5664.723930	-420.000000	0.000000	131.000000	5711.536101	3983.199733	4794.383001	0.000000	0	452.783971	31.789817	47.138325	0.022020	-477.275753	33.151991	6.227018	-425.303301	44.813705	0.000000	-420.000000	0	54.177996	0.200544	0.068880	40.145158	3.124519	-451.289527	4.668547	3.124519	31.289527	6.227018	5.303301	10.275753	0	1	0	1	0
rhh	4	65.000000	53	2	22	8.000000	55.000000	0.532510	2.503154	5711.639183	-420.000000	0.000000	132.000000	5758.608330	3983.199733	4794.383001	0.000000	0	452.653335	31.699745	47.165825	-0.234788	-477.161560	32.998267	6.189926	-425.244187	44.813705	0.000000	-420.000000	0	54.197881	0.019885	0.090071	40.082046	2.977569	-451.202874	4.731660	2.977569	31.202874	6.189926	5.244187	10.161560	0	1	0	1	0
rhh	4	65.000000	53	2	22	8.000000	55.000000	0.532510	2.503154	5758.712268	-420.000000	0.000000	133.000000	5805.443598	3983.199733	4794.383001	0.000000	0	452.695966	31.765349	47.128953	-0.296775	-477.193542	33.160991	6.341468	-425.355823	44.813705	0.000000	-420.000000	0	54.095465	0.102416	0.065604	40.144972	3.022346	-451.274683	4.668733	3.022346	31.274683	6.341468	5.355823	10.193542	0	1	0	1	0
rhh	4	65.000000	53	2	22	8.000000	55.000000	0.532510	2.503154	5805.550102	-420.000000	0.000000	134.000000	5852.524809	3983.199733	4794.383001	0.000000	0	452.802349	31.811635	46.904120	-0.128081	-477.148427	33.273987	6.349362	-425.460892	44.813705	0.000000	-420.000000	0	53.845511	0.249955	0.046286	40.089054	3.110640	-451.304660	4.724652	3.110640	31.304660	6.349362	5.460892	10.148427	0	1	0	1	0
rhh	4	65.000000	53	2	22	8.000000	55.000000	0.532510	2.503154	5852.630886	-420.000000	0.000000	135.000000	5899.626551	3983.199733	4794.383001	0.000000	0	452.815636	31.719632	46.985770	-0.128777	-477.053026	33.020781	6.421080	-425.335965	44.813705	0.000000	-420.000000	0	53.968287	0.122776	0.092003	40.003276	3.146152	-451.194495	4.810430	3.146152	31.194495	6.421080	5.335965	10.053026	0	1	0	1	0
rhh	4	65.000000	53	2	22	8.000000	55.000000	0.532510	2.503154	5899.724929	-420.000000	0.000000	136.000000	5946.659002	3983.199733	4794.383001	0.000000	0	452.798150	31.783674	47.126972	-0.104190	-477.055855	33.216073	6.422022	-425.511655	44.813705	0.000000	-420.000000	0	53.785771	0.182516	0.064042	40.171523	3.158916	-451.283755	4.642183	3.158916	31.283755	6.422022	5.511655	10.055855	0	1	0	1	0
rhh	4	65.000000	53	2	22	8.000000	55.000000	0.532510	2.503154	5946.757379	-420.000000	0.000000	137.000000	5993.949372	3983.199733	4794.383001	0.000000	0	453.046216	31.907167	47.065527	0.038772	-477.114452	33.148237	6.732119	-425.637500	44.813705	0.000000	-420.000000	0	53.743543	0.042228	0.123493	40.106882	3.385445	-451.375976	4.706823	3.385445	31.375976	6.732119	5.637500	10.114452	0	1	0	1	0
rhh	4	65.000000	53	2	22	8.000000	55.000000	0.532510	2.503154	5994.052882	-420.000000	0.000000	138.000000	6041.037854	3983.199733	4794.383001	0.000000	0	453.057584	31.919766	47.065987	0.167824	-477.059615	33.239826	6.659346	-425.725602	44.813705	0.000000	-420.000000	0	53.558225	0.185318	0.012600	40.152906	3.413585	-451.392609	4.660799	3.413585	31.392609	6.659346	5.725602	10.059615	0	1	0	1	0
rhh	4	65.000000	53	2	22	8.000000	55.000000	0.532510	2.503154	6041.134948	-420.000000	0.000000	139.000000	6087.992458	3983.199733	4794.383001	0.000000	0	453.134697	31.944476	46.810149	0.238752	-477.131164	33.220013	6.640866	-425.657065	44.813705	0.000000	-420.000000	0	53.621467	0.063242	0.024709	40.015081	3.439809	-451.394115	4.798624	3.439809	31.394115	6.640866	5.657065	10.131164	0	1	0	1	0
rhh	4	65.000000	53	2	22	8.000000	55.000000	0.532510	2.503154	6088.089552	-420.000000	0.000000	140.000000	6135.155793	3983.199733	4794.383001	0.000000	0	452.978800	31.877639	47.029690	0.088473	-477.032715	33.308496	6.594223	-425.687197	44.813705	0.000000	-420.000000	0	53.543984	0.077483	0.066837	40.169093	3.341348	-451.359956	4.644613	3.341348	31.359956	6.594223	5.687197	10.032715	0	1	0	1	0
rhh	4	65.000000	53	2	22	8.000000	55.000000	0.532510	2.503154	6135.258448	-420.000000	0.000000	141.000000	6170.445850	3983.199733	4794.383001	6170.441573	0	452.910615	31.885210	  47.108812    0.092089 -477.034329	  33.307840    6.434616 -425.728962	44.813705	0.000000	-420.000000	0	53.506403	0.037581	0.007571	0
