subjName	sessionNR	IOD	trialN	textureType	texnum	visualAngle	simulatedDepth	light_intensity	ambient_intensity	time	displayDistance	isRotated	frameN	timTote	startTime	touchTime	endTime	fingersOccluded	distanceToHome	distanceToObject	indexXraw	indexYraw	indexZraw	thumbXraw	thumbYraw	thumbZraw	targetX	targetY	targetZ	failCause	gripAperture	gripApertureVel	distFromObjVel	gripOriginX	gripOriginY	gripOriginZ	distFromObjX	distFromObjY	distFromObjZ	y_dist_thm	z_dist_thm	z_dist_ind	handOnObj	handnearObj	handfarObj	handTouchObj	framesOccluded
rhh	1	65.000000	66	3	10	8.000000	55.000000	0.298361	3.287408	935.591011	-420.000000	0.000000	30.000000	982.542167	0.000000	0.000000	0.000000	0	4.778140	433.774525	222.918737	-354.119556	-253.728657	226.484237	-358.479176	-244.930279	45.585129	0.000000	-420.000000	0	10.446556	0.010644	0.080359	224.701487	-356.299366	-249.329468	179.116358	356.299366	170.670532	358.479176	175.069721	213.271343	0	0	1	0	0
rhh	1	65.000000	66	3	10	8.000000	55.000000	0.298361	3.287408	982.761593	-420.000000	0.000000	31.000000	1029.756377	0.000000	0.000000	0.000000	0	4.751858	433.752517	222.676028	-354.106544	-253.729731	226.594430	-358.476274	-244.868811	45.585129	0.000000	-420.000000	0	10.628467	0.181911	0.022008	224.635229	-356.291409	-249.299271	179.050101	356.291409	170.700729	358.476274	175.131189	213.270269	0	0	1	0	0
rhh	1	65.000000	66	3	10	8.000000	55.000000	0.298361	3.287408	1029.865449	-420.000000	0.000000	32.000000	1076.550129	0.000000	0.000000	0.000000	0	4.781068	433.704720	222.700901	-354.101573	-253.725543	226.439649	-358.453424	-244.921588	45.585129	0.000000	-420.000000	0	10.508400	0.120067	0.047797	224.570275	-356.277498	-249.323566	178.985146	356.277498	170.676434	358.453424	175.078412	213.274457	0	0	1	0	0
rhh	1	65.000000	66	3	10	8.000000	55.000000	0.298361	3.287408	1076.654923	-420.000000	0.000000	33.000000	1123.698896	0.000000	0.000000	0.000000	0	4.831260	433.632203	222.695053	-354.082754	-253.714253	226.239738	-358.439041	-245.016378	45.585129	0.000000	-420.000000	0	10.353505	0.154895	0.072516	224.467395	-356.260897	-249.365316	178.882267	356.260897	170.634684	358.439041	174.983622	213.285747	0	0	1	0	0
rhh	1	65.000000	66	3	10	8.000000	55.000000	0.298361	3.287408	1123.802835	-420.000000	0.000000	34.000000	1170.913535	0.000000	0.000000	0.000000	0	4.803670	433.635513	222.584894	-354.088970	-253.699162	226.289801	-358.442830	-244.972550	45.585129	0.000000	-420.000000	0	10.432459	0.078954	0.003309	224.437348	-356.265900	-249.335856	178.852219	356.265900	170.664144	358.442830	175.027450	213.300838	0	0	1	0	0
rhh	1	65.000000	66	3	10	8.000000	55.000000	0.298361	3.287408	1171.014051	-420.000000	0.000000	35.000000	1218.048187	0.000000	0.000000	0.000000	0	4.753552	433.722941	222.711078	-354.093036	-253.715964	226.452356	-358.469147	-244.877567	45.585129	0.000000	-420.000000	0	10.548212	0.115753	0.087428	224.581717	-356.281092	-249.296765	178.996588	356.281092	170.703235	358.469147	175.122433	213.284036	0	0	1	0	0
rhh	1	65.000000	66	3	10	8.000000	55.000000	0.298361	3.287408	1218.149132	-420.000000	0.000000	36.000000	1265.188400	0.000000	0.000000	0.000000	0	4.778354	433.698979	222.697510	-354.103694	-253.719241	226.383478	-358.464260	-244.921657	45.585129	0.000000	-420.000000	0	10.488012	0.060200	0.023962	224.540494	-356.283977	-249.320449	178.955365	356.283977	170.679551	358.464260	175.078343	213.280759	0	0	1	0	0
rhh	1	65.000000	66	3	10	8.000000	55.000000	0.298361	3.287408	1265.288062	-420.000000	0.000000	37.000000	1312.453939	0.000000	0.000000	0.000000	0	4.784166	433.660736	222.594308	-354.079088	-253.704339	226.363691	-358.456512	-244.934433	45.585129	0.000000	-420.000000	0	10.501492	0.013480	0.038242	224.479000	-356.267800	-249.319386	178.893871	356.267800	170.680614	358.456512	175.065567	213.295661	0	0	1	0	0
rhh	1	65.000000	66	3	10	8.000000	55.000000	0.298361	3.287408	1312.554455	-420.000000	0.000000	38.000000	1358.962821	0.000000	0.000000	0.000000	0	4.804104	433.681868	222.711752	-354.087609	-253.734672	226.366906	-358.463401	-244.955370	45.585129	0.000000	-420.000000	0	10.468230	0.033262	0.021132	224.539329	-356.275505	-249.345021	178.954200	356.275505	170.654979	358.463401	175.044630	213.265328	0	0	1	0	0
rhh	1	65.000000	66	3	10	8.000000	55.000000	0.298361	3.287408	1359.225448	-420.000000	0.000000	39.000000	1406.169760	0.000000	0.000000	0.000000	0	4.828430	433.723630	222.905423	-354.116414	-253.779261	226.393610	-358.455938	-244.974239	45.585129	0.000000	-420.000000	0	10.417646	0.050584	0.041762	224.649517	-356.286176	-249.376750	179.064388	356.286176	170.623250	358.455938	175.025761	213.220739	0	0	1	0	0
rhh	1	65.000000	66	3	10	8.000000	55.000000	0.298361	3.287408	1406.273271	-420.000000	0.000000	40.000000	1453.555491	0.000000	0.000000	0.000000	0	4.851434	433.661730	222.799014	-354.095849	-253.763891	226.292515	-358.445337	-245.021503	45.585129	0.000000	-420.000000	0	10.370725	0.046921	0.061900	224.545764	-356.270593	-249.392697	178.960636	356.270593	170.607303	358.445337	174.978497	213.236109	0	0	1	0	0
rhh	1	65.000000	66	3	10	8.000000	55.000000	0.298361	3.287408	1453.655580	-420.000000	0.000000	41.000000	1500.445054	0.000000	0.000000	0.000000	0	4.823425	433.596506	222.527194	-354.076199	-253.754462	226.226515	-358.433787	-244.943157	45.585129	0.000000	-420.000000	0	10.502983	0.132258	0.065224	224.376854	-356.254993	-249.348810	178.791726	356.254993	170.651190	358.433787	175.056843	213.245538	0	0	1	0	0
rhh	1	65.000000	66	3	10	8.000000	55.000000	0.298361	3.287408	1500.544715	-420.000000	0.000000	42.000000	1547.684501	0.000000	0.000000	0.000000	0	4.884466	433.446706	222.695984	-353.819256	-253.796023	226.699363	-358.004968	-244.904626	45.585129	0.000000	-420.000000	0	10.611511	0.108528	0.149800	224.697673	-355.912112	-249.350324	179.112545	355.912112	170.649676	358.004968	175.095374	213.203977	0	0	1	0	0
rhh	1	65.000000	66	3	10	8.000000	55.000000	0.298361	3.287408	1547.783734	-420.000000	0.000000	43.000000	1594.924375	0.000000	0.000000	0.000000	0	6.347542	431.390253	221.396577	-352.888108	-254.418018	225.749380	-355.870185	-245.974585	45.585129	0.000000	-420.000000	0	9.956468	0.655043	2.056453	223.572979	-354.379147	-250.196301	177.987850	354.379147	169.803699	355.870185	174.025415	212.581982	0	0	1	0	0
rhh	1	65.000000	66	3	10	8.000000	55.000000	0.298361	3.287408	1595.023609	-420.000000	0.000000	44.000000	1642.418322	1630.774206	0.000000	0.000000	0	14.298766	423.031075	220.523691	-347.109120	-258.771077	224.090863	-346.167432	-249.165807	45.585129	0.000000	-420.000000	0	10.289446	0.332978	8.359178	222.307277	-346.638276	-253.968442	176.722148	346.638276	166.031558	346.167432	170.834193	208.228923	0	0	1	0	0
rhh	1	65.000000	66	3	10	8.000000	55.000000	0.298361	3.287408	1642.523971	-420.000000	0.000000	45.000000	1701.235586	1630.774206	0.000000	0.000000	0	40.477156	398.608910	220.683764	-323.571425	-275.258240	221.280521	-323.321352	-258.099396	45.585129	0.000000	-420.000000	0	17.171039	6.881593	24.422165	220.982142	-323.446388	-266.678818	175.397014	323.446388	153.321182	323.321352	161.900604	191.741760	0	0	1	0	0
rhh	1	65.000000	66	3	10	8.000000	55.000000	0.298361	3.287408	1701.342091	-420.000000	0.000000	46.000000	1748.223099	1630.774206	0.000000	0.000000	0	67.355712	372.864397	216.990111	-300.108678	-286.154312	217.029889	-297.513071	-268.514770	45.585129	0.000000	-420.000000	0	17.829532	0.658492	25.744513	217.010000	-298.810874	-277.334541	171.424871	298.810874	142.665459	297.513071	151.485230	180.845688	0	0	1	0	0
rhh	1	65.000000	66	3	10	8.000000	55.000000	0.298361	3.287408	1748.323188	-420.000000	0.000000	47.000000	1795.240126	1630.774206	0.000000	0.000000	0	100.928113	340.510524	210.975276	-271.233746	-302.710089	209.148147	-267.260290	-281.157804	45.585129	0.000000	-420.000000	0	21.991538	4.162006	32.353872	210.061712	-269.247018	-291.933946	164.476583	269.247018	128.066054	267.260290	138.842196	164.289911	0	0	1	0	0
rhh	1	65.000000	66	3	10	8.000000	55.000000	0.298361	3.287408	1795.350480	-420.000000	0.000000	48.000000	1842.399159	1630.774206	0.000000	0.000000	0	139.215275	303.023997	201.179004	-238.199773	-323.307476	197.216504	-235.008695	-295.376996	45.585129	0.000000	-420.000000	0	28.390071	6.398533	37.486528	199.197754	-236.604234	-309.342236	153.612625	236.604234	110.657764	235.008695	124.623004	143.692524	0	0	1	0	0
rhh	1	65.000000	66	3	10	8.000000	55.000000	0.298361	3.287408	1842.606181	-420.000000	0.000000	49.000000	1889.763503	1630.774206	0.000000	0.000000	0	180.494640	262.715701	189.781342	-203.551836	-346.378026	183.004445	-200.588629	-310.752250	45.585129	0.000000	-420.000000	0	36.385476	7.995406	40.308296	186.392894	-202.070233	-328.565138	140.807765	202.070233	91.434862	200.588629	109.247750	120.621974	0	0	1	0	0
rhh	1	65.000000	66	3	10	8.000000	55.000000	0.298361	3.287408	1889.871719	-420.000000	0.000000	50.000000	1936.406266	1630.774206	0.000000	0.000000	0	222.373782	221.875161	177.213443	-168.260923	-370.400759	166.637917	-167.305836	-326.555331	45.585129	0.000000	-420.000000	0	45.112919	8.727442	40.840540	171.925680	-167.783379	-348.478045	126.340551	167.783379	71.521955	167.305836	93.444669	96.599241	0	0	0	0	0
rhh	1	65.000000	66	3	10	8.000000	55.000000	0.298361	3.287408	1936.506782	-420.000000	0.000000	51.000000	1983.467776	1630.774206	0.000000	0.000000	0	262.431775	182.492015	161.661753	-135.187156	-392.579919	149.420217	-136.455677	-342.242361	45.585129	0.000000	-420.000000	0	51.820210	6.707291	39.383146	155.540985	-135.821417	-367.411140	109.955856	135.821417	52.588860	136.455677	77.757639	74.420081	0	0	0	0	0
rhh	1	65.000000	66	3	10	8.000000	55.000000	0.298361	3.287408	1983.571715	-420.000000	0.000000	52.000000	2030.685409	1630.774206	0.000000	0.000000	0	300.645092	145.069681	145.903805	-105.121620	-414.142608	130.964845	-106.799796	-356.674518	45.585129	0.000000	-420.000000	0	59.401769	7.581559	37.422334	138.434325	-105.960708	-385.408563	92.849196	105.960708	34.591437	106.799796	63.325482	52.857392	0	0	0	0	0
rhh	1	65.000000	66	3	10	8.000000	55.000000	0.298361	3.287408	2030.785070	-420.000000	0.000000	53.000000	2077.618600	1630.774206	0.000000	0.000000	0	335.197556	112.383537	131.659390	-78.271080	-434.502172	114.366946	-80.832168	-370.483708	45.585129	0.000000	-420.000000	0	66.362274	6.960505	32.686145	123.013168	-79.551624	-402.492940	77.428039	79.551624	17.507060	80.832168	49.516292	32.497828	0	0	0	0	0
rhh	1	65.000000	66	3	10	8.000000	55.000000	0.298361	3.287408	2077.718261	-420.000000	0.000000	54.000000	2124.571467	1630.774206	0.000000	0.000000	0	365.657433	84.860428	118.741205	-54.290474	-451.969000	99.269460	-58.338017	-382.418214	45.585129	0.000000	-420.000000	0	72.338395	5.976121	27.523109	109.005332	-56.314245	-417.193607	63.420204	56.314245	2.806393	58.338017	37.581786	15.031000	0	0	0	0	0
rhh	1	65.000000	66	3	10	8.000000	55.000000	0.298361	3.287408	2124.671984	-420.000000	0.000000	55.000000	2171.725795	1630.774206	0.000000	0.000000	0	391.069178	63.593990	106.521151	-35.324423	-466.097178	86.598880	-38.609982	-391.699734	45.585129	0.000000	-420.000000	0	77.088725	4.750330	21.266438	96.560015	-36.967202	-428.898456	50.974886	36.967202	8.898456	38.609982	28.300266	0.902822	0	0	0	0	0
rhh	1	65.000000	66	3	10	8.000000	55.000000	0.298361	3.287408	2171.829734	-420.000000	0.000000	56.000000	2218.948561	1630.774206	0.000000	0.000000	0	411.415616	48.404882	95.215143	-19.506671	-475.090566	75.992842	-22.953827	-399.015133	45.585129	0.000000	-420.000000	0	78.542035	1.453310	15.189109	85.603993	-21.230249	-437.052849	40.018864	21.230249	17.052849	22.953827	20.984867	8.090566	0	1	0	0	0
rhh	1	65.000000	66	3	10	8.000000	55.000000	0.298361	3.287408	2219.047366	-420.000000	0.000000	57.000000	2265.340245	1630.774206	0.000000	0.000000	0	427.185368	38.700367	84.317062	-7.620754	-480.640565	66.562801	-11.240439	-404.855503	45.585129	0.000000	-420.000000	0	77.921059	0.620976	9.704514	75.439932	-9.430596	-442.748034	29.854803	9.430596	22.748034	11.240439	15.144497	13.640565	0	1	0	0	0
rhh	1	65.000000	66	3	10	8.000000	55.000000	0.298361	3.287408	2265.440334	-420.000000	0.000000	58.000000	2312.493290	1630.774206	2300.625899	0.000000	0	438.189535	35.014369	75.600186	-0.124714	-483.695294	59.707312	-3.427528	-410.556985	45.585129	0.000000	-420.000000	0	74.917984	3.003075	3.685998	67.653749	-1.776121	-447.126139	22.068620	1.776121	27.126139	3.427528	9.443015	16.695294	0	1	0	1	0
rhh	1	65.000000	66	3	10	8.000000	55.000000	0.298361	3.287408	2312.642996	-420.000000	0.000000	59.000000	2359.059488	1630.774206	2300.625899	0.000000	0	445.606185	32.985199	67.038256	4.084945	-483.073901	54.267364	2.056857	-415.289031	45.585129	0.000000	-420.000000	0	69.007227	5.910756	2.029170	60.652810	3.070901	-449.181466	15.067681	3.070901	29.181466	2.056857	4.710969	16.073901	0	1	0	1	0
rhh	1	65.000000	66	3	10	8.000000	55.000000	0.298361	3.287408	2359.163427	-420.000000	0.000000	60.000000	2406.771150	1630.774206	2300.625899	0.000000	0	449.562553	29.975567	58.059780	5.910045	-477.995675	50.509018	5.318710	-418.265719	45.585129	0.000000	-420.000000	0	60.208233	8.798995	3.009632	54.284399	5.614377	-448.130697	8.699270	5.614377	28.130697	5.318710	1.734281	10.995675	0	1	0	1	0
rhh	1	65.000000	66	3	10	8.000000	55.000000	0.298361	3.287408	2406.870811	-420.000000	0.000000	61.000000	2453.167111	1630.774206	2300.625899	0.000000	0	451.247995	29.111729	53.591551	6.628348	-473.599946	49.216063	6.464376	-421.925936	45.585129	0.000000	-420.000000	0	51.859185	8.349047	0.863838	51.403807	6.546362	-447.762941	5.818678	6.546362	27.762941	6.464376	1.925936	6.599946	1	1	0	1	0
rhh	1	65.000000	66	3	10	8.000000	55.000000	0.298361	3.287408	2453.267200	-420.000000	0.000000	62.000000	2499.906113	1630.774206	2300.625899	0.000000	0	452.279806	30.327391	53.304509	6.985747	-473.021217	49.235262	7.235614	-424.836278	45.585129	0.000000	-420.000000	0	48.357105	3.502081	1.215662	51.269886	7.110680	-448.928747	5.684757	7.110680	28.928747	7.235614	4.836278	6.021217	1	1	0	1	0
rhh	1	65.000000	66	3	10	8.000000	55.000000	0.298361	3.287408	2500.005347	-420.000000	0.000000	63.000000	2547.191327	1630.774206	2300.625899	0.000000	0	452.200826	30.400725	53.004899	6.947410	-472.710507	49.106606	6.658413	-425.530260	45.585129	0.000000	-420.000000	0	47.341905	1.015200	0.073334	51.055753	6.802911	-449.120384	5.470624	6.802911	29.120384	6.658413	5.530260	5.710507	1	1	0	1	0
rhh	1	65.000000	66	3	10	8.000000	55.000000	0.298361	3.287408	2547.291416	-420.000000	0.000000	64.000000	2594.280640	1630.774206	2300.625899	0.000000	0	451.637907	30.417858	53.200137	6.463148	-472.577632	49.524117	5.930597	-425.850825	45.585129	0.000000	-420.000000	0	46.874206	0.467698	0.017133	51.362127	6.196872	-449.214228	5.776998	6.196872	29.214228	5.930597	5.850825	5.577632	1	1	0	1	0
rhh	1	65.000000	66	3	10	8.000000	55.000000	0.298361	3.287408	2594.380729	-420.000000	0.000000	65.000000	2641.233507	1630.774206	2300.625899	0.000000	0	451.321343	30.344737	53.260485	6.116899	-472.472234	49.477080	5.492543	-425.962605	45.585129	0.000000	-420.000000	0	46.667435	0.206771	0.073121	51.368782	5.804721	-449.217419	5.783654	5.804721	29.217419	5.492543	5.962605	5.472234	1	1	0	1	0
rhh	1	65.000000	66	3	10	8.000000	55.000000	0.298361	3.287408	2641.332741	-420.000000	0.000000	66.000000	2688.276198	1630.774206	2300.625899	0.000000	0	451.345953	30.381698	53.370651	6.030370	-472.358949	49.293061	5.550290	-426.172914	45.585129	0.000000	-420.000000	0	46.368168	0.299267	0.036961	51.331856	5.790330	-449.265932	5.746728	5.790330	29.265932	5.550290	6.172914	5.358949	1	1	0	1	0
rhh	1	65.000000	66	3	10	8.000000	55.000000	0.298361	3.287408	2688.380992	-420.000000	0.000000	67.000000	2735.527621	1630.774206	2300.625899	0.000000	0	451.645675	30.517339	53.145719	6.330494	-472.312123	49.356220	5.804882	-426.420811	45.585129	0.000000	-420.000000	0	46.050506	0.317663	0.135641	51.250969	6.067688	-449.366467	5.665841	6.067688	29.366467	5.804882	6.420811	5.312123	1	1	0	1	0
rhh	1	65.000000	66	3	10	8.000000	55.000000	0.298361	3.287408	2735.627282	-420.000000	0.000000	68.000000	2782.655430	1630.774206	2300.625899	0.000000	0	451.719367	30.698976	53.020162	6.423793	-472.382271	49.583921	5.745903	-426.701354	45.585129	0.000000	-420.000000	0	45.814991	0.235515	0.181638	51.302041	6.084848	-449.541812	5.716913	6.084848	29.541812	5.745903	6.701354	5.382271	1	1	0	1	0
rhh	1	65.000000	66	3	10	8.000000	55.000000	0.298361	3.287408	2782.753808	-420.000000	0.000000	69.000000	2829.555258	1630.774206	2300.625899	0.000000	0	451.599509	30.715233	53.306688	6.286355	-472.231906	49.637188	5.750754	-426.845941	45.585129	0.000000	-420.000000	0	45.537214	0.277777	0.016257	51.471938	6.018554	-449.538924	5.886810	6.018554	29.538924	5.750754	6.845941	5.231906	1	1	0	1	0
rhh	1	65.000000	66	3	10	8.000000	55.000000	0.298361	3.287408	2829.711808	-420.000000	0.000000	70.000000	2876.690766	1630.774206	2300.625899	0.000000	0	451.524331	30.692223	53.287372	6.180606	-472.177429	49.663070	5.680298	-426.886912	45.585129	0.000000	-420.000000	0	45.438055	0.099159	0.023010	51.475221	5.930452	-449.532170	5.890092	5.930452	29.532170	5.680298	6.886912	5.177429	1	1	0	1	0
rhh	1	65.000000	66	3	10	8.000000	55.000000	0.298361	3.287408	2876.794277	-420.000000	0.000000	71.000000	2923.721908	1630.774206	2300.625899	0.000000	0	451.234281	30.741226	53.418184	5.887911	-472.280332	49.774780	5.258977	-426.975836	45.585129	0.000000	-420.000000	0	45.455113	0.017057	0.049004	51.596482	5.573444	-449.628084	6.011353	5.573444	29.628084	5.258977	6.975836	5.280332	1	1	0	1	0
rhh	1	65.000000	66	3	10	8.000000	55.000000	0.298361	3.287408	2923.821570	-420.000000	0.000000	72.000000	2970.751339	1630.774206	2300.625899	0.000000	0	451.256559	30.735988	53.042213	5.855688	-472.351883	49.781670	5.116347	-426.999708	45.585129	0.000000	-420.000000	0	45.475241	0.020128	0.005238	51.411942	5.486018	-449.675796	5.826813	5.486018	29.675796	5.116347	6.999708	5.351883	1	1	0	1	0
rhh	1	65.000000	66	3	10	8.000000	55.000000	0.298361	3.287408	2970.856561	-420.000000	0.000000	73.000000	3017.920210	1630.774206	2300.625899	0.000000	0	451.391863	30.674117	52.971331	5.852693	-472.332555	49.408471	5.285143	-426.945608	45.585129	0.000000	-420.000000	0	45.530111	0.054870	0.061871	51.189901	5.568918	-449.639081	5.604772	5.568918	29.639081	5.285143	6.945608	5.332555	1	1	0	1	0
rhh	1	65.000000	66	3	10	8.000000	55.000000	0.298361	3.287408	3018.020299	-420.000000	0.000000	74.000000	3065.010807	1630.774206	2300.625899	0.000000	0	451.430137	30.786624	52.898693	5.937461	-472.259677	49.700212	5.303359	-427.190260	45.585129	0.000000	-420.000000	0	45.187218	0.342892	0.112507	51.299453	5.620410	-449.724968	5.714324	5.620410	29.724968	5.303359	7.190260	5.259677	1	1	0	1	0
rhh	1	65.000000	66	3	10	8.000000	55.000000	0.298361	3.287408	3065.110468	-420.000000	0.000000	75.000000	3111.957258	1630.774206	2300.625899	0.000000	0	451.472372	30.781140	52.898828	5.879300	-472.319163	49.507873	5.360264	-427.156284	45.585129	0.000000	-420.000000	0	45.292975	0.105757	0.005484	51.203351	5.619782	-449.737724	5.618222	5.619782	29.737724	5.360264	7.156284	5.319163	1	1	0	1	0
rhh	1	65.000000	66	3	10	8.000000	55.000000	0.298361	3.287408	3112.056491	-420.000000	0.000000	76.000000	3159.155215	1630.774206	2300.625899	0.000000	0	451.423284	30.769521	52.938633	5.884422	-472.230411	49.574374	5.303320	-427.210568	45.585129	0.000000	-420.000000	0	45.149111	0.143864	0.011619	51.256504	5.593871	-449.720490	5.671375	5.593871	29.720490	5.303320	7.210568	5.230411	1	1	0	1	0
rhh	1	65.000000	66	3	10	8.000000	55.000000	0.298361	3.287408	3159.255731	-420.000000	0.000000	77.000000	3206.373702	1630.774206	2300.625899	0.000000	0	451.471203	30.788314	52.735967	5.959259	-472.222739	49.620370	5.234667	-427.285652	45.585129	0.000000	-420.000000	0	45.050791	0.098320	0.018793	51.178169	5.596963	-449.754196	5.593040	5.596963	29.754196	5.234667	7.285652	5.222739	1	1	0	1	0
rhh	1	65.000000	66	3	10	8.000000	55.000000	0.298361	3.287408	3206.478496	-420.000000	0.000000	78.000000	3253.071214	1630.774206	2300.625899	0.000000	0	451.180156	30.780379	53.167121	5.701804	-472.087699	49.793586	5.090117	-427.361830	45.585129	0.000000	-420.000000	0	44.857087	0.193704	0.007935	51.480354	5.395960	-449.724765	5.895225	5.395960	29.724765	5.090117	7.361830	5.087699	1	1	0	1	0
rhh	1	65.000000	66	3	10	8.000000	55.000000	0.298361	3.287408	3253.172159	-420.000000	0.000000	79.000000	3300.198168	1630.774206	2300.625899	0.000000	0	451.096129	30.909909	53.103232	5.584444	-472.136142	50.102379	4.966918	-427.575742	45.585129	0.000000	-420.000000	0	44.665599	0.191488	0.129531	51.602806	5.275681	-449.855942	6.017677	5.275681	29.855942	4.966918	7.575742	5.136142	1	1	0	1	0
rhh	1	65.000000	66	3	10	8.000000	55.000000	0.298361	3.287408	3300.302962	-420.000000	0.000000	80.000000	3347.308867	1630.774206	2300.625899	0.000000	0	451.019447	30.845713	53.157502	5.475101	-472.054214	50.039428	4.942153	-427.550082	45.585129	0.000000	-420.000000	0	44.616412	0.049186	0.064196	51.598465	5.208627	-449.802148	6.013336	5.208627	29.802148	4.942153	7.550082	5.054214	1	1	0	1	0
rhh	1	65.000000	66	3	10	8.000000	55.000000	0.298361	3.287408	3347.411951	-420.000000	0.000000	81.000000	3394.549170	1630.774206	2300.625899	0.000000	0	450.820404	30.872654	53.314536	5.282874	-471.989141	50.201833	4.760634	-427.669761	45.585129	0.000000	-420.000000	0	44.431623	0.184790	0.026940	51.758184	5.021754	-449.829451	6.173056	5.021754	29.829451	4.760634	7.669761	4.989141	1	1	0	1	0
rhh	1	65.000000	66	3	10	8.000000	55.000000	0.298361	3.287408	3394.649686	-420.000000	0.000000	82.000000	3441.329661	1630.774206	2300.625899	0.000000	0	450.820561	30.952367	53.110353	5.299180	-472.051900	50.339848	4.598073	-427.809969	45.585129	0.000000	-420.000000	0	44.334137	0.097486	0.079713	51.725101	4.948626	-449.930935	6.139972	4.948626	29.930935	4.598073	7.809969	5.051900	1	1	0	1	0
rhh	1	65.000000	66	3	10	8.000000	55.000000	0.298361	3.287408	3441.429322	-420.000000	0.000000	83.000000	3488.761587	1630.774206	2300.625899	0.000000	0	450.874978	30.883610	53.149130	5.263765	-472.026962	50.122014	4.754729	-427.709021	45.585129	0.000000	-420.000000	0	44.424121	0.089984	0.068757	51.635572	5.009247	-449.867992	6.050443	5.009247	29.867992	4.754729	7.709021	5.026962	1	1	0	1	0
rhh	1	65.000000	66	3	10	8.000000	55.000000	0.298361	3.287408	3488.865953	-420.000000	0.000000	84.000000	3535.645161	1630.774206	2300.625899	0.000000	0	450.742520	30.935056	53.130766	5.123210	-472.041860	50.337717	4.594180	-427.809929	45.585129	0.000000	-420.000000	0	44.323185	0.100935	0.051446	51.734242	4.858695	-449.925895	6.149113	4.858695	29.925895	4.594180	7.809929	5.041860	1	1	0	1	0
rhh	1	65.000000	66	3	10	8.000000	55.000000	0.298361	3.287408	3535.745678	-420.000000	0.000000	85.000000	3582.642940	1630.774206	2300.625899	0.000000	0	450.634848	30.933464	52.987456	4.947309	-472.107867	50.321132	4.373023	-427.836351	45.585129	0.000000	-420.000000	0	44.355453	0.032267	0.001591	51.654294	4.660166	-449.972109	6.069165	4.660166	29.972109	4.373023	7.836351	5.107867	1	1	0	1	0
rhh	1	65.000000	66	3	10	8.000000	55.000000	0.298361	3.287408	3582.743029	-420.000000	0.000000	86.000000	3629.801973	1630.774206	2300.625899	0.000000	0	450.516856	30.905363	52.916626	4.851560	-472.051055	50.451133	4.221367	-427.861121	45.585129	0.000000	-420.000000	0	44.263145	0.092307	0.028101	51.683879	4.536464	-449.956088	6.098751	4.536464	29.956088	4.221367	7.861121	5.051055	1	1	0	1	0
rhh	1	65.000000	66	3	10	8.000000	55.000000	0.298361	3.287408	3629.900779	-420.000000	0.000000	87.000000	3676.810873	1630.774206	2300.625899	0.000000	0	450.321998	30.796758	53.170383	4.619422	-471.973168	50.349335	4.160963	-427.727393	45.585129	0.000000	-420.000000	0	44.337988	0.074843	0.108605	51.759859	4.390192	-449.850280	6.174730	4.390192	29.850280	4.160963	7.727393	4.973168	1	1	0	1	0
rhh	1	65.000000	66	3	10	8.000000	55.000000	0.298361	3.287408	3676.910535	-420.000000	0.000000	88.000000	3711.991305	1630.774206	2300.625899	3711.986600	0	450.446952	30.799607	  53.028608    4.639031 -472.032539	  50.168895    4.268372 -427.720844	45.585129	0.000000	-420.000000	0	44.405424	0.067437	0.002849	0
