subjName	sessionNR	IOD	trialN	textureType	texnum	visualAngle	simulatedDepth	light_intensity	ambient_intensity	time	displayDistance	isRotated	frameN	timTote	startTime	touchTime	endTime	fingersOccluded	distanceToHome	distanceToObject	indexXraw	indexYraw	indexZraw	thumbXraw	thumbYraw	thumbZraw	targetX	targetY	targetZ	failCause	gripAperture	gripApertureVel	distFromObjVel	gripOriginX	gripOriginY	gripOriginZ	distFromObjX	distFromObjY	distFromObjZ	y_dist_thm	z_dist_thm	z_dist_ind	handOnObj	handnearObj	handfarObj	handTouchObj	framesOccluded
rhh	6	65.000000	6	2	37	8.000000	35.000000	0.516518	2.506618	915.189404	-420.000000	0.000000	30.000000	961.972917	0.000000	0.000000	0.000000	0	5.968032	431.692121	223.870604	-354.180350	-258.760069	225.280429	-358.644952	-252.921560	44.631439	0.000000	-420.000000	0	7.483880	0.493129	0.044056	224.575517	-356.412651	-255.840815	179.944077	356.412651	164.159185	358.644952	167.078440	188.239931	0	0	1	0	0
rhh	6	65.000000	6	2	37	8.000000	35.000000	0.516518	2.506618	962.168388	-420.000000	0.000000	31.000000	1009.193567	0.000000	0.000000	0.000000	0	5.985454	431.773921	223.967536	-354.279161	-258.762570	225.267660	-358.703465	-252.922671	44.631439	0.000000	-420.000000	0	7.441049	0.042831	0.081800	224.617598	-356.491313	-255.842620	179.986159	356.491313	164.157380	358.703465	167.077329	188.237430	0	0	1	0	0
rhh	6	65.000000	6	2	37	8.000000	35.000000	0.516518	2.506618	1009.302638	-420.000000	0.000000	32.000000	1056.152021	0.000000	0.000000	0.000000	0	6.018408	431.859240	223.841146	-354.217446	-258.710130	225.635698	-358.803781	-252.875134	44.631439	0.000000	-420.000000	0	7.635579	0.194530	0.085319	224.738422	-356.510614	-255.792632	180.106983	356.510614	164.207368	358.803781	167.124866	188.289870	0	0	1	0	0
rhh	6	65.000000	6	2	37	8.000000	35.000000	0.516518	2.506618	1056.252965	-420.000000	0.000000	33.000000	1103.391919	0.000000	0.000000	0.000000	0	5.894426	431.975168	223.338926	-354.109182	-258.749421	226.101666	-359.087541	-252.567398	44.631439	0.000000	-420.000000	0	8.404415	0.768836	0.115928	224.720296	-356.598361	-255.658410	180.088857	356.598361	164.341590	359.087541	167.432602	188.250579	0	0	1	0	0
rhh	6	65.000000	6	2	37	8.000000	35.000000	0.516518	2.506618	1103.500562	-420.000000	0.000000	34.000000	1150.641655	0.000000	0.000000	0.000000	0	5.694240	431.790335	223.082025	-354.032199	-258.719898	225.763473	-358.986497	-252.530574	44.631439	0.000000	-420.000000	0	8.369167	0.035248	0.184833	224.422749	-356.509348	-255.625236	179.791310	356.509348	164.374764	358.986497	167.469426	188.280102	0	0	1	0	0
rhh	6	65.000000	6	2	37	8.000000	35.000000	0.516518	2.506618	1150.742171	-420.000000	0.000000	35.000000	1197.448265	0.000000	0.000000	0.000000	0	5.797694	431.609179	223.165429	-354.014432	-258.709120	225.617862	-358.717297	-252.802692	44.631439	0.000000	-420.000000	0	7.938341	0.430826	0.181156	224.391646	-356.365864	-255.755906	179.760206	356.365864	164.244094	358.717297	167.197308	188.290880	0	0	1	0	0
rhh	6	65.000000	6	2	37	8.000000	35.000000	0.516518	2.506618	1197.547498	-420.000000	0.000000	36.000000	1245.614193	0.000000	0.000000	0.000000	0	6.878385	430.025480	222.833884	-353.035263	-260.057890	225.190600	-357.378471	-253.920497	44.631439	0.000000	-420.000000	0	7.879414	0.058928	1.583699	224.012242	-355.206867	-256.989194	179.380803	355.206867	163.010806	357.378471	166.079503	186.942110	0	0	1	0	0
rhh	6	65.000000	6	2	37	8.000000	35.000000	0.516518	2.506618	1245.715136	-420.000000	0.000000	37.000000	1292.299756	1280.563351	0.000000	0.000000	0	18.415180	418.007916	222.544070	-342.569132	-269.428743	224.618791	-345.178453	-257.788052	44.631439	0.000000	-420.000000	0	12.108621	4.229207	12.017564	223.581431	-343.873793	-263.608397	178.949992	343.873793	156.391603	345.178453	162.211948	177.571257	0	0	1	0	0
rhh	6	65.000000	6	2	37	8.000000	35.000000	0.516518	2.506618	1292.408399	-420.000000	0.000000	38.000000	1351.359467	1280.563351	0.000000	0.000000	0	51.782399	386.032570	220.388173	-313.768132	-291.162060	219.127270	-314.928495	-269.287814	44.631439	0.000000	-420.000000	0	21.941262	9.832641	31.975346	219.757721	-314.348313	-280.224937	175.126282	314.348313	139.775063	314.928495	150.712186	155.837940	0	0	1	0	0
rhh	6	65.000000	6	2	37	8.000000	35.000000	0.516518	2.506618	1351.610542	-420.000000	0.000000	39.000000	1398.155384	1280.563351	0.000000	0.000000	0	89.404527	349.771954	214.469285	-280.977148	-310.296596	211.512731	-280.621189	-283.554652	44.631439	0.000000	-420.000000	0	26.907238	4.965976	36.260616	212.991008	-280.799169	-296.925624	168.359569	280.799169	123.074376	280.621189	136.445348	136.703404	0	0	1	0	0
rhh	6	65.000000	6	2	37	8.000000	35.000000	0.516518	2.506618	1398.258466	-420.000000	0.000000	40.000000	1445.288350	1280.563351	0.000000	0.000000	0	134.282067	306.113521	205.241670	-241.391840	-332.965621	198.426948	-241.235116	-299.568229	44.631439	0.000000	-420.000000	0	34.085932	7.178694	43.658433	201.834309	-241.313478	-316.266925	157.202870	241.313478	103.733075	241.235116	120.431771	114.034379	0	0	1	0	0
rhh	6	65.000000	6	2	37	8.000000	35.000000	0.516518	2.506618	1445.397421	-420.000000	0.000000	41.000000	1492.148426	1280.563351	0.000000	0.000000	0	179.804347	261.448813	191.804407	-202.078714	-354.091333	183.220139	-202.136166	-317.467197	44.631439	0.000000	-420.000000	0	37.616756	3.530824	44.664707	187.512273	-202.107440	-335.779265	142.880834	202.107440	84.220735	202.136166	102.532803	92.908667	0	0	1	0	0
rhh	6	65.000000	6	2	37	8.000000	35.000000	0.516518	2.506618	1492.250653	-420.000000	0.000000	42.000000	1539.236481	1280.563351	0.000000	0.000000	0	225.019611	217.848033	177.736647	-163.471480	-374.302827	168.498314	-164.001415	-337.019613	44.631439	0.000000	-420.000000	0	38.414394	0.797638	43.600780	173.117481	-163.736447	-355.661220	128.486041	163.736447	64.338780	164.001415	82.980387	72.697173	0	0	0	0	0
rhh	6	65.000000	6	2	37	8.000000	35.000000	0.516518	2.506618	1539.336570	-420.000000	0.000000	43.000000	1586.545243	1280.563351	0.000000	0.000000	0	267.749414	177.067600	163.117428	-128.360832	-395.267320	152.720276	-128.862035	-355.783336	44.631439	0.000000	-420.000000	0	40.833038	2.418644	40.780433	157.918852	-128.611433	-375.525328	113.287413	128.611433	44.474672	128.862035	64.216664	51.732680	0	0	0	0	0
rhh	6	65.000000	6	2	37	8.000000	35.000000	0.516518	2.506618	1586.646187	-420.000000	0.000000	44.000000	1633.540054	1280.563351	0.000000	0.000000	0	305.777603	140.882950	147.896200	-97.906458	-413.427527	136.674884	-97.694753	-371.919993	44.631439	0.000000	-420.000000	0	42.998118	2.165081	36.184650	142.285542	-97.800606	-392.673760	97.654103	97.800606	27.326240	97.694753	48.080007	33.572473	0	0	0	0	0
rhh	6	65.000000	6	2	37	8.000000	35.000000	0.516518	2.506618	1633.644419	-420.000000	0.000000	45.000000	1680.192255	1280.563351	0.000000	0.000000	0	338.101919	110.631274	133.273587	-72.828925	-430.196430	120.847185	-72.814555	-385.992505	44.631439	0.000000	-420.000000	0	45.917346	2.919227	30.251676	127.060386	-72.821740	-408.094467	82.428947	72.821740	11.905533	72.814555	34.007495	16.803570	0	0	0	0	0
rhh	6	65.000000	6	2	37	8.000000	35.000000	0.516518	2.506618	1680.292771	-420.000000	0.000000	46.000000	1727.316667	1280.563351	0.000000	0.000000	0	364.204312	86.561670	119.333779	-53.934961	-443.972977	106.431207	-52.548348	-396.439586	44.631439	0.000000	-420.000000	0	49.272938	3.355592	24.069604	112.882493	-53.241655	-420.206281	68.251054	53.241655	0.206281	52.548348	23.560414	3.027023	0	0	0	0	0
rhh	6	65.000000	6	2	37	8.000000	35.000000	0.516518	2.506618	1727.417610	-420.000000	0.000000	47.000000	1774.595915	1280.563351	0.000000	0.000000	0	384.444273	68.055120	106.493719	-39.652401	-454.023577	93.328986	-37.619361	-404.186228	44.631439	0.000000	-420.000000	0	51.586866	2.313929	18.506550	99.911353	-38.635881	-429.104902	55.279913	38.635881	9.104902	37.619361	15.813772	7.023577	0	0	0	0	0
rhh	6	65.000000	6	2	37	8.000000	35.000000	0.516518	2.506618	1774.696004	-420.000000	0.000000	48.000000	1821.822126	1280.563351	0.000000	0.000000	0	399.573774	54.372151	94.639180	-30.388568	-461.470955	81.703016	-26.750273	-409.796740	44.631439	0.000000	-420.000000	0	53.392939	1.806073	13.682969	88.171098	-28.569420	-435.633848	43.539659	28.569420	15.633848	26.750273	10.203260	14.470955	0	1	0	0	0
rhh	6	65.000000	6	2	37	8.000000	35.000000	0.516518	2.506618	1821.974397	-420.000000	0.000000	49.000000	1868.665521	1280.563351	0.000000	0.000000	0	411.251985	45.340808	85.793318	-23.005827	-466.216308	73.226348	-18.152156	-414.565631	44.631439	0.000000	-420.000000	0	53.378641	0.014299	9.031343	79.509833	-20.578992	-440.390970	34.878394	20.578992	20.390970	18.152156	5.434369	19.216308	0	1	0	0	0
rhh	6	65.000000	6	2	37	8.000000	35.000000	0.516518	2.506618	1868.770314	-420.000000	0.000000	50.000000	1915.240304	1280.563351	1903.763956	0.000000	0	420.644280	37.403933	76.974271	-16.155024	-467.707715	65.804162	-11.111251	-416.888838	44.631439	0.000000	-420.000000	0	52.275896	1.102745	7.936875	71.389217	-13.633137	-442.298276	26.757777	13.633137	22.298276	11.111251	3.111162	20.707715	0	1	0	1	0
rhh	6	65.000000	6	2	37	8.000000	35.000000	0.516518	2.506618	1915.340819	-420.000000	0.000000	51.000000	1961.895071	1280.563351	1903.763956	0.000000	0	427.281599	30.958149	69.175829	-10.821628	-466.490267	59.338393	-6.515706	-418.145781	44.631439	0.000000	-420.000000	0	49.522778	2.753118	6.445784	64.257111	-8.668667	-442.318024	19.625672	8.668667	22.318024	6.515706	1.854219	19.490267	0	1	0	1	0
rhh	6	65.000000	6	2	37	8.000000	35.000000	0.516518	2.506618	1961.996014	-420.000000	0.000000	52.000000	2009.158494	1280.563351	1903.763956	0.000000	0	431.378215	24.166404	61.281116	-7.702972	-460.874590	54.561124	-2.372709	-418.216056	44.631439	0.000000	-420.000000	0	43.512303	6.010474	6.791745	57.921120	-5.037840	-439.545323	13.289681	5.037840	19.545323	2.372709	1.783944	13.874590	0	1	0	1	0
rhh	6	65.000000	6	2	37	8.000000	35.000000	0.516518	2.506618	2009.260293	-420.000000	0.000000	53.000000	2056.110959	1280.563351	1903.763956	0.000000	0	432.934312	17.217771	54.530456	-7.457775	-453.011981	49.766026	0.464404	-417.168975	44.631439	0.000000	-420.000000	0	37.015967	6.496336	6.948633	52.148241	-3.496685	-435.090478	7.516802	3.496685	15.090478	0.464404	2.831025	6.011981	1	1	0	1	0
rhh	6	65.000000	6	2	37	8.000000	35.000000	0.516518	2.506618	2056.211047	-420.000000	0.000000	54.000000	2103.109619	1280.563351	1903.763956	0.000000	0	435.135653	17.067021	53.220980	-5.332702	-452.977736	48.855836	2.002410	-418.484066	44.631439	0.000000	-420.000000	0	35.534091	1.481876	0.150751	51.038408	-1.665146	-435.730901	6.406969	1.665146	15.730901	2.002410	1.515934	5.977736	1	1	0	1	0
rhh	6	65.000000	6	2	37	8.000000	35.000000	0.516518	2.506618	2103.209280	-420.000000	0.000000	55.000000	2150.147202	1280.563351	1903.763956	0.000000	0	435.688718	18.221944	54.200509	-4.952798	-452.640366	48.569618	2.126683	-421.089803	44.631439	0.000000	-420.000000	0	32.821701	2.712390	1.154924	51.385063	-1.413058	-436.865085	6.753624	1.413058	16.865085	2.126683	1.089803	5.640366	1	1	0	1	0
rhh	6	65.000000	6	2	37	8.000000	35.000000	0.516518	2.506618	2150.248146	-420.000000	0.000000	56.000000	2197.161688	1280.563351	1903.763956	0.000000	0	436.330616	19.146090	53.747785	-4.783839	-452.904117	47.470180	1.480849	-423.323734	44.631439	0.000000	-420.000000	0	30.881284	1.940416	0.924145	50.608983	-1.651495	-438.113925	5.977543	1.651495	18.113925	1.480849	3.323734	5.904117	1	1	0	1	0
rhh	6	65.000000	6	2	37	8.000000	35.000000	0.516518	2.506618	2197.261349	-420.000000	0.000000	57.000000	2244.526055	1280.563351	1903.763956	0.000000	0	436.588878	19.429178	53.763721	-4.863904	-453.041090	46.815226	1.471890	-423.977994	44.631439	0.000000	-420.000000	0	30.546479	0.334805	0.283088	50.289474	-1.696007	-438.509542	5.658035	1.696007	18.509542	1.471890	3.977994	6.041090	1	1	0	1	0
rhh	6	65.000000	6	2	37	8.000000	35.000000	0.516518	2.506618	2244.624860	-420.000000	0.000000	58.000000	2291.515305	1280.563351	1903.763956	0.000000	0	437.193693	19.517597	53.742736	-4.382941	-452.748230	46.946860	2.395824	-424.524117	44.631439	0.000000	-420.000000	0	29.811678	0.734801	0.088419	50.344798	-0.993558	-438.636174	5.713359	0.993558	18.636174	2.395824	4.524117	5.748230	1	1	0	1	0
rhh	6	65.000000	6	2	37	8.000000	35.000000	0.516518	2.506618	2291.616248	-420.000000	0.000000	59.000000	2338.477180	1280.563351	1903.763956	0.000000	0	437.299722	19.348732	53.994965	-4.326214	-452.587518	46.482788	2.641987	-424.410909	44.631439	0.000000	-420.000000	0	29.981827	0.170149	0.168866	50.238877	-0.842113	-438.499214	5.607438	0.842113	18.499214	2.641987	4.410909	5.587518	1	1	0	1	0
rhh	6	65.000000	6	2	37	8.000000	35.000000	0.516518	2.506618	2338.580262	-420.000000	0.000000	60.000000	2385.619984	1280.563351	1903.763956	0.000000	0	437.207976	19.354850	54.077319	-4.401399	-452.561904	46.513636	2.561533	-424.407414	44.631439	0.000000	-420.000000	0	29.972771	0.009056	0.006119	50.295478	-0.919933	-438.484659	5.664038	0.919933	18.484659	2.561533	4.407414	5.561904	1	1	0	1	0
rhh	6	65.000000	6	2	37	8.000000	35.000000	0.516518	2.506618	2385.723922	-420.000000	0.000000	61.000000	2432.468084	1280.563351	1903.763956	0.000000	0	437.166791	19.404047	54.088794	-4.445346	-452.547711	46.644621	2.543166	-424.477641	44.631439	0.000000	-420.000000	0	29.869446	0.103325	0.049197	50.366708	-0.951090	-438.512676	5.735268	0.951090	18.512676	2.543166	4.477641	5.547711	1	1	0	1	0
rhh	6	65.000000	6	2	37	8.000000	35.000000	0.516518	2.506618	2432.573733	-420.000000	0.000000	62.000000	2479.717820	1280.563351	1903.763956	0.000000	0	437.105309	19.383159	53.961888	-4.439005	-452.525566	46.713190	2.376038	-424.465424	44.631439	0.000000	-420.000000	0	29.771798	0.097648	0.020888	50.337539	-1.031483	-438.495495	5.706100	1.031483	18.495495	2.376038	4.465424	5.525566	1	1	0	1	0
rhh	6	65.000000	6	2	37	8.000000	35.000000	0.516518	2.506618	2479.818336	-420.000000	0.000000	63.000000	2526.535551	1280.563351	1903.763956	0.000000	0	436.953608	19.501535	54.268828	-4.662815	-452.540696	46.749769	2.326320	-424.575114	44.631439	0.000000	-420.000000	0	29.790234	0.018436	0.118376	50.509298	-1.168247	-438.557905	5.877859	1.168247	18.557905	2.326320	4.575114	5.540696	1	1	0	1	0
rhh	6	65.000000	6	2	37	8.000000	35.000000	0.516518	2.506618	2526.635639	-420.000000	0.000000	64.000000	2573.791703	1280.563351	1903.763956	0.000000	0	436.758944	19.398234	54.530250	-4.852080	-452.511857	46.510177	2.178228	-424.356907	44.631439	0.000000	-420.000000	0	30.107274	0.317040	0.103302	50.520214	-1.336926	-438.434382	5.888775	1.336926	18.434382	2.178228	4.356907	5.511857	1	1	0	1	0
rhh	6	65.000000	6	2	37	8.000000	35.000000	0.516518	2.506618	2573.891791	-420.000000	0.000000	65.000000	2620.872059	1280.563351	1903.763956	0.000000	0	436.482294	19.515102	54.394568	-4.930692	-452.414777	46.956527	1.674235	-424.553146	44.631439	0.000000	-420.000000	0	29.584117	0.523157	0.116869	50.675547	-1.628228	-438.483962	6.044108	1.628228	18.483962	1.674235	4.553146	5.414777	1	1	0	1	0
rhh	6	65.000000	6	2	37	8.000000	35.000000	0.516518	2.506618	2620.971291	-420.000000	0.000000	66.000000	2667.842916	1280.563351	1903.763956	0.000000	0	435.963102	19.751704	54.448923	-5.293587	-452.536377	47.257162	0.798050	-424.685606	44.631439	0.000000	-420.000000	0	29.402294	0.181823	0.236602	50.853042	-2.247769	-438.610991	6.221603	2.247769	18.610991	0.798050	4.685606	5.536377	1	1	0	1	0
rhh	6	65.000000	6	2	37	8.000000	35.000000	0.516518	2.506618	2667.943432	-420.000000	0.000000	67.000000	2714.634556	1280.563351	1903.763956	0.000000	0	435.917138	19.648723	54.359104	-5.264521	-452.517816	47.148891	0.649442	-424.536838	44.631439	0.000000	-420.000000	0	29.494021	0.091726	0.102981	50.753998	-2.307540	-438.527327	6.122558	2.307540	18.527327	0.649442	4.536838	5.517816	1	1	0	1	0
rhh	6	65.000000	6	2	37	8.000000	35.000000	0.516518	2.506618	2714.735928	-420.000000	0.000000	68.000000	2761.898407	1280.563351	1903.763956	0.000000	0	436.242367	19.646763	54.296808	-5.150863	-452.638145	46.902210	1.100838	-424.578881	44.631439	0.000000	-420.000000	0	29.683096	0.189075	0.001960	50.599509	-2.025012	-438.608513	5.968070	2.025012	18.608513	1.100838	4.578881	5.638145	1	1	0	1	0
rhh	6	65.000000	6	2	37	8.000000	35.000000	0.516518	2.506618	2761.998923	-420.000000	0.000000	69.000000	2809.160119	1280.563351	1903.763956	0.000000	0	436.575538	19.662468	53.959523	-5.003602	-452.792765	46.665689	1.362520	-424.678429	44.631439	0.000000	-420.000000	0	29.734549	0.051454	0.015705	50.312606	-1.820541	-438.735597	5.681167	1.820541	18.735597	1.362520	4.678429	5.792765	1	1	0	1	0
rhh	6	65.000000	6	2	37	8.000000	35.000000	0.516518	2.506618	2809.314101	-420.000000	0.000000	70.000000	2856.231921	1280.563351	1903.763956	0.000000	0	436.834449	19.544055	53.253380	-4.767940	-452.761695	46.542952	1.356165	-424.725455	44.631439	0.000000	-420.000000	0	29.471431	0.263118	0.118413	49.898166	-1.705887	-438.743575	5.266727	1.705887	18.743575	1.356165	4.725455	5.761695	1	1	0	1	0
rhh	6	65.000000	6	2	37	8.000000	35.000000	0.516518	2.506618	2856.336286	-420.000000	0.000000	71.000000	2903.205772	1280.563351	1903.763956	0.000000	0	436.193492	19.685159	53.460689	-5.257627	-452.765964	46.792551	0.482057	-424.736406	44.631439	0.000000	-420.000000	0	29.377953	0.093478	0.141104	50.126620	-2.387785	-438.751185	5.495181	2.387785	18.751185	0.482057	4.736406	5.765964	1	1	0	1	0
rhh	6	65.000000	6	2	37	8.000000	35.000000	0.516518	2.506618	2903.305005	-420.000000	0.000000	72.000000	2950.343444	1280.563351	1903.763956	0.000000	0	435.835354	19.724793	53.591980	-5.521543	-452.802746	46.845826	-0.006368	-424.624958	44.631439	0.000000	-420.000000	0	29.494330	0.116377	0.039634	50.218903	-2.763955	-438.713852	5.587464	2.763955	18.713852	0.006368	4.624958	5.802746	1	1	0	1	0
rhh	6	65.000000	6	2	37	8.000000	35.000000	0.516518	2.506618	2950.443959	-420.000000	0.000000	73.000000	2997.264257	1280.563351	1903.763956	0.000000	0	435.914483	19.572229	53.533707	-5.344065	-452.704566	46.790999	0.087710	-424.474667	44.631439	0.000000	-420.000000	0	29.527876	0.033546	0.152564	50.162353	-2.628178	-438.589616	5.530914	2.628178	18.589616	0.087710	4.474667	5.704566	1	1	0	1	0
rhh	6	65.000000	6	2	37	8.000000	35.000000	0.516518	2.506618	2997.364773	-420.000000	0.000000	74.000000	3044.164968	1280.563351	1903.763956	0.000000	0	436.087684	19.522714	53.410524	-5.122059	-452.625208	46.811599	0.253258	-424.533037	44.631439	0.000000	-420.000000	0	29.353193	0.174684	0.049516	50.111062	-2.434400	-438.579122	5.479623	2.434400	18.579122	0.253258	4.533037	5.625208	1	1	0	1	0
rhh	6	65.000000	6	2	37	8.000000	35.000000	0.516518	2.506618	3044.264628	-420.000000	0.000000	75.000000	3091.595204	1280.563351	1903.763956	0.000000	0	436.146320	19.654290	53.361298	-5.073172	-452.647409	46.990095	0.279678	-424.758897	44.631439	0.000000	-420.000000	0	29.103510	0.249682	0.131576	50.175696	-2.396747	-438.703153	5.544257	2.396747	18.703153	0.279678	4.758897	5.647409	1	1	0	1	0
rhh	6	65.000000	6	2	37	8.000000	35.000000	0.516518	2.506618	3091.693154	-420.000000	0.000000	76.000000	3138.663584	1280.563351	1903.763956	0.000000	0	436.094294	19.729393	53.621294	-5.493717	-452.784870	46.773869	0.528555	-424.743990	44.631439	0.000000	-420.000000	0	29.486369	0.382858	0.075104	50.197581	-2.482581	-438.764430	5.566142	2.482581	18.764430	0.528555	4.743990	5.784870	1	1	0	1	0
rhh	6	65.000000	6	2	37	8.000000	35.000000	0.516518	2.506618	3138.763244	-420.000000	0.000000	77.000000	3185.606211	1280.563351	1903.763956	0.000000	0	436.309086	19.636244	53.481413	-5.359094	-452.790527	46.574503	0.783473	-424.691500	44.631439	0.000000	-420.000000	0	29.580261	0.093892	0.093149	50.027958	-2.287811	-438.741014	5.396519	2.287811	18.741014	0.783473	4.691500	5.790527	1	1	0	1	0
rhh	6	65.000000	6	2	37	8.000000	35.000000	0.516518	2.506618	3185.706299	-420.000000	0.000000	78.000000	3232.581774	1280.563351	1903.763956	0.000000	0	436.186125	19.676150	53.672006	-5.363246	-452.716368	46.674918	0.636027	-424.745625	44.631439	0.000000	-420.000000	0	29.450178	0.130083	0.039906	50.173462	-2.363609	-438.730996	5.542023	2.363609	18.730996	0.636027	4.745625	5.716368	1	1	0	1	0
rhh	6	65.000000	6	2	37	8.000000	35.000000	0.516518	2.506618	3232.686567	-420.000000	0.000000	79.000000	3279.870433	1280.563351	1903.763956	0.000000	0	436.107747	19.767022	53.765695	-5.506430	-452.781847	46.760809	0.611544	-424.796226	44.631439	0.000000	-420.000000	0	29.490558	0.040380	0.090872	50.263252	-2.447443	-438.789036	5.631813	2.447443	18.789036	0.611544	4.796226	5.781847	1	1	0	1	0
rhh	6	65.000000	6	2	37	8.000000	35.000000	0.516518	2.506618	3299.956500	-420.000000	0.000000	80.000000	3350.487331	1280.563351	1903.763956	0.000000	0	436.299232	19.724917	53.649324	-5.300350	-452.741903	46.835731	0.866309	-424.817270	44.631439	0.000000	-420.000000	0	29.397922	0.092636	0.042105	50.242527	-2.217020	-438.779586	5.611088	2.217020	18.779586	0.866309	4.817270	5.741903	1	1	0	1	0
rhh	6	65.000000	6	2	37	8.000000	35.000000	0.516518	2.506618	3350.728141	-420.000000	0.000000	81.000000	3397.375210	1280.563351	1903.763956	0.000000	0	436.040730	19.738950	53.588970	-5.295465	-452.705085	47.057706	0.347744	-424.770692	44.631439	0.000000	-420.000000	0	29.237536	0.160386	0.014033	50.323338	-2.473860	-438.737889	5.691898	2.473860	18.737889	0.347744	4.770692	5.705085	1	1	0	1	0
rhh	6	65.000000	6	2	37	8.000000	35.000000	0.516518	2.506618	3397.479575	-420.000000	0.000000	82.000000	3444.411509	1280.563351	1903.763956	0.000000	0	435.808876	19.878666	54.013110	-5.806556	-452.876454	46.993199	0.397954	-424.719880	44.631439	0.000000	-420.000000	0	29.674362	0.436825	0.139716	50.503154	-2.704301	-438.798167	5.871715	2.704301	18.798167	0.397954	4.719880	5.876454	1	1	0	1	0
rhh	6	65.000000	6	2	37	8.000000	35.000000	0.516518	2.506618	3444.510742	-420.000000	0.000000	83.000000	3491.495715	1280.563351	1903.763956	0.000000	0	435.969179	19.850856	53.894778	-5.749924	-452.910940	46.839405	0.573922	-424.743331	44.631439	0.000000	-420.000000	0	29.718404	0.044042	0.027810	50.367092	-2.588001	-438.827136	5.735653	2.588001	18.827136	0.573922	4.743331	5.910940	1	1	0	1	0
rhh	6	65.000000	6	2	37	8.000000	35.000000	0.516518	2.506618	3491.599653	-420.000000	0.000000	84.000000	3526.959429	1280.563351	1903.763956	3526.955579	0	436.358068	19.772662	  54.027133   -5.359647 -452.884642	  46.550528    1.067711 -424.763567	44.631439	0.000000	-420.000000	0	29.799420	0.081017	0.078194	0
