subjName	sessionNR	IOD	trialN	textureType	texnum	visualAngle	simulatedDepth	light_intensity	ambient_intensity	time	displayDistance	isRotated	frameN	timTote	startTime	touchTime	endTime	fingersOccluded	distanceToHome	distanceToObject	indexXraw	indexYraw	indexZraw	thumbXraw	thumbYraw	thumbZraw	targetX	targetY	targetZ	failCause	gripAperture	gripApertureVel	distFromObjVel	gripOriginX	gripOriginY	gripOriginZ	distFromObjX	distFromObjY	distFromObjZ	y_dist_thm	z_dist_thm	z_dist_ind	handOnObj	handnearObj	handfarObj	handTouchObj	framesOccluded
rhh	5	65.000000	71	3	9	8.000000	55.000000	0.285385	3.258446	880.866866	-420.000000	0.000000	30.000000	927.361236	0.000000	0.000000	0.000000	0	6.738267	434.523269	223.720440	-352.188644	-252.382757	225.814994	-359.927215	-243.506176	44.684082	0.000000	-420.000000	0	11.961034	0.123337	0.014081	224.767717	-356.057930	-247.944467	180.083635	356.057930	172.055533	359.927215	176.493824	214.617243	0	0	1	0	0
rhh	5	65.000000	71	3	9	8.000000	55.000000	0.285385	3.258446	927.687592	-420.000000	0.000000	31.000000	974.668287	0.000000	0.000000	0.000000	0	6.711880	434.497263	223.727304	-352.192875	-252.375495	225.766500	-359.901084	-243.555902	44.684082	0.000000	-420.000000	0	11.889493	0.071541	0.026006	224.746902	-356.046980	-247.965698	180.062820	356.046980	172.034302	359.901084	176.444098	214.624505	0	0	1	0	0
rhh	5	65.000000	71	3	9	8.000000	55.000000	0.285385	3.258446	974.770514	-420.000000	0.000000	32.000000	1021.599366	0.000000	0.000000	0.000000	0	6.756723	434.545653	223.793402	-352.191781	-252.332003	225.767394	-359.946086	-243.515962	44.684082	0.000000	-420.000000	0	11.905817	0.016324	0.048390	224.780398	-356.068934	-247.923982	180.096316	356.068934	172.076018	359.946086	176.484038	214.667997	0	0	1	0	0
rhh	5	65.000000	71	3	9	8.000000	55.000000	0.285385	3.258446	1021.699026	-420.000000	0.000000	33.000000	1069.149794	0.000000	0.000000	0.000000	0	6.792630	434.595724	223.835936	-352.233611	-252.364949	225.796418	-359.987141	-243.476529	44.684082	0.000000	-420.000000	0	11.956787	0.050970	0.050072	224.816177	-356.110376	-247.920739	180.132095	356.110376	172.079261	359.987141	176.523471	214.635051	0	0	1	0	0
rhh	5	65.000000	71	3	9	8.000000	55.000000	0.285385	3.258446	1069.246033	-420.000000	0.000000	34.000000	1115.616361	0.000000	0.000000	0.000000	0	6.629846	434.446862	223.680491	-352.154678	-252.373030	225.647441	-359.908954	-243.576606	44.684082	0.000000	-420.000000	0	11.890112	0.066675	0.148862	224.663966	-356.031816	-247.974818	179.979884	356.031816	172.025182	359.908954	176.423394	214.626970	0	0	1	0	0
rhh	5	65.000000	71	3	9	8.000000	55.000000	0.285385	3.258446	1115.725432	-420.000000	0.000000	35.000000	1163.345579	0.000000	0.000000	0.000000	0	6.824558	434.626007	224.019931	-352.296180	-252.240788	225.659369	-359.945061	-243.539276	44.684082	0.000000	-420.000000	0	11.700831	0.189281	0.179145	224.839650	-356.120621	-247.890032	180.155568	356.120621	172.109968	359.945061	176.460724	214.759212	0	0	1	0	0
rhh	5	65.000000	71	3	9	8.000000	55.000000	0.285385	3.258446	1163.440107	-420.000000	0.000000	36.000000	1210.493516	0.000000	0.000000	0.000000	0	6.835929	434.661605	224.014908	-352.305731	-252.221463	225.660054	-359.984462	-243.475566	44.684082	0.000000	-420.000000	0	11.754153	0.053322	0.035598	224.837481	-356.145097	-247.848515	180.153399	356.145097	172.151485	359.984462	176.524434	214.778537	0	0	1	0	0
rhh	5	65.000000	71	3	9	8.000000	55.000000	0.285385	3.258446	1210.588044	-420.000000	0.000000	37.000000	1257.410908	0.000000	0.000000	0.000000	0	6.824542	434.616065	224.095524	-352.273188	-252.185757	225.520876	-359.880362	-243.397308	44.684082	0.000000	-420.000000	0	11.710575	0.043578	0.045540	224.808200	-356.076775	-247.791532	180.124118	356.076775	172.208468	359.880362	176.602692	214.814243	0	0	1	0	0
rhh	5	65.000000	71	3	9	8.000000	55.000000	0.285385	3.258446	1257.513562	-420.000000	0.000000	38.000000	1304.980156	0.000000	0.000000	0.000000	0	7.740281	433.442155	225.610728	-351.778741	-254.667689	226.186359	-357.495869	-243.187302	44.684082	0.000000	-420.000000	0	12.838076	1.127501	1.173911	225.898544	-354.637305	-248.927495	181.214462	354.637305	171.072505	357.495869	176.812698	212.332311	0	0	1	0	0
rhh	5	65.000000	71	3	9	8.000000	55.000000	0.285385	3.258446	1305.147825	-420.000000	0.000000	39.000000	1352.213638	1340.856626	0.000000	0.000000	0	18.768898	422.845115	232.390093	-343.058705	-269.770682	228.069684	-343.101898	-243.630779	44.684082	0.000000	-420.000000	0	26.494571	13.656496	10.597040	230.229889	-343.080301	-256.700731	185.545807	343.080301	163.299269	343.101898	176.369221	197.229318	0	0	1	0	0
rhh	5	65.000000	71	3	9	8.000000	55.000000	0.285385	3.258446	1352.348372	-420.000000	0.000000	40.000000	1410.918334	1340.856626	0.000000	0.000000	0	48.980458	401.616937	246.556601	-320.141791	-289.633071	234.082877	-314.409531	-251.308346	44.684082	0.000000	-420.000000	0	40.709178	14.214606	21.228177	240.319739	-317.275661	-270.470709	195.635657	317.275661	149.529291	314.409531	168.691654	177.366929	0	0	1	0	0
rhh	5	65.000000	71	3	9	8.000000	55.000000	0.285385	3.258446	1411.032965	-420.000000	0.000000	41.000000	1458.251049	1340.856626	0.000000	0.000000	0	78.241921	377.057240	251.554584	-293.746709	-306.269948	235.371960	-286.039790	-260.813219	44.684082	0.000000	-420.000000	0	48.862952	8.153774	24.559698	243.463272	-289.893249	-283.541584	198.779190	289.893249	136.458416	286.039790	159.186781	160.730052	0	0	1	0	0
rhh	5	65.000000	71	3	9	8.000000	55.000000	0.285385	3.258446	1458.347288	-420.000000	0.000000	42.000000	1505.372467	1340.856626	0.000000	0.000000	0	109.980115	346.845394	248.569871	-263.951902	-323.554970	231.299800	-255.298264	-273.350918	44.684082	0.000000	-420.000000	0	53.792079	4.929127	30.211846	239.934836	-259.625083	-298.452944	195.250754	259.625083	121.547056	255.298264	146.649082	143.445030	0	0	1	0	0
rhh	5	65.000000	71	3	9	8.000000	55.000000	0.285385	3.258446	1505.480254	-420.000000	0.000000	43.000000	1552.595256	1340.856626	0.000000	0.000000	0	144.656537	312.245676	240.625200	-230.838723	-341.667069	221.771771	-222.971886	-286.448793	44.684082	0.000000	-420.000000	0	58.876115	5.084036	34.599718	231.198485	-226.905305	-314.057931	186.514403	226.905305	105.942069	222.971886	133.551207	125.332931	0	0	1	0	0
rhh	5	65.000000	71	3	9	8.000000	55.000000	0.285385	3.258446	1552.709887	-420.000000	0.000000	44.000000	1599.174315	1340.856626	0.000000	0.000000	0	179.292802	275.943032	227.317191	-198.925631	-359.949889	207.283705	-193.314946	-302.455295	44.684082	0.000000	-420.000000	0	61.142855	2.266740	36.302644	217.300448	-196.120288	-331.202592	172.616366	196.120288	88.797408	193.314946	117.544705	107.050111	0	0	1	0	0
rhh	5	65.000000	71	3	9	8.000000	55.000000	0.285385	3.258446	1599.290230	-420.000000	0.000000	45.000000	1646.093418	1340.856626	0.000000	0.000000	0	215.648064	239.092226	212.517494	-167.940637	-380.829092	191.934360	-164.010874	-320.639930	44.684082	0.000000	-420.000000	0	63.732594	2.589739	36.850807	202.225927	-165.975756	-350.734511	157.541845	165.975756	69.265489	164.010874	99.360070	86.170908	0	0	0	0	0
rhh	5	65.000000	71	3	9	8.000000	55.000000	0.285385	3.258446	1646.225586	-420.000000	0.000000	46.000000	1693.249482	1340.856626	0.000000	0.000000	0	250.436635	204.896058	197.230685	-140.729645	-402.927940	176.230459	-138.847452	-341.901663	44.684082	0.000000	-420.000000	0	64.565924	0.833330	34.196168	186.730572	-139.788548	-372.414801	142.046490	139.788548	47.585199	138.847452	78.098337	64.072060	0	0	0	0	0
rhh	5	65.000000	71	3	9	8.000000	55.000000	0.285385	3.258446	1693.345720	-420.000000	0.000000	47.000000	1740.394424	1340.856626	0.000000	0.000000	0	283.890414	172.342785	180.514212	-115.576370	-423.102850	159.339164	-114.588242	-361.313412	44.684082	0.000000	-420.000000	0	65.324526	0.758602	32.553273	169.926688	-115.082306	-392.208131	125.242606	115.082306	27.791869	114.588242	58.686588	43.897150	0	0	0	0	0
rhh	5	65.000000	71	3	9	8.000000	55.000000	0.285385	3.258446	1740.489380	-420.000000	0.000000	48.000000	1787.197613	1340.856626	0.000000	0.000000	0	314.963822	142.413232	163.062439	-92.217461	-440.867620	141.723156	-92.963356	-378.407768	44.684082	0.000000	-420.000000	0	66.008746	0.684220	29.929553	152.392797	-92.590409	-409.637694	107.708715	92.590409	10.362306	92.963356	41.592232	26.132380	0	0	0	0	0
rhh	5	65.000000	71	3	9	8.000000	55.000000	0.285385	3.258446	1787.344751	-420.000000	0.000000	49.000000	1834.500387	1340.856626	0.000000	0.000000	0	343.357908	115.427081	145.659129	-71.098321	-455.325827	124.938748	-71.750927	-391.271695	44.684082	0.000000	-420.000000	0	67.325269	1.316523	26.986151	135.298939	-71.424624	-423.298761	90.614857	71.424624	3.298761	71.750927	28.728305	11.674173	0	0	0	0	0
rhh	5	65.000000	71	3	9	8.000000	55.000000	0.285385	3.258446	1834.599192	-420.000000	0.000000	50.000000	1881.337794	1340.856626	0.000000	0.000000	0	367.970080	91.910095	128.474603	-52.696065	-467.305689	107.946995	-54.050396	-400.449366	44.684082	0.000000	-420.000000	0	69.949874	2.624604	23.516986	118.210799	-53.373230	-433.877527	73.526717	53.373230	13.877527	54.050396	19.550634	0.305689	0	0	0	0	0
rhh	5	65.000000	71	3	9	8.000000	55.000000	0.285385	3.258446	1881.433605	-420.000000	0.000000	51.000000	1928.442958	1340.856626	0.000000	0.000000	0	388.709879	72.633452	112.349668	-38.064484	-476.309144	92.520329	-38.574669	-407.144740	44.684082	0.000000	-420.000000	0	71.952608	2.002734	19.276643	102.434999	-38.319577	-441.726942	57.750916	38.319577	21.726942	38.574669	12.855260	9.309144	0	0	0	0	0
rhh	5	65.000000	71	3	9	8.000000	55.000000	0.285385	3.258446	1928.539196	-420.000000	0.000000	52.000000	1975.570791	1340.856626	0.000000	0.000000	0	405.349547	58.100837	97.298122	-27.441169	-483.527237	78.766071	-26.523329	-411.920579	44.684082	0.000000	-420.000000	0	73.971568	2.018960	14.532615	88.032097	-26.982249	-447.723908	43.348015	26.982249	27.723908	26.523329	8.079421	16.527237	0	1	0	0	0
rhh	5	65.000000	71	3	9	8.000000	55.000000	0.285385	3.258446	1975.671735	-420.000000	0.000000	53.000000	2022.575012	1340.856626	0.000000	0.000000	0	418.197254	47.499080	83.588559	-19.510448	-487.767390	66.422219	-17.838258	-415.099119	44.684082	0.000000	-420.000000	0	74.687061	0.715493	10.601756	75.005389	-18.674353	-451.433255	30.321307	18.674353	31.433255	17.838258	4.900881	20.767390	0	1	0	0	0
rhh	5	65.000000	71	3	9	8.000000	55.000000	0.285385	3.258446	2022.675527	-420.000000	0.000000	54.000000	2069.076653	1340.856626	2057.712797	0.000000	0	427.174251	40.496218	71.097326	-14.717400	-488.174245	56.528261	-12.078077	-417.993321	44.684082	0.000000	-420.000000	0	71.725767	2.961293	7.002862	63.812793	-13.397738	-453.083783	19.128711	13.397738	33.083783	12.078077	2.006679	21.174245	0	1	0	1	0
rhh	5	65.000000	71	3	9	8.000000	55.000000	0.285385	3.258446	2069.174174	-420.000000	0.000000	55.000000	2116.351624	1340.856626	2057.712797	0.000000	0	433.339621	35.760161	58.685666	-12.471054	-484.964584	49.080697	-8.017031	-421.042243	44.684082	0.000000	-420.000000	0	64.793205	6.932562	4.736058	53.883182	-10.244042	-453.003413	9.199100	10.244042	33.003413	8.017031	1.042243	17.964584	0	1	0	1	0
rhh	5	65.000000	71	3	9	8.000000	55.000000	0.285385	3.258446	2116.450001	-420.000000	0.000000	56.000000	2163.115890	1340.856626	2057.712797	0.000000	0	436.168014	31.228052	51.484723	-11.650877	-477.558063	45.929988	-3.305273	-422.544612	44.684082	0.000000	-420.000000	0	55.919442	8.873764	4.532109	48.707355	-7.478075	-450.051337	4.023273	7.478075	30.051337	3.305273	2.544612	10.558063	0	1	0	1	0
rhh	5	65.000000	71	3	9	8.000000	55.000000	0.285385	3.258446	2163.212984	-420.000000	0.000000	57.000000	2209.921217	1340.856626	2057.712797	0.000000	0	438.443534	29.623598	50.757612	-8.377742	-476.240508	44.932680	-0.651530	-421.972319	44.684082	0.000000	-420.000000	0	55.124046	0.795395	1.604454	47.845146	-4.514636	-449.106413	3.161064	4.514636	29.106413	0.651530	1.972319	9.240508	0	1	0	1	0
rhh	5	65.000000	71	3	9	8.000000	55.000000	0.285385	3.258446	2210.017028	-420.000000	0.000000	58.000000	2256.947251	1340.856626	2057.712797	0.000000	0	438.184941	29.260075	50.921269	-8.436456	-475.806523	45.112517	-0.627279	-421.621920	44.684082	0.000000	-420.000000	0	55.051759	0.072287	0.363523	48.016893	-4.531867	-448.714222	3.332811	4.531867	28.714222	0.627279	1.621920	8.806523	0	1	0	1	0
rhh	5	65.000000	71	3	9	8.000000	55.000000	0.285385	3.258446	2257.084552	-420.000000	0.000000	59.000000	2304.006221	1340.856626	2057.712797	0.000000	0	437.024069	29.524074	51.582648	-9.356125	-475.370385	45.487614	-2.092632	-422.042919	44.684082	0.000000	-420.000000	0	54.163885	0.887874	0.264000	48.535131	-5.724378	-448.706652	3.851049	5.724378	28.706652	2.092632	2.042919	8.370385	0	1	0	1	0
rhh	5	65.000000	71	3	9	8.000000	55.000000	0.285385	3.258446	2304.110586	-420.000000	0.000000	60.000000	2351.157152	1340.856626	2057.712797	0.000000	0	436.127146	30.273761	51.533008	-10.169243	-474.991382	46.143522	-3.751016	-423.345568	44.684082	0.000000	-420.000000	0	52.321413	1.842472	0.749686	48.838265	-6.960130	-449.168475	4.154183	6.960130	29.168475	3.751016	3.345568	7.991382	1	1	0	1	0
rhh	5	65.000000	71	3	9	8.000000	55.000000	0.285385	3.258446	2351.259806	-420.000000	0.000000	61.000000	2398.115605	1340.856626	2057.712797	0.000000	0	435.343615	30.556556	51.883308	-10.846157	-474.706191	46.437274	-4.759023	-423.698818	44.684082	0.000000	-420.000000	0	51.657183	0.664230	0.282795	49.160291	-7.802590	-449.202504	4.476209	7.802590	29.202504	4.759023	3.698818	7.706191	1	1	0	1	0
rhh	5	65.000000	71	3	9	8.000000	55.000000	0.285385	3.258446	2398.216121	-420.000000	0.000000	62.000000	2445.306315	1340.856626	2057.712797	0.000000	0	435.030673	30.496644	51.933714	-10.888198	-474.584754	46.564695	-5.243483	-423.523667	44.684082	0.000000	-420.000000	0	51.651948	0.005235	0.059912	49.249204	-8.065840	-449.054211	4.565122	8.065840	29.054211	5.243483	3.523667	7.584754	1	1	0	1	0
rhh	5	65.000000	71	3	9	8.000000	55.000000	0.285385	3.258446	2445.403409	-420.000000	0.000000	63.000000	2492.330638	1340.856626	2057.712797	0.000000	0	434.796769	30.743419	52.136956	-11.044077	-474.546938	47.068440	-5.495012	-423.850996	44.684082	0.000000	-420.000000	0	51.249981	0.401967	0.246775	49.602698	-8.269544	-449.198967	4.918616	8.269544	29.198967	5.495012	3.850996	7.546938	1	1	0	1	0
rhh	5	65.000000	71	3	9	8.000000	55.000000	0.285385	3.258446	2492.457673	-420.000000	0.000000	64.000000	2539.318177	1340.856626	2057.712797	0.000000	0	435.026381	30.561195	51.982826	-10.974352	-474.504493	46.512052	-5.235264	-423.718338	44.684082	0.000000	-420.000000	0	51.401361	0.151380	0.182224	49.247439	-8.104808	-449.111416	4.563357	8.104808	29.111416	5.235264	3.718338	7.504493	1	1	0	1	0
rhh	5	65.000000	71	3	9	8.000000	55.000000	0.285385	3.258446	2539.428959	-420.000000	0.000000	65.000000	2586.510170	1340.856626	2057.712797	0.000000	0	435.203530	31.125802	51.890111	-10.983317	-474.459719	47.161692	-5.152528	-424.879339	44.684082	0.000000	-420.000000	0	50.145490	1.255871	0.564607	49.525902	-8.067923	-449.669529	4.841820	8.067923	29.669529	5.152528	4.879339	7.459719	1	1	0	1	0
rhh	5	65.000000	71	3	9	8.000000	55.000000	0.285385	3.258446	2586.614108	-420.000000	0.000000	66.000000	2633.404464	1340.856626	2057.712797	0.000000	0	435.272352	31.133566	51.811149	-10.989312	-474.513418	47.081893	-5.085058	-424.884285	44.684082	0.000000	-420.000000	0	50.202359	0.056869	0.007765	49.446521	-8.037185	-449.698852	4.762439	8.037185	29.698852	5.085058	4.884285	7.513418	1	1	0	1	0
rhh	5	65.000000	71	3	9	8.000000	55.000000	0.285385	3.258446	2633.502414	-420.000000	0.000000	67.000000	2680.672165	1340.856626	2057.712797	0.000000	0	435.263751	30.985516	51.719656	-10.902043	-474.457372	46.976963	-5.134871	-424.671352	44.684082	0.000000	-420.000000	0	50.342836	0.140477	0.148051	49.348309	-8.018457	-449.564362	4.664227	8.018457	29.564362	5.134871	4.671352	7.457372	1	1	0	1	0
rhh	5	65.000000	71	3	9	8.000000	55.000000	0.285385	3.258446	2680.768831	-420.000000	0.000000	68.000000	2727.631046	1340.856626	2057.712797	0.000000	0	435.073281	30.958097	52.009424	-11.108317	-474.374554	47.016230	-5.147651	-424.583833	44.684082	0.000000	-420.000000	0	50.394219	0.051383	0.027419	49.512827	-8.127984	-449.479193	4.828745	8.127984	29.479193	5.147651	4.583833	7.374554	1	1	0	1	0
rhh	5	65.000000	71	3	9	8.000000	55.000000	0.285385	3.258446	2727.732417	-420.000000	0.000000	69.000000	2774.830738	1340.856626	2057.712797	0.000000	0	435.023331	30.933889	51.939223	-11.450455	-474.418740	46.766864	-5.047496	-424.473047	44.684082	0.000000	-420.000000	0	50.619398	0.225178	0.024208	49.353044	-8.248976	-449.445894	4.668962	8.248976	29.445894	5.047496	4.473047	7.418740	1	1	0	1	0
rhh	5	65.000000	71	3	9	8.000000	55.000000	0.285385	3.258446	2774.973599	-420.000000	0.000000	70.000000	2821.815283	1340.856626	2057.712797	0.000000	0	435.052379	30.853096	51.836966	-11.391767	-474.383948	46.708683	-5.039358	-424.382080	44.684082	0.000000	-420.000000	0	50.663984	0.044586	0.080793	49.272825	-8.215563	-449.383014	4.588743	8.215563	29.383014	5.039358	4.382080	7.383948	1	1	0	1	0
rhh	5	65.000000	71	3	9	8.000000	55.000000	0.285385	3.258446	2821.920076	-420.000000	0.000000	71.000000	2868.662099	1340.856626	2057.712797	0.000000	0	435.090414	30.971416	51.907516	-11.499667	-474.482145	46.823405	-4.880212	-424.517455	44.684082	0.000000	-420.000000	0	50.657039	0.006945	0.118320	49.365461	-8.189940	-449.499800	4.681379	8.189940	29.499800	4.880212	4.517455	7.482145	1	1	0	1	0
rhh	5	65.000000	71	3	9	8.000000	55.000000	0.285385	3.258446	2868.758338	-420.000000	0.000000	72.000000	2915.681718	1340.856626	2057.712797	0.000000	0	435.010575	30.979402	51.960507	-11.467161	-474.448934	46.971902	-4.992881	-424.512797	44.684082	0.000000	-420.000000	0	50.600595	0.056444	0.007986	49.466204	-8.230021	-449.480865	4.782122	8.230021	29.480865	4.992881	4.512797	7.448934	1	1	0	1	0
rhh	5	65.000000	71	3	9	8.000000	55.000000	0.285385	3.258446	2915.781378	-420.000000	0.000000	73.000000	2962.809551	1340.856626	2057.712797	0.000000	0	435.145309	30.885406	51.820810	-11.420237	-474.505314	46.762395	-4.825213	-424.374238	44.684082	0.000000	-420.000000	0	50.815418	0.214822	0.093996	49.291602	-8.122725	-449.439776	4.607520	8.122725	29.439776	4.825213	4.374238	7.505314	1	1	0	1	0
rhh	5	65.000000	71	3	9	8.000000	55.000000	0.285385	3.258446	2962.906646	-420.000000	0.000000	74.000000	3009.984007	1340.856626	2057.712797	0.000000	0	434.995086	30.770619	52.233240	-11.618771	-474.370871	46.629429	-4.692562	-424.204881	44.684082	0.000000	-420.000000	0	50.950973	0.135555	0.114787	49.431335	-8.155667	-449.287876	4.747253	8.155667	29.287876	4.692562	4.204881	7.370871	1	1	0	1	0
rhh	5	65.000000	71	3	9	8.000000	55.000000	0.285385	3.258446	3010.079390	-420.000000	0.000000	75.000000	3057.084039	1340.856626	2057.712797	0.000000	0	434.932039	30.811443	52.060717	-11.682463	-474.457283	46.719595	-4.848175	-424.156108	44.684082	0.000000	-420.000000	0	51.043544	0.092571	0.040824	49.390156	-8.265319	-449.306695	4.706074	8.265319	29.306695	4.848175	4.156108	7.457283	1	1	0	1	0
rhh	5	65.000000	71	3	9	8.000000	55.000000	0.285385	3.258446	3057.180705	-420.000000	0.000000	76.000000	3104.362860	1340.856626	2057.712797	0.000000	0	434.841344	30.723650	51.998536	-11.690438	-474.406886	46.666583	-5.001542	-423.994442	44.684082	0.000000	-420.000000	0	51.133018	0.089474	0.087793	49.332559	-8.345990	-449.200664	4.648477	8.345990	29.200664	5.001542	3.994442	7.406886	1	1	0	1	0
rhh	5	65.000000	71	3	9	8.000000	55.000000	0.285385	3.258446	3104.459954	-420.000000	0.000000	77.000000	3150.923955	1340.856626	2057.712797	0.000000	0	434.904439	30.798305	51.865418	-11.697464	-474.556676	46.664230	-5.003366	-424.020554	44.684082	0.000000	-420.000000	0	51.242198	0.109180	0.074655	49.264824	-8.350415	-449.288615	4.580742	8.350415	29.288615	5.003366	4.020554	7.556676	1	1	0	1	0
rhh	5	65.000000	71	3	9	8.000000	55.000000	0.285385	3.258446	3151.021049	-420.000000	0.000000	78.000000	3198.200210	1340.856626	2057.712797	0.000000	0	434.743129	30.840069	52.094664	-11.872230	-474.495579	46.735717	-5.069339	-424.052599	44.684082	0.000000	-420.000000	0	51.180972	0.061227	0.041764	49.415191	-8.470785	-449.274089	4.731109	8.470785	29.274089	5.069339	4.052599	7.495579	1	1	0	1	0
rhh	5	65.000000	71	3	9	8.000000	55.000000	0.285385	3.258446	3198.296876	-420.000000	0.000000	79.000000	3245.292970	1340.856626	2057.712797	0.000000	0	434.713169	30.875510	51.969301	-11.866945	-474.532675	46.765027	-5.223238	-424.062454	44.684082	0.000000	-420.000000	0	51.170954	0.010018	0.035441	49.367164	-8.545091	-449.297565	4.683082	8.545091	29.297565	5.223238	4.062454	7.532675	1	1	0	1	0
rhh	5	65.000000	71	3	9	8.000000	55.000000	0.285385	3.258446	3245.393913	-420.000000	0.000000	80.000000	3292.343384	1340.856626	2057.712797	0.000000	0	434.708833	30.774133	51.990438	-11.851853	-474.465254	46.630516	-5.198752	-423.945804	44.684082	0.000000	-420.000000	0	51.236777	0.065823	0.101378	49.310477	-8.525302	-449.205529	4.626395	8.525302	29.205529	5.198752	3.945804	7.465254	1	1	0	1	0
rhh	5	65.000000	71	3	9	8.000000	55.000000	0.285385	3.258446	3292.442189	-420.000000	0.000000	81.000000	3327.970490	1340.856626	2057.712797	3327.965785	0	434.701776	30.854081	  51.841044  -11.928796 -474.615693	  46.642874   -5.287341 -423.936888	44.684082	0.000000	-420.000000	0	51.375784	0.139007	0.079948	0
