subjName	sessionNR	IOD	trialN	textureType	texnum	visualAngle	simulatedDepth	light_intensity	ambient_intensity	time	displayDistance	isRotated	frameN	timTote	startTime	touchTime	endTime	fingersOccluded	distanceToHome	distanceToObject	indexXraw	indexYraw	indexZraw	thumbXraw	thumbYraw	thumbZraw	targetX	targetY	targetZ	failCause	gripAperture	gripApertureVel	distFromObjVel	gripOriginX	gripOriginY	gripOriginZ	distFromObjX	distFromObjY	distFromObjZ	y_dist_thm	z_dist_thm	z_dist_ind	handOnObj	handnearObj	handfarObj	handTouchObj	framesOccluded
rhh	2	65.000000	9	2	27	8.000000	55.000000	0.542676	2.461267	877.577880	-420.000000	0.000000	30.000000	924.605600	0.000000	0.000000	0.000000	0	2.205950	431.503033	222.314047	-353.933261	-257.906353	225.494515	-357.990417	-248.885889	45.777405	0.000000	-420.000000	0	10.389642	0.092343	0.016723	223.904281	-355.961839	-253.396121	178.126876	355.961839	166.603879	357.990417	171.114111	209.093647	0	0	1	0	0
rhh	2	65.000000	9	2	27	8.000000	55.000000	0.542676	2.461267	924.801501	-420.000000	0.000000	31.000000	971.299262	0.000000	0.000000	0.000000	0	2.221973	431.482792	222.250745	-353.954843	-257.965062	225.432112	-358.020228	-248.907469	45.777405	0.000000	-420.000000	0	10.425374	0.035732	0.020241	223.841428	-355.987535	-253.436265	178.064023	355.987535	166.563735	358.020228	171.092531	209.034938	0	0	1	0	0
rhh	2	65.000000	9	2	27	8.000000	55.000000	0.542676	2.461267	971.404912	-420.000000	0.000000	32.000000	1018.516467	0.000000	0.000000	0.000000	0	2.197078	431.441035	222.164177	-353.942567	-257.960384	225.381502	-357.994056	-248.899688	45.777405	0.000000	-420.000000	0	10.433693	0.008319	0.041757	223.772840	-355.968312	-253.430036	177.995435	355.968312	166.569964	357.994056	171.100312	209.039616	0	0	1	0	0
rhh	2	65.000000	9	2	27	8.000000	55.000000	0.542676	2.461267	1018.617411	-420.000000	0.000000	33.000000	1066.025384	0.000000	0.000000	0.000000	0	2.206301	431.437220	222.168986	-353.944659	-257.977051	225.335146	-358.018865	-248.915878	45.777405	0.000000	-420.000000	0	10.427299	0.006394	0.003815	223.752066	-355.981762	-253.446464	177.974661	355.981762	166.553536	358.018865	171.084122	209.022949	0	0	1	0	0
rhh	2	65.000000	9	2	27	8.000000	55.000000	0.542676	2.461267	1066.130178	-420.000000	0.000000	34.000000	1112.867041	0.000000	0.000000	0.000000	0	2.194352	431.449140	222.096665	-353.933206	-257.983189	225.422879	-358.038049	-248.880982	45.777405	0.000000	-420.000000	0	10.524429	0.097130	0.011919	223.759772	-355.985627	-253.432085	177.982367	355.985627	166.567915	358.038049	171.119018	209.016811	0	0	1	0	0
rhh	2	65.000000	9	2	27	8.000000	55.000000	0.542676	2.461267	1112.967130	-420.000000	0.000000	35.000000	1159.972180	0.000000	0.000000	0.000000	0	2.191031	431.499728	222.277134	-353.924627	-257.938178	225.472848	-358.015752	-248.844240	45.777405	0.000000	-420.000000	0	10.471371	0.053058	0.050589	223.874991	-355.970190	-253.391209	178.097586	355.970190	166.608791	358.015752	171.155760	209.061822	0	0	1	0	0
rhh	2	65.000000	9	2	27	8.000000	55.000000	0.542676	2.461267	1160.072697	-420.000000	0.000000	36.000000	1207.450729	0.000000	0.000000	0.000000	0	2.054236	431.466896	222.198498	-353.851090	-257.817369	225.445239	-357.937516	-248.697421	45.777405	0.000000	-420.000000	0	10.507790	0.036419	0.032832	223.821868	-355.894303	-253.257395	178.044464	355.894303	166.742605	357.937516	171.302579	209.182631	0	0	1	0	0
rhh	2	65.000000	9	2	27	8.000000	55.000000	0.542676	2.461267	1207.551245	-420.000000	0.000000	37.000000	1254.685043	0.000000	0.000000	0.000000	0	2.789296	430.296974	221.496689	-353.538960	-258.340284	225.094290	-356.537599	-249.451137	45.777405	0.000000	-420.000000	0	10.047462	0.460327	1.169922	223.295490	-355.038280	-253.895710	177.518085	355.038280	166.104290	356.537599	170.548863	208.659716	0	0	1	0	0
rhh	2	65.000000	9	2	27	8.000000	55.000000	0.542676	2.461267	1254.784704	-420.000000	0.000000	38.000000	1302.000198	1290.486967	0.000000	0.000000	0	14.404132	419.588287	221.948868	-347.933277	-271.385868	221.965589	-344.987822	-252.512323	45.777405	0.000000	-420.000000	0	19.102008	9.054545	10.708686	221.957228	-346.460550	-261.949095	176.179823	346.460550	158.050905	344.987822	167.487677	195.614132	0	0	1	0	0
rhh	2	65.000000	9	2	27	8.000000	55.000000	0.542676	2.461267	1302.154608	-420.000000	0.000000	39.000000	1360.987699	1290.486967	0.000000	0.000000	0	46.365580	388.338557	218.759048	-322.303935	-292.820399	213.281408	-315.296945	-262.993076	45.777405	0.000000	-420.000000	0	31.125096	12.023089	31.249730	216.020228	-318.800440	-277.906737	170.242823	318.800440	142.093263	315.296945	157.006924	174.179601	0	0	1	0	0
rhh	2	65.000000	9	2	27	8.000000	55.000000	0.542676	2.461267	1361.098481	-420.000000	0.000000	40.000000	1408.299432	1290.486967	0.000000	0.000000	0	82.757203	352.278322	211.956864	-290.349284	-312.965886	201.326878	-282.522106	-272.654618	45.777405	0.000000	-420.000000	0	42.417681	11.292585	36.060235	206.641871	-286.435695	-292.810252	160.864467	286.435695	127.189748	282.522106	147.345382	154.034114	0	0	1	0	0
rhh	2	65.000000	9	2	27	8.000000	55.000000	0.542676	2.461267	1408.400377	-420.000000	0.000000	41.000000	1455.086767	1290.486967	0.000000	0.000000	0	123.141921	312.288656	200.456937	-255.855821	-334.024426	187.348684	-248.603353	-287.221793	45.777405	0.000000	-420.000000	0	49.141744	6.724064	39.989666	193.902810	-252.229587	-310.623109	148.125406	252.229587	109.376891	248.603353	132.778207	132.975574	0	0	1	0	0
rhh	2	65.000000	9	2	27	8.000000	55.000000	0.542676	2.461267	1455.192417	-420.000000	0.000000	42.000000	1501.767170	1290.486967	0.000000	0.000000	0	165.321966	270.116219	185.144723	-219.036542	-352.675239	171.321526	-214.220128	-303.037830	45.777405	0.000000	-420.000000	0	51.750855	2.609110	42.172437	178.233125	-216.628335	-327.856534	132.455720	216.628335	92.143466	214.220128	116.962170	114.324761	0	0	1	0	0
rhh	2	65.000000	9	2	27	8.000000	55.000000	0.542676	2.461267	1501.868542	-420.000000	0.000000	43.000000	1549.153756	1290.486967	0.000000	0.000000	0	207.869999	227.979788	169.521300	-182.846170	-372.674729	155.187603	-180.429322	-320.460634	45.777405	0.000000	-420.000000	0	54.199702	2.448847	42.136430	162.354451	-181.637746	-346.567682	116.577046	181.637746	73.432318	180.429322	99.539366	94.325271	0	0	0	0	0
rhh	2	65.000000	9	2	27	8.000000	55.000000	0.542676	2.461267	1549.258550	-420.000000	0.000000	44.000000	1595.785825	1290.486967	0.000000	0.000000	0	248.960116	188.017140	155.051124	-148.178837	-391.675250	141.182747	-147.907413	-339.507501	45.777405	0.000000	-420.000000	0	53.980362	0.219340	39.962649	148.116935	-148.043125	-365.591376	102.339531	148.043125	54.408624	147.907413	80.492499	75.324750	0	0	0	0	0
rhh	2	65.000000	9	2	27	8.000000	55.000000	0.542676	2.461267	1595.891047	-420.000000	0.000000	45.000000	1643.423489	1290.486967	0.000000	0.000000	0	287.255068	151.300427	141.486825	-116.667425	-410.306269	127.357223	-117.559007	-357.072923	45.777405	0.000000	-420.000000	0	55.083843	1.103481	36.716713	134.422024	-117.113216	-383.689596	88.644619	117.113216	36.310404	117.559007	62.927077	56.693731	0	0	0	0	0
rhh	2	65.000000	9	2	27	8.000000	55.000000	0.542676	2.461267	1643.529139	-420.000000	0.000000	46.000000	1690.169762	1290.486967	0.000000	0.000000	0	321.822642	118.437379	127.731458	-88.847784	-427.794189	112.976731	-90.718848	-371.972183	45.777405	0.000000	-420.000000	0	57.769362	2.685520	32.863049	120.354094	-89.783316	-399.883186	74.576689	89.783316	20.116814	90.718848	48.027817	39.205811	0	0	0	0	0
rhh	2	65.000000	9	2	27	8.000000	55.000000	0.542676	2.461267	1690.275839	-420.000000	0.000000	47.000000	1737.332645	1290.486967	0.000000	0.000000	0	351.906787	90.266253	114.323153	-65.506610	-443.512832	98.642034	-67.498893	-383.796917	45.777405	0.000000	-420.000000	0	61.772626	4.003263	28.171126	106.482593	-66.502751	-413.654875	60.705188	66.502751	6.345125	67.498893	36.203083	23.487168	0	0	0	0	0
rhh	2	65.000000	9	2	27	8.000000	55.000000	0.542676	2.461267	1737.437439	-420.000000	0.000000	48.000000	1784.347961	1290.486967	0.000000	0.000000	0	376.886664	67.783986	101.651374	-46.590084	-456.406690	86.268352	-48.291945	-393.073739	45.777405	0.000000	-420.000000	0	65.196599	3.423973	22.482267	93.959863	-47.441014	-424.740215	48.182458	47.441014	4.740215	48.291945	26.926261	10.593310	0	0	0	0	0
rhh	2	65.000000	9	2	27	8.000000	55.000000	0.542676	2.461267	1784.508360	-420.000000	0.000000	49.000000	1831.229824	1290.486967	0.000000	0.000000	0	397.201426	50.957465	90.612601	-31.669039	-466.041700	75.558754	-32.420804	-400.632564	45.777405	0.000000	-420.000000	0	67.123308	1.926709	16.826520	83.085677	-32.044922	-433.337132	37.308272	32.044922	13.337132	32.420804	19.367436	0.958300	0	0	0	0	0
rhh	2	65.000000	9	2	27	8.000000	55.000000	0.542676	2.461267	1831.455666	-420.000000	0.000000	50.000000	1878.267382	1290.486967	0.000000	0.000000	0	413.156722	37.829107	78.101129	-20.477484	-472.363089	65.007574	-20.517398	-404.862990	45.777405	0.000000	-420.000000	0	68.758317	1.635009	13.128359	71.554351	-20.497441	-438.613040	25.776947	20.497441	18.613040	20.517398	15.137010	5.363089	0	1	0	0	0
rhh	2	65.000000	9	2	27	8.000000	55.000000	0.542676	2.461267	1878.376454	-420.000000	0.000000	51.000000	1925.255323	1290.486967	1913.365262	0.000000	0	425.203181	29.360551	67.414447	-12.648630	-475.803714	55.645440	-11.293060	-407.582843	45.777405	0.000000	-420.000000	0	69.241854	0.483536	8.468556	61.529944	-11.970845	-441.693279	15.752539	11.970845	21.693279	11.293060	12.417157	8.803714	0	1	0	1	0
rhh	2	65.000000	9	2	27	8.000000	55.000000	0.542676	2.461267	1925.355840	-420.000000	0.000000	52.000000	1971.756507	1290.486967	1913.365262	0.000000	0	434.602710	24.521463	57.152105	-5.951110	-476.595733	47.312281	-5.069966	-409.416085	45.777405	0.000000	-420.000000	0	67.902162	1.339692	4.839087	52.232193	-5.510538	-443.005909	6.454788	5.510538	23.005909	5.069966	10.583915	9.595733	0	1	0	1	0
rhh	2	65.000000	9	2	27	8.000000	55.000000	0.542676	2.461267	1971.857879	-420.000000	0.000000	53.000000	2019.301781	1290.486967	1913.365262	0.000000	0	440.719178	23.268238	50.287305	-1.842989	-475.117795	41.399044	-0.559517	-411.356437	45.777405	0.000000	-420.000000	0	64.390676	3.511485	1.253226	45.843174	-1.201253	-443.237116	0.065770	1.201253	23.237116	0.559517	8.643563	8.117795	0	1	0	1	0
rhh	2	65.000000	9	2	27	8.000000	55.000000	0.542676	2.461267	2019.401442	-420.000000	0.000000	54.000000	2065.959086	1290.486967	1913.365262	0.000000	0	445.692696	25.692261	48.143008	2.144013	-475.931778	39.034787	3.146726	-414.991880	45.777405	0.000000	-420.000000	0	61.624964	2.765712	2.424023	43.588897	2.645370	-445.461829	2.188508	2.645370	25.461829	3.146726	5.008120	8.931778	0	1	0	1	0
rhh	2	65.000000	9	2	27	8.000000	55.000000	0.542676	2.461267	2066.059603	-420.000000	0.000000	55.000000	2112.984239	1290.486967	1913.365262	0.000000	0	447.780624	28.085147	48.667601	3.947083	-475.248364	39.841777	4.760220	-420.159308	45.777405	0.000000	-420.000000	0	55.797495	5.827469	2.392886	44.254689	4.353651	-447.703836	1.522716	4.353651	27.703836	4.760220	0.159308	8.248364	0	1	0	1	0
rhh	2	65.000000	9	2	27	8.000000	55.000000	0.542676	2.461267	2113.089461	-420.000000	0.000000	56.000000	2159.833168	1290.486967	1913.365262	0.000000	0	448.636609	29.512253	48.666445	4.059564	-474.724122	40.481836	5.575286	-423.458957	45.777405	0.000000	-420.000000	0	51.936522	3.860973	1.427106	44.574140	4.817425	-449.091539	1.203264	4.817425	29.091539	5.575286	3.458957	7.724122	1	1	0	1	0
rhh	2	65.000000	9	2	27	8.000000	55.000000	0.542676	2.461267	2159.938390	-420.000000	0.000000	57.000000	2206.790740	1290.486967	1913.365262	0.000000	0	449.112744	29.678895	48.318846	4.290627	-474.352612	39.890361	5.960506	-424.017487	45.777405	0.000000	-420.000000	0	51.063222	0.873301	0.166642	44.104604	5.125566	-449.185049	1.672801	5.125566	29.185049	5.960506	4.017487	7.352612	1	1	0	1	0
rhh	2	65.000000	9	2	27	8.000000	55.000000	0.542676	2.461267	2206.895106	-420.000000	0.000000	58.000000	2253.983136	1290.486967	1913.365262	0.000000	0	448.974577	29.750546	47.989763	4.139155	-474.370747	40.238623	5.654500	-424.224467	45.777405	0.000000	-420.000000	0	50.764415	0.298807	0.071651	44.114193	4.896827	-449.297607	1.663212	4.896827	29.297607	5.654500	4.224467	7.370747	1	1	0	1	0
rhh	2	65.000000	9	2	27	8.000000	55.000000	0.542676	2.461267	2254.083653	-420.000000	0.000000	59.000000	2300.945841	1290.486967	1913.365262	0.000000	0	448.172077	29.587218	48.090582	3.775065	-474.127635	41.022805	4.489360	-424.415962	45.777405	0.000000	-420.000000	0	50.216671	0.547744	0.163327	44.556693	4.132212	-449.271798	1.220711	4.132212	29.271798	4.489360	4.415962	7.127635	1	1	0	1	0
rhh	2	65.000000	9	2	27	8.000000	55.000000	0.542676	2.461267	2301.050635	-420.000000	0.000000	60.000000	2348.024033	1290.486967	1913.365262	0.000000	0	447.646210	29.478481	48.643608	3.030468	-474.071036	41.105390	4.278588	-424.403232	45.777405	0.000000	-420.000000	0	50.252098	0.035427	0.108738	44.874499	3.654528	-449.237134	0.902905	3.654528	29.237134	4.278588	4.403232	7.071036	1	1	0	1	0
rhh	2	65.000000	9	2	27	8.000000	55.000000	0.542676	2.461267	2348.130538	-420.000000	0.000000	61.000000	2395.135161	1290.486967	1913.365262	0.000000	0	447.765858	29.634623	48.421491	3.143851	-474.136808	41.327494	4.298943	-424.635526	45.777405	0.000000	-420.000000	0	50.020355	0.231743	0.156142	44.874492	3.721397	-449.386167	0.902913	3.721397	29.386167	4.298943	4.635526	7.136808	1	1	0	1	0
rhh	2	65.000000	9	2	27	8.000000	55.000000	0.542676	2.461267	2395.239955	-420.000000	0.000000	62.000000	2442.171435	1290.486967	1913.365262	0.000000	0	448.082359	29.786340	48.294968	3.411048	-474.138299	41.366246	4.653991	-424.855544	45.777405	0.000000	-420.000000	0	49.782949	0.237406	0.151717	44.830607	4.032520	-449.496922	0.946798	4.032520	29.496922	4.653991	4.855544	7.138299	1	1	0	1	0
rhh	2	65.000000	9	2	27	8.000000	55.000000	0.542676	2.461267	2442.271097	-420.000000	0.000000	63.000000	2489.207282	1290.486967	1913.365262	0.000000	0	448.539127	29.922669	47.892478	3.640187	-474.255877	40.817494	5.004595	-424.893419	45.777405	0.000000	-420.000000	0	49.885562	0.102613	0.136330	44.354986	4.322391	-449.574648	1.422419	4.322391	29.574648	5.004595	4.893419	7.255877	1	1	0	1	0
rhh	2	65.000000	9	2	27	8.000000	55.000000	0.542676	2.461267	2489.307799	-420.000000	0.000000	64.000000	2536.288469	1290.486967	1913.365262	0.000000	0	448.776187	29.954325	47.783293	3.810637	-474.210967	40.626590	5.285589	-424.919519	45.777405	0.000000	-420.000000	0	49.830119	0.055444	0.031655	44.204941	4.548113	-449.565243	1.572463	4.548113	29.565243	5.285589	4.919519	7.210967	1	1	0	1	0
rhh	2	65.000000	9	2	27	8.000000	55.000000	0.542676	2.461267	2536.388985	-420.000000	0.000000	65.000000	2583.468033	1290.486967	1913.365262	0.000000	0	448.725622	29.941565	47.924998	3.708466	-474.184350	40.552430	5.300333	-424.937224	45.777405	0.000000	-420.000000	0	49.821362	0.008756	0.012760	44.238714	4.504400	-449.560787	1.538691	4.504400	29.560787	5.300333	4.937224	7.184350	1	1	0	1	0
rhh	2	65.000000	9	2	27	8.000000	55.000000	0.542676	2.461267	2583.568550	-420.000000	0.000000	66.000000	2630.241253	1290.486967	1913.365262	0.000000	0	448.585713	29.843484	47.979534	3.597302	-474.085521	40.636135	5.221447	-424.873154	45.777405	0.000000	-420.000000	0	49.783737	0.037625	0.098081	44.307834	4.409374	-449.479338	1.469571	4.409374	29.479338	5.221447	4.873154	7.085521	1	1	0	1	0
rhh	2	65.000000	9	2	27	8.000000	55.000000	0.542676	2.461267	2630.346475	-420.000000	0.000000	67.000000	2677.520906	1290.486967	1913.365262	0.000000	0	448.529019	29.870116	47.827461	3.510911	-474.150239	40.682892	5.068364	-424.892310	45.777405	0.000000	-420.000000	0	49.797732	0.013995	0.026631	44.255177	4.289638	-449.521274	1.522228	4.289638	29.521274	5.068364	4.892310	7.150239	1	1	0	1	0
rhh	2	65.000000	9	2	27	8.000000	55.000000	0.542676	2.461267	2677.626556	-420.000000	0.000000	68.000000	2724.714158	1290.486967	1913.365262	0.000000	0	448.456093	29.874522	47.782269	3.524695	-474.136971	40.815565	4.896633	-424.941670	45.777405	0.000000	-420.000000	0	49.705079	0.092653	0.004407	44.298917	4.210664	-449.539321	1.478488	4.210664	29.539321	4.896633	4.941670	7.136971	1	1	0	1	0
rhh	2	65.000000	9	2	27	8.000000	55.000000	0.542676	2.461267	2724.815530	-420.000000	0.000000	69.000000	2771.507909	1290.486967	1913.365262	0.000000	0	448.448856	29.875387	47.994006	3.464468	-474.083903	40.714171	4.992464	-424.996822	45.777405	0.000000	-420.000000	0	49.647480	0.057599	0.000865	44.354089	4.228466	-449.540362	1.423316	4.228466	29.540362	4.992464	4.996822	7.083903	1	1	0	1	0
rhh	2	65.000000	9	2	27	8.000000	55.000000	0.542676	2.461267	2771.666598	-420.000000	0.000000	70.000000	2818.857711	1290.486967	1913.365262	0.000000	0	448.578956	29.946145	47.879641	3.516081	-474.159385	40.646821	5.114519	-425.030381	45.777405	0.000000	-420.000000	0	49.684281	0.036800	0.070758	44.263231	4.315300	-449.594883	1.514174	4.315300	29.594883	5.114519	5.030381	7.159385	1	1	0	1	0
rhh	2	65.000000	9	2	27	8.000000	55.000000	0.542676	2.461267	2818.963360	-420.000000	0.000000	71.000000	2865.898263	1290.486967	1913.365262	0.000000	0	448.519385	29.984316	47.823605	3.465545	-474.130416	40.776227	4.995165	-425.164789	45.777405	0.000000	-420.000000	0	49.493817	0.190464	0.038171	44.299916	4.230355	-449.647603	1.477489	4.230355	29.647603	4.995165	5.164789	7.130416	1	1	0	1	0
rhh	2	65.000000	9	2	27	8.000000	55.000000	0.542676	2.461267	2866.004767	-420.000000	0.000000	72.000000	2912.858829	1290.486967	1913.365262	0.000000	0	448.467840	29.896867	47.915312	3.370625	-474.072051	40.629073	5.028274	-425.052280	45.777405	0.000000	-420.000000	0	49.586036	0.092219	0.087449	44.272192	4.199450	-449.562165	1.505213	4.199450	29.562165	5.028274	5.052280	7.072051	1	1	0	1	0
rhh	2	65.000000	9	2	27	8.000000	55.000000	0.542676	2.461267	2912.964478	-420.000000	0.000000	73.000000	2959.851902	1290.486967	1913.365262	0.000000	0	448.412744	29.867635	47.866581	3.337805	-474.028321	40.685091	4.951356	-425.052755	45.777405	0.000000	-420.000000	0	49.525582	0.060453	0.029232	44.275836	4.144581	-449.540538	1.501569	4.144581	29.540538	4.951356	5.052755	7.028321	1	1	0	1	0
rhh	2	65.000000	9	2	27	8.000000	55.000000	0.542676	2.461267	2959.952419	-420.000000	0.000000	74.000000	3006.625978	1290.486967	1913.365262	0.000000	0	448.426864	29.851713	47.770542	3.401824	-473.963563	40.732055	4.919725	-425.078243	45.777405	0.000000	-420.000000	0	49.412739	0.112843	0.015923	44.251298	4.160775	-449.520903	1.526106	4.160775	29.520903	4.919725	5.078243	6.963563	1	1	0	1	0
rhh	2	65.000000	9	2	27	8.000000	55.000000	0.542676	2.461267	3006.726495	-420.000000	0.000000	75.000000	3053.977490	1290.486967	1913.365262	0.000000	0	448.323934	29.847976	48.042333	3.155416	-473.968002	40.673577	5.001474	-425.099862	45.777405	0.000000	-420.000000	0	49.455046	0.042307	0.003736	44.357955	4.078445	-449.533932	1.419450	4.078445	29.533932	5.001474	5.099862	6.968002	1	1	0	1	0
rhh	2	65.000000	9	2	27	8.000000	55.000000	0.542676	2.461267	3054.078862	-420.000000	0.000000	76.000000	3100.885873	1290.486967	1913.365262	0.000000	0	448.372259	29.905961	47.930350	3.215781	-473.988074	40.810210	5.014054	-425.188069	45.777405	0.000000	-420.000000	0	49.349474	0.105571	0.057985	44.370280	4.114918	-449.588071	1.407124	4.114918	29.588071	5.014054	5.188069	6.988074	1	1	0	1	0
rhh	2	65.000000	9	2	27	8.000000	55.000000	0.542676	2.461267	3100.985535	-420.000000	0.000000	77.000000	3136.549641	1290.486967	1913.365262	3136.545364	0	448.286031	29.806193	  48.056291    3.118073 -473.910884	  40.565087    4.938994 -425.081617	45.777405	0.000000	-420.000000	0	49.434110	0.084636	0.099769	0
