subjName	sessionNR	IOD	trialN	textureType	texnum	visualAngle	simulatedDepth	light_intensity	ambient_intensity	time	displayDistance	isRotated	frameN	timTote	startTime	touchTime	endTime	fingersOccluded	distanceToHome	distanceToObject	indexXraw	indexYraw	indexZraw	thumbXraw	thumbYraw	thumbZraw	targetX	targetY	targetZ	failCause	gripAperture	gripApertureVel	distFromObjVel	gripOriginX	gripOriginY	gripOriginZ	distFromObjX	distFromObjY	distFromObjZ	y_dist_thm	z_dist_thm	z_dist_ind	handOnObj	handnearObj	handfarObj	handTouchObj	framesOccluded
rhh	1	65.000000	104	2	44	8.000000	35.000000	0.519836	2.479786	884.916885	-420.000000	0.000000	30.000000	931.837673	0.000000	0.000000	0.000000	0	1.296195	436.102652	222.431081	-354.404610	-247.241654	227.140985	-358.262132	-240.059676	45.585129	0.000000	-420.000000	0	9.415119	0.036731	0.073952	224.786033	-356.333371	-243.650665	179.200905	356.333371	176.349335	358.262132	179.940324	199.758346	0	0	1	0	0
rhh	1	65.000000	104	2	44	8.000000	35.000000	0.519836	2.479786	932.028013	-420.000000	0.000000	31.000000	979.108772	0.000000	0.000000	0.000000	0	1.215562	436.003783	222.324402	-354.451301	-247.373899	227.064909	-358.191622	-240.182673	45.585129	0.000000	-420.000000	0	9.390215	0.024904	0.098869	224.694655	-356.321462	-243.778286	179.109526	356.321462	176.221714	358.191622	179.817327	199.626101	0	0	1	0	0
rhh	1	65.000000	104	2	44	8.000000	35.000000	0.519836	2.479786	979.216132	-420.000000	0.000000	32.000000	1026.208350	0.000000	0.000000	0.000000	0	1.238918	435.844239	222.148573	-354.385155	-247.414268	226.826577	-358.151324	-240.295755	45.585129	0.000000	-420.000000	0	9.313483	0.076732	0.159545	224.487575	-356.268239	-243.855012	178.902446	356.268239	176.144988	358.151324	179.704245	199.585732	0	0	1	0	0
rhh	1	65.000000	104	2	44	8.000000	35.000000	0.519836	2.479786	1026.308012	-420.000000	0.000000	33.000000	1072.840419	0.000000	0.000000	0.000000	0	1.288348	435.703109	222.055943	-354.342477	-247.433248	226.680658	-358.041520	-240.424525	45.585129	0.000000	-420.000000	0	9.175680	0.137803	0.141130	224.368301	-356.191998	-243.928886	178.783172	356.191998	176.071114	358.041520	179.575475	199.566752	0	0	1	0	0
rhh	1	65.000000	104	2	44	8.000000	35.000000	0.519836	2.479786	1072.939653	-420.000000	0.000000	34.000000	1120.258230	0.000000	0.000000	0.000000	0	1.322361	435.684019	222.008209	-354.320416	-247.423094	226.630578	-358.047073	-240.396458	45.585129	0.000000	-420.000000	0	9.199342	0.023662	0.019090	224.319393	-356.183745	-243.909776	178.734265	356.183745	176.090224	358.047073	179.603542	199.576906	0	0	1	0	0
rhh	1	65.000000	104	2	44	8.000000	35.000000	0.519836	2.479786	1120.363024	-420.000000	0.000000	35.000000	1167.470302	0.000000	0.000000	0.000000	0	1.262834	435.857591	222.182249	-354.350028	-247.365587	226.842600	-358.161647	-240.278682	45.585129	0.000000	-420.000000	0	9.299007	0.099665	0.173571	224.512425	-356.255837	-243.822134	178.927296	356.255837	176.177866	358.161647	179.721318	199.634413	0	0	1	0	0
rhh	1	65.000000	104	2	44	8.000000	35.000000	0.519836	2.479786	1167.569535	-420.000000	0.000000	36.000000	1214.050615	0.000000	0.000000	0.000000	0	1.291057	435.756097	221.928654	-354.342884	-247.464156	226.745851	-358.147379	-240.283313	45.585129	0.000000	-420.000000	0	9.446909	0.147902	0.101493	224.337252	-356.245131	-243.873735	178.752124	356.245131	176.126265	358.147379	179.716687	199.535844	0	0	1	0	0
rhh	1	65.000000	104	2	44	8.000000	35.000000	0.519836	2.479786	1214.149849	-420.000000	0.000000	37.000000	1261.691701	0.000000	0.000000	0.000000	0	1.373231	435.887577	222.160419	-354.288594	-247.298607	227.050284	-358.086125	-240.109253	45.585129	0.000000	-420.000000	0	9.487825	0.040917	0.131479	224.605352	-356.187359	-243.703930	179.020223	356.187359	176.296070	358.086125	179.890747	199.701393	0	0	1	0	0
rhh	1	65.000000	104	2	44	8.000000	35.000000	0.519836	2.479786	1261.792646	-420.000000	0.000000	38.000000	1308.855012	0.000000	0.000000	0.000000	0	1.720049	435.547848	222.804124	-353.901960	-247.525643	227.241612	-357.393514	-240.231750	45.585129	0.000000	-420.000000	0	9.224051	0.263774	0.339728	225.022868	-355.647737	-243.878697	179.437739	355.647737	176.121303	357.393514	179.768250	199.474357	0	0	1	0	0
rhh	1	65.000000	104	2	44	8.000000	35.000000	0.519836	2.479786	1309.107373	-420.000000	0.000000	39.000000	1356.156907	1344.861819	0.000000	0.000000	0	6.428212	431.265569	224.686660	-350.576224	-252.397405	227.590770	-353.113214	-243.534654	45.585129	0.000000	-420.000000	0	9.665326	0.441275	4.282280	226.138715	-351.844719	-247.966029	180.553586	351.844719	172.033971	353.113214	176.465346	194.602595	0	0	1	0	0
rhh	1	65.000000	104	2	44	8.000000	35.000000	0.519836	2.479786	1356.270683	-420.000000	0.000000	40.000000	1415.206002	1344.861819	0.000000	0.000000	0	32.804970	407.396759	227.095058	-327.904339	-269.347759	225.430773	-328.204489	-249.978210	45.585129	0.000000	-420.000000	0	19.443235	9.777908	23.868810	226.262915	-328.054414	-259.662984	180.677787	328.054414	160.337016	328.204489	170.021790	177.652241	0	0	1	0	0
rhh	1	65.000000	104	2	44	8.000000	35.000000	0.519836	2.479786	1415.312507	-420.000000	0.000000	41.000000	1462.201642	1344.861819	0.000000	0.000000	0	65.311263	376.310048	223.728164	-298.741235	-284.650170	218.699631	-295.551278	-255.563974	45.585129	0.000000	-420.000000	0	29.689540	10.246305	31.086711	221.213897	-297.146257	-270.107072	175.628769	297.146257	149.892928	295.551278	164.436026	162.349830	0	0	1	0	0
rhh	1	65.000000	104	2	44	8.000000	35.000000	0.519836	2.479786	1462.302158	-420.000000	0.000000	42.000000	1509.353831	1344.861819	0.000000	0.000000	0	102.178607	340.160327	215.178683	-264.553686	-299.737304	207.795044	-261.899919	-265.327697	45.585129	0.000000	-420.000000	0	35.292799	5.603259	36.149721	211.486863	-263.226802	-282.532501	165.901735	263.226802	137.467499	261.899919	154.672303	147.262696	0	0	1	0	0
rhh	1	65.000000	104	2	44	8.000000	35.000000	0.519836	2.479786	1509.459481	-420.000000	0.000000	43.000000	1556.356743	1344.861819	0.000000	0.000000	0	142.154325	300.772814	203.097126	-228.375971	-315.645557	194.672228	-226.312825	-277.145555	45.585129	0.000000	-420.000000	0	39.464992	4.172194	39.387514	198.884677	-227.344398	-296.395556	153.299548	227.344398	123.604444	226.312825	142.854445	131.354443	0	0	1	0	0
rhh	1	65.000000	104	2	44	8.000000	35.000000	0.519836	2.479786	1556.458115	-420.000000	0.000000	44.000000	1603.030729	1344.861819	0.000000	0.000000	0	182.526505	260.629437	188.594347	-193.381573	-333.872512	180.085144	-191.775817	-290.829502	45.585129	0.000000	-420.000000	0	43.905417	4.440425	40.143377	184.339746	-192.578695	-312.351007	138.754617	192.578695	107.648993	191.775817	129.170498	113.127488	0	0	1	0	0
rhh	1	65.000000	104	2	44	8.000000	35.000000	0.519836	2.479786	1603.135524	-420.000000	0.000000	45.000000	1650.265043	1344.861819	0.000000	0.000000	0	221.627788	221.312966	173.303764	-161.118026	-353.183536	163.950203	-160.483481	-308.118410	45.585129	0.000000	-420.000000	0	46.029961	2.124543	39.316470	168.626984	-160.800754	-330.650973	123.041855	160.800754	89.349027	160.483481	111.881590	93.816464	0	0	0	0	0
rhh	1	65.000000	104	2	44	8.000000	35.000000	0.519836	2.479786	1650.365560	-420.000000	0.000000	46.000000	1697.154179	1344.861819	0.000000	0.000000	0	258.613235	184.209637	158.079276	-131.738817	-372.789611	148.114971	-132.012623	-326.027445	45.585129	0.000000	-420.000000	0	47.812786	1.782825	37.103329	153.097123	-131.875720	-349.408528	107.511995	131.875720	70.591472	132.012623	93.972555	74.210389	0	0	0	0	0
rhh	1	65.000000	104	2	44	8.000000	35.000000	0.519836	2.479786	1697.254268	-420.000000	0.000000	47.000000	1744.867979	1344.861819	0.000000	0.000000	0	293.326564	149.557630	142.880165	-104.639884	-391.773283	132.553128	-106.114595	-342.871972	45.585129	0.000000	-420.000000	0	50.001607	2.188821	34.652007	137.716646	-105.377239	-367.322627	92.131518	105.377239	52.677373	106.114595	77.128028	55.226717	0	0	0	0	0
rhh	1	65.000000	104	2	44	8.000000	35.000000	0.519836	2.479786	1744.969351	-420.000000	0.000000	48.000000	1791.712202	1344.861819	0.000000	0.000000	0	324.545260	117.748441	126.633948	-81.387955	-408.728773	115.174159	-83.692444	-357.004939	45.585129	0.000000	-420.000000	0	53.028223	3.026616	31.809189	120.904053	-82.540199	-382.866856	75.318924	82.540199	37.133144	83.692444	62.995061	38.271227	0	0	0	0	0
rhh	1	65.000000	104	2	44	8.000000	35.000000	0.519836	2.479786	1791.985950	-420.000000	0.000000	49.000000	1838.536322	1344.861819	0.000000	0.000000	0	351.897282	90.147384	111.884268	-62.244436	-424.531027	99.388421	-63.937180	-368.995229	45.585129	0.000000	-420.000000	0	56.949421	3.921198	27.601057	105.636345	-63.090808	-396.763128	60.051216	63.090808	23.236872	63.937180	51.004771	22.468973	0	0	0	0	0
rhh	1	65.000000	104	2	44	8.000000	35.000000	0.519836	2.479786	1838.645394	-420.000000	0.000000	50.000000	1885.232551	1344.861819	0.000000	0.000000	0	375.453408	66.839382	98.786416	-46.377254	-439.927749	84.357542	-48.429046	-379.514625	45.585129	0.000000	-420.000000	0	62.146181	5.196760	23.308002	91.571979	-47.403150	-409.721187	45.986850	47.403150	10.278813	48.429046	40.485375	7.072251	0	0	0	0	0
rhh	1	65.000000	104	2	44	8.000000	35.000000	0.519836	2.479786	1885.338628	-420.000000	0.000000	51.000000	1932.224341	1344.861819	0.000000	0.000000	0	394.761439	49.096692	87.941448	-33.990928	-452.589768	72.162183	-35.917479	-389.126480	45.585129	0.000000	-420.000000	0	65.423892	3.277711	17.742690	80.051815	-34.954203	-420.858124	34.466687	34.954203	0.858124	35.917479	30.873520	5.589768	0	0	0	0	0
rhh	1	65.000000	104	2	44	8.000000	35.000000	0.519836	2.479786	1932.329135	-420.000000	0.000000	52.000000	1979.536930	1344.861819	0.000000	0.000000	0	410.309750	36.143689	77.265838	-24.609383	-462.397667	62.180747	-25.851309	-396.272620	45.585129	0.000000	-420.000000	0	67.835272	2.411380	12.953004	69.723293	-25.230346	-429.335143	24.138164	25.230346	9.335143	25.851309	23.727380	15.397667	0	1	0	0	0
rhh	1	65.000000	104	2	44	8.000000	35.000000	0.519836	2.479786	1979.637875	-420.000000	0.000000	53.000000	2026.355917	1344.861819	0.000000	0.000000	0	422.765380	27.358849	67.210554	-17.684922	-468.994922	52.635118	-17.712919	-401.315802	45.585129	0.000000	-420.000000	0	69.230827	1.395555	8.784839	59.922836	-17.698920	-435.155362	14.337707	17.698920	15.155362	17.712919	18.684198	21.994922	0	1	0	0	0
rhh	1	65.000000	104	2	44	8.000000	35.000000	0.519836	2.479786	2026.456006	-420.000000	0.000000	54.000000	2073.421278	1344.861819	2061.535494	0.000000	0	432.037447	23.914014	59.484513	-12.487626	-472.604742	46.095361	-11.535071	-406.161135	45.585129	0.000000	-420.000000	0	67.785911	1.444916	3.444835	52.789937	-12.011349	-439.382938	7.204808	12.011349	19.382938	11.535071	13.838865	25.604742	0	1	0	1	0
rhh	1	65.000000	104	2	44	8.000000	35.000000	0.519836	2.479786	2073.522650	-420.000000	0.000000	55.000000	2120.163273	1344.861819	2061.535494	0.000000	0	439.067415	22.390751	52.590905	-7.507661	-472.963573	41.134639	-6.871962	-409.369390	45.585129	0.000000	-420.000000	0	64.620974	3.164937	1.523263	46.862772	-7.189812	-441.166482	1.277643	7.189812	21.166482	6.871962	10.630610	25.963573	0	1	0	1	0
rhh	1	65.000000	104	2	44	8.000000	35.000000	0.519836	2.479786	2120.268495	-420.000000	0.000000	56.000000	2167.643105	1344.861819	2061.535494	0.000000	0	443.299165	21.411228	45.273767	-4.909534	-468.303412	38.026203	-3.584203	-412.923737	45.585129	0.000000	-420.000000	0	55.867629	8.753345	0.979522	41.649985	-4.246869	-440.613574	3.935144	4.246869	20.613574	3.584203	7.076263	21.303412	0	1	0	1	0
rhh	1	65.000000	104	2	44	8.000000	35.000000	0.519836	2.479786	2167.748754	-420.000000	0.000000	57.000000	2214.669542	1344.861819	2061.535494	0.000000	0	444.970467	20.162159	38.026614	-4.733552	-459.761618	36.265338	-1.458471	-416.333150	45.585129	0.000000	-420.000000	0	43.587385	12.280245	1.249070	37.145976	-3.096011	-438.047384	8.439153	3.096011	18.047384	1.458471	3.666850	12.761618	0	1	0	1	0
rhh	1	65.000000	104	2	44	8.000000	35.000000	0.519836	2.479786	2214.770058	-420.000000	0.000000	58.000000	2261.038984	1344.861819	2061.535494	0.000000	0	446.604561	20.918384	37.559456	-3.919379	-457.406611	36.783901	0.726092	-420.763710	45.585129	0.000000	-420.000000	0	36.944338	6.643047	0.756225	37.171679	-1.596643	-439.085161	8.413450	1.596643	19.085161	0.726092	0.763710	10.406611	0	1	0	1	0
rhh	1	65.000000	104	2	44	8.000000	35.000000	0.519836	2.479786	2261.144206	-420.000000	0.000000	59.000000	2307.921703	1344.861819	2061.535494	0.000000	0	446.977284	20.897999	38.083982	-3.758656	-456.207910	37.219149	1.763232	-422.407605	45.585129	0.000000	-420.000000	0	34.259302	2.685036	0.020385	37.651566	-0.997712	-439.307757	7.933563	0.997712	19.307757	1.763232	2.407605	9.207910	0	1	0	1	0
rhh	1	65.000000	104	2	44	8.000000	35.000000	0.519836	2.479786	2308.026925	-420.000000	0.000000	60.000000	2355.093568	1344.861819	2061.535494	0.000000	0	447.214328	20.927906	37.944949	-3.588918	-455.794413	37.059525	2.052292	-422.782979	45.585129	0.000000	-420.000000	0	33.501672	0.757630	0.029907	37.502237	-0.768313	-439.288696	8.082892	0.768313	19.288696	2.052292	2.782979	8.794413	0	1	0	1	0
rhh	1	65.000000	104	2	44	8.000000	35.000000	0.519836	2.479786	2355.194085	-420.000000	0.000000	61.000000	2402.153368	1344.861819	2061.535494	0.000000	0	447.015729	20.898487	37.639843	-3.768115	-455.529692	37.384208	1.784879	-422.971656	45.585129	0.000000	-420.000000	0	33.029181	0.472491	0.029419	37.512025	-0.991618	-439.250674	8.073103	0.991618	19.250674	1.784879	2.971656	8.529692	0	1	0	1	0
rhh	1	65.000000	104	2	44	8.000000	35.000000	0.519836	2.479786	2402.258590	-420.000000	0.000000	62.000000	2449.431738	1344.861819	2061.535494	0.000000	0	446.687489	20.969585	37.118481	-4.049099	-455.441292	37.547579	1.086133	-422.999914	45.585129	0.000000	-420.000000	0	32.848101	0.181080	0.071098	37.333030	-1.481483	-439.220603	8.252099	1.481483	19.220603	1.086133	2.999914	8.441292	0	1	0	1	0
rhh	1	65.000000	104	2	44	8.000000	35.000000	0.519836	2.479786	2449.537388	-420.000000	0.000000	63.000000	2496.515919	1344.861819	2061.535494	0.000000	0	446.072780	20.848990	37.788290	-4.731833	-455.399898	37.723538	0.675053	-423.032870	45.585129	0.000000	-420.000000	0	32.815593	0.032508	0.120595	37.755914	-2.028390	-439.216384	7.829215	2.028390	19.216384	0.675053	3.032870	8.399898	0	1	0	1	0
rhh	1	65.000000	104	2	44	8.000000	35.000000	0.519836	2.479786	2496.616863	-420.000000	0.000000	64.000000	2543.473491	1344.861819	2061.535494	0.000000	0	445.580898	20.672741	38.412267	-5.065474	-455.274015	37.880851	0.269809	-423.002886	45.585129	0.000000	-420.000000	0	32.713505	0.102087	0.176249	38.146559	-2.397833	-439.138451	7.438570	2.397833	19.138451	0.269809	3.002886	8.274015	0	1	0	1	0
rhh	1	65.000000	104	2	44	8.000000	35.000000	0.519836	2.479786	2543.574007	-420.000000	0.000000	65.000000	2590.543128	1344.861819	2061.535494	0.000000	0	445.502385	20.671685	38.361984	-5.080231	-455.231377	38.064789	0.140602	-423.076637	45.585129	0.000000	-420.000000	0	32.577181	0.136324	0.001056	38.213386	-2.469815	-439.154007	7.371742	2.469815	19.154007	0.140602	3.076637	8.231377	0	1	0	1	0
rhh	1	65.000000	104	2	44	8.000000	35.000000	0.519836	2.479786	2590.642362	-420.000000	0.000000	66.000000	2637.664949	1344.861819	2061.535494	0.000000	0	445.584106	20.625778	38.444842	-5.019542	-455.137677	37.848877	0.283653	-423.045446	45.585129	0.000000	-420.000000	0	32.532912	0.044269	0.045906	38.146859	-2.367944	-439.091562	7.438269	2.367944	19.091562	0.283653	3.045446	8.137677	0	1	0	1	0
rhh	1	65.000000	104	2	44	8.000000	35.000000	0.519836	2.479786	2637.769743	-420.000000	0.000000	67.000000	2684.829543	1344.861819	2061.535494	0.000000	0	445.620993	20.712663	38.491598	-5.016386	-455.212567	37.949432	0.314334	-423.219168	45.585129	0.000000	-420.000000	0	32.438991	0.093921	0.086885	38.220515	-2.351026	-439.215868	7.364613	2.351026	19.215868	0.314334	3.219168	8.212567	0	1	0	1	0
rhh	1	65.000000	104	2	44	8.000000	35.000000	0.519836	2.479786	2684.935192	-420.000000	0.000000	68.000000	2731.784549	1344.861819	2061.535494	0.000000	0	445.985947	20.992115	37.565123	-4.723409	-455.394682	38.246945	0.387162	-423.438276	45.585129	0.000000	-420.000000	0	32.369657	0.069334	0.279452	37.906034	-2.168124	-439.416479	7.679095	2.168124	19.416479	0.387162	3.438276	8.394682	0	1	0	1	0
rhh	1	65.000000	104	2	44	8.000000	35.000000	0.519836	2.479786	2731.889343	-420.000000	0.000000	69.000000	2778.709185	1344.861819	2061.535494	0.000000	0	445.714344	20.809770	38.196415	-5.026844	-455.269291	38.181784	0.418435	-423.358986	45.585129	0.000000	-420.000000	0	32.371575	0.001918	0.182345	38.189099	-2.304205	-439.314138	7.396029	2.304205	19.314138	0.418435	3.358986	8.269291	0	1	0	1	0
rhh	1	65.000000	104	2	44	8.000000	35.000000	0.519836	2.479786	2778.879422	-420.000000	0.000000	70.000000	2825.852820	1344.861819	2061.535494	0.000000	0	445.588448	20.874119	37.959590	-5.112426	-455.299292	38.280794	0.096006	-423.363996	45.585129	0.000000	-420.000000	0	32.358833	0.012742	0.064349	38.120192	-2.508210	-439.331644	7.464937	2.508210	19.331644	0.096006	3.363996	8.299292	0	1	0	1	0
rhh	1	65.000000	104	2	44	8.000000	35.000000	0.519836	2.479786	2825.957614	-420.000000	0.000000	71.000000	2873.137607	1344.861819	2061.535494	0.000000	0	445.649291	20.987472	37.547072	-5.243875	-455.353641	38.310197	0.132927	-423.392797	45.585129	0.000000	-420.000000	0	32.418944	0.060111	0.113352	37.928635	-2.555474	-439.373219	7.656494	2.555474	19.373219	0.132927	3.392797	8.353641	0	1	0	1	0
rhh	1	65.000000	104	2	44	8.000000	35.000000	0.519836	2.479786	2873.237696	-420.000000	0.000000	72.000000	2919.987390	1344.861819	2061.535494	0.000000	0	445.631132	21.009623	37.519477	-5.274373	-455.355006	38.413719	0.118300	-423.463338	45.585129	0.000000	-420.000000	0	32.356747	0.062197	0.022151	37.966598	-2.578036	-439.409172	7.618531	2.578036	19.409172	0.118300	3.463338	8.355006	0	1	0	1	0
rhh	1	65.000000	104	2	44	8.000000	35.000000	0.519836	2.479786	2920.092612	-420.000000	0.000000	73.000000	2967.143430	1344.861819	2061.535494	0.000000	0	445.649756	21.051761	37.514433	-5.202019	-455.326465	38.534476	0.076601	-423.632250	45.585129	0.000000	-420.000000	0	32.146968	0.209780	0.042138	38.024454	-2.562709	-439.479358	7.560674	2.562709	19.479358	0.076601	3.632250	8.326465	0	1	0	1	0
rhh	1	65.000000	104	2	44	8.000000	35.000000	0.519836	2.479786	2967.248224	-420.000000	0.000000	74.000000	3014.003051	1344.861819	2061.535494	0.000000	0	445.810976	21.050940	37.543350	-5.143974	-455.264466	38.440353	0.379166	-423.712880	45.585129	0.000000	-420.000000	0	32.043912	0.103056	0.000821	37.991851	-2.382404	-439.488673	7.593277	2.382404	19.488673	0.379166	3.712880	8.264466	0	1	0	1	0
rhh	1	65.000000	104	2	44	8.000000	35.000000	0.519836	2.479786	3014.104851	-420.000000	0.000000	75.000000	3061.225817	1344.861819	2061.535494	0.000000	0	445.974397	21.126851	37.330992	-5.001507	-455.290840	38.397445	0.463045	-423.777406	45.585129	0.000000	-420.000000	0	32.001487	0.042424	0.075911	37.864219	-2.269231	-439.534123	7.720910	2.269231	19.534123	0.463045	3.777406	8.290840	0	1	0	1	0
rhh	1	65.000000	104	2	44	8.000000	35.000000	0.519836	2.479786	3061.325906	-420.000000	0.000000	76.000000	3108.118374	1344.861819	2061.535494	0.000000	0	445.864258	21.030956	37.658129	-5.118030	-455.204119	38.335012	0.503817	-423.751864	45.585129	0.000000	-420.000000	0	31.957905	0.043583	0.095894	37.996570	-2.307107	-439.477992	7.588558	2.307107	19.477992	0.503817	3.751864	8.204119	0	1	0	1	0
rhh	1	65.000000	104	2	44	8.000000	35.000000	0.519836	2.479786	3108.218890	-420.000000	0.000000	77.000000	3155.488706	1344.861819	2061.535494	0.000000	0	445.761008	21.069857	37.395752	-5.130114	-455.164317	38.503110	0.201952	-423.800451	45.585129	0.000000	-420.000000	0	31.833147	0.124757	0.038900	37.949431	-2.464081	-439.482384	7.635698	2.464081	19.482384	0.201952	3.800451	8.164317	0	1	0	1	0
rhh	1	65.000000	104	2	44	8.000000	35.000000	0.519836	2.479786	3155.589223	-420.000000	0.000000	78.000000	3202.498461	1344.861819	2061.535494	0.000000	0	445.694205	21.072177	37.349136	-5.237515	-455.171205	38.452225	0.121682	-423.736016	45.585129	0.000000	-420.000000	0	31.907818	0.074671	0.002320	37.900680	-2.557917	-439.453610	7.684448	2.557917	19.453610	0.121682	3.736016	8.171205	0	1	0	1	0
rhh	1	65.000000	104	2	44	8.000000	35.000000	0.519836	2.479786	3202.610527	-420.000000	0.000000	79.000000	3237.545441	1344.861819	2061.535494	3237.541164	0	445.503915	20.964497	  37.696103   -5.368281 -455.089357	  38.423795    0.018813 -423.678031	45.585129	0.000000	-420.000000	0	31.878233	0.029585	0.107680	0
