subjName	sessionNR	IOD	trialN	textureType	texnum	visualAngle	simulatedDepth	light_intensity	ambient_intensity	time	displayDistance	isRotated	frameN	timTote	startTime	touchTime	endTime	fingersOccluded	distanceToHome	distanceToObject	indexXraw	indexYraw	indexZraw	thumbXraw	thumbYraw	thumbZraw	targetX	targetY	targetZ	failCause	gripAperture	gripApertureVel	distFromObjVel	gripOriginX	gripOriginY	gripOriginZ	distFromObjX	distFromObjY	distFromObjZ	y_dist_thm	z_dist_thm	z_dist_ind	handOnObj	handnearObj	handfarObj	handTouchObj	framesOccluded
rhh	6	65.000000	103	1	49	8.000000	25.000000	0.730821	1.729899	877.941640	-420.000000	0.000000	30.000000	925.543395	0.000000	0.000000	0.000000	0	5.210258	429.115400	216.976660	-352.770835	-259.078678	218.290457	-359.953427	-250.973902	44.631439	0.000000	-420.000000	0	10.908854	0.079299	0.062571	217.633559	-356.362131	-255.026290	173.002119	356.362131	164.973710	359.953427	169.026098	177.921322	0	0	1	0	0
rhh	6	65.000000	103	1	49	8.000000	25.000000	0.730821	1.729899	925.740577	-420.000000	0.000000	31.000000	972.510403	0.000000	0.000000	0.000000	0	5.184457	429.107170	216.851788	-352.678599	-259.041800	218.380300	-359.991371	-250.899611	44.631439	0.000000	-420.000000	0	11.050258	0.141404	0.008230	217.616044	-356.334985	-254.970706	172.984605	356.334985	165.029294	359.991371	169.100389	177.958200	0	0	1	0	0
rhh	6	65.000000	103	1	49	8.000000	25.000000	0.730821	1.729899	972.617335	-420.000000	0.000000	32.000000	1019.254566	0.000000	0.000000	0.000000	0	5.284031	429.046594	216.881533	-352.741026	-259.053096	218.118068	-359.924673	-250.950479	44.631439	0.000000	-420.000000	0	10.898908	0.151350	0.060575	217.499800	-356.332850	-255.001788	172.868361	356.332850	164.998212	359.924673	169.049521	177.946904	0	0	1	0	0
rhh	6	65.000000	103	1	49	8.000000	25.000000	0.730821	1.729899	1019.359359	-420.000000	0.000000	33.000000	1066.591558	0.000000	0.000000	0.000000	0	5.282685	429.031640	216.692486	-352.670799	-259.040704	218.200478	-359.960212	-250.854043	44.631439	0.000000	-420.000000	0	11.064854	0.165946	0.014955	217.446482	-356.315506	-254.947373	172.815043	356.315506	165.052627	359.960212	169.145957	177.959296	0	0	1	0	0
rhh	6	65.000000	103	1	49	8.000000	25.000000	0.730821	1.729899	1066.692074	-420.000000	0.000000	34.000000	1113.990570	0.000000	0.000000	0.000000	0	5.414106	428.833250	216.894566	-352.684175	-259.213314	218.040962	-359.594014	-250.995807	44.631439	0.000000	-420.000000	0	10.797570	0.267284	0.198390	217.467764	-356.139094	-255.104560	172.836325	356.139094	164.895440	359.594014	169.004193	177.786686	0	0	1	0	0
rhh	6	65.000000	103	1	49	8.000000	25.000000	0.730821	1.729899	1114.090658	-420.000000	0.000000	35.000000	1161.735186	1149.857631	0.000000	0.000000	0	8.963563	424.340890	217.239931	-349.324038	-262.733566	217.747033	-354.185758	-251.982578	44.631439	0.000000	-420.000000	0	11.810047	1.012477	4.492360	217.493482	-351.754898	-257.358072	172.862043	351.754898	162.641928	354.185758	168.017422	174.266434	0	0	1	0	0
rhh	6	65.000000	103	1	49	8.000000	25.000000	0.730821	1.729899	1161.844685	-420.000000	0.000000	36.000000	1220.641343	1149.857631	0.000000	0.000000	0	32.241174	402.058441	218.021302	-326.498523	-273.119811	216.764208	-330.679292	-258.115894	44.631439	0.000000	-420.000000	0	15.626152	3.816105	22.282449	217.392755	-328.588907	-265.617853	172.761316	328.588907	154.382147	330.679292	161.884106	163.880189	0	0	1	0	0
rhh	6	65.000000	103	1	49	8.000000	25.000000	0.730821	1.729899	1220.743997	-420.000000	0.000000	37.000000	1267.526655	1149.857631	0.000000	0.000000	0	64.212581	371.901440	214.666095	-296.381982	-284.344536	212.076194	-300.008156	-266.399218	44.631439	0.000000	-420.000000	0	18.490299	2.864147	30.157001	213.371144	-298.195069	-275.371877	168.739705	298.195069	144.628123	300.008156	153.600782	152.655464	0	0	1	0	0
rhh	6	65.000000	103	1	49	8.000000	25.000000	0.730821	1.729899	1267.627171	-420.000000	0.000000	38.000000	1314.698117	1149.857631	0.000000	0.000000	0	102.302563	335.644312	207.728550	-261.213911	-296.845682	204.513725	-264.137510	-277.977753	44.631439	0.000000	-420.000000	0	19.361851	0.871552	36.257128	206.121137	-262.675710	-287.411717	161.489698	262.675710	132.588283	264.137510	142.022247	140.154318	0	0	1	0	0
rhh	6	65.000000	103	1	49	8.000000	25.000000	0.730821	1.729899	1314.836272	-420.000000	0.000000	39.000000	1361.618502	1149.857631	0.000000	0.000000	0	142.791149	296.937263	198.298605	-223.810683	-310.495722	195.154101	-227.480337	-291.823995	44.631439	0.000000	-420.000000	0	19.286981	0.074869	38.707049	196.726353	-225.645510	-301.159858	152.094914	225.645510	118.840142	227.480337	128.176005	126.504278	0	0	1	0	0
rhh	6	65.000000	103	1	49	8.000000	25.000000	0.730821	1.729899	1361.722440	-420.000000	0.000000	40.000000	1408.397311	1149.857631	0.000000	0.000000	0	183.993303	257.137496	186.357784	-186.746786	-324.875944	182.645557	-190.368619	-305.343186	44.631439	0.000000	-420.000000	0	20.209576	0.922595	39.799767	184.501670	-188.557702	-315.109565	139.870231	188.557702	104.890435	190.368619	114.656814	112.124056	0	0	1	0	0
rhh	6	65.000000	103	1	49	8.000000	25.000000	0.730821	1.729899	1408.497827	-420.000000	0.000000	41.000000	1455.559790	1149.857631	0.000000	0.000000	0	223.203763	218.823090	173.285968	-152.687245	-340.224109	168.361394	-156.321656	-319.915530	44.631439	0.000000	-420.000000	0	21.210816	1.001240	38.314407	170.823681	-154.504450	-330.069819	126.192242	154.504450	89.930181	156.321656	100.084470	96.775891	0	0	0	0	0
rhh	6	65.000000	103	1	49	8.000000	25.000000	0.730821	1.729899	1455.665866	-420.000000	0.000000	42.000000	1502.531075	1149.857631	0.000000	0.000000	0	259.632539	183.198832	159.285206	-121.666882	-356.410485	154.845485	-125.774464	-333.741274	44.631439	0.000000	-420.000000	0	23.462234	2.251418	35.624258	157.065345	-123.720673	-345.075880	112.433906	123.720673	74.924120	125.774464	86.258726	80.589515	0	0	0	0	0
rhh	6	65.000000	103	1	49	8.000000	25.000000	0.730821	1.729899	1502.636296	-420.000000	0.000000	43.000000	1549.894159	1149.857631	0.000000	0.000000	0	292.843301	149.875636	144.675522	-94.900440	-371.906287	137.894227	-98.372260	-345.093946	44.631439	0.000000	-420.000000	0	27.873664	4.411430	33.323196	141.284875	-96.636350	-358.500117	96.653435	96.636350	61.499883	98.372260	74.906054	65.093713	0	0	0	0	0
rhh	6	65.000000	103	1	49	8.000000	25.000000	0.730821	1.729899	1549.994247	-420.000000	0.000000	44.000000	1596.705474	1149.857631	0.000000	0.000000	0	322.347716	120.900424	131.692015	-71.481038	-385.320461	123.386394	-73.709659	-355.218383	44.631439	0.000000	-420.000000	0	31.306311	3.432647	28.975212	127.539205	-72.595349	-370.269422	82.907765	72.595349	49.730578	73.709659	64.781617	51.679539	0	0	0	0	0
rhh	6	65.000000	103	1	49	8.000000	25.000000	0.730821	1.729899	1596.805990	-420.000000	0.000000	45.000000	1643.642969	1149.857631	0.000000	0.000000	0	348.814318	94.566239	118.386499	-51.499245	-399.416609	108.569824	-52.152607	-362.686645	44.631439	0.000000	-420.000000	0	38.024785	6.718473	26.334185	113.478162	-51.825926	-381.051627	68.846722	51.825926	38.948373	52.152607	57.313355	37.583391	0	0	0	0	0
rhh	6	65.000000	103	1	49	8.000000	25.000000	0.730821	1.729899	1643.743057	-420.000000	0.000000	46.000000	1690.493208	1149.857631	0.000000	0.000000	0	370.577701	73.064463	107.287397	-36.194226	-412.082355	95.824113	-34.708627	-369.909560	44.631439	0.000000	-420.000000	0	43.728235	5.703451	21.501775	101.555755	-35.451426	-390.995958	56.924316	35.451426	29.004042	34.708627	50.090440	24.917645	0	0	0	0	0
rhh	6	65.000000	103	1	49	8.000000	25.000000	0.730821	1.729899	1690.593724	-420.000000	0.000000	47.000000	1737.973061	1149.857631	0.000000	0.000000	0	389.123411	53.983517	95.980146	-23.607484	-423.490420	83.003528	-21.834677	-377.240388	44.631439	0.000000	-420.000000	0	48.068710	4.340475	19.080946	89.491837	-22.721081	-400.365404	44.860397	22.721081	19.634596	21.834677	42.759612	13.509580	0	0	0	0	0
rhh	6	65.000000	103	1	49	8.000000	25.000000	0.730821	1.729899	1738.073149	-420.000000	0.000000	48.000000	1784.724922	1149.857631	0.000000	0.000000	0	404.683201	37.142400	84.008540	-14.511982	-433.517767	71.050464	-12.014834	-384.449773	44.631439	0.000000	-420.000000	0	50.811569	2.742859	16.841118	77.529502	-13.263408	-408.983770	32.898063	13.263408	11.016230	12.014834	35.550227	3.482233	0	0	0	0	0
rhh	6	65.000000	103	1	49	8.000000	25.000000	0.730821	1.729899	1784.904995	-420.000000	0.000000	49.000000	1831.786030	1149.857631	0.000000	0.000000	0	417.364257	24.044442	74.029354	-7.259337	-440.644075	61.192538	-3.986825	-390.763272	44.631439	0.000000	-420.000000	0	51.609957	0.798388	13.097957	67.610946	-5.623081	-415.703673	22.979507	5.623081	4.296327	3.986825	29.236728	3.644075	0	1	0	0	0
rhh	6	65.000000	103	1	49	8.000000	25.000000	0.730821	1.729899	1831.890396	-420.000000	0.000000	50.000000	1878.796667	1149.857631	0.000000	0.000000	0	426.889740	14.406913	65.444201	-2.258019	-445.257598	52.556473	1.157896	-396.521550	44.631439	0.000000	-420.000000	0	50.526868	1.083089	9.637530	59.000337	-0.550061	-420.889574	14.368898	0.550061	0.889574	1.157896	23.478450	8.257598	0	1	0	0	0
rhh	6	65.000000	103	1	49	8.000000	25.000000	0.730821	1.729899	1878.895472	-420.000000	0.000000	51.000000	1925.492496	1149.857631	0.000000	0.000000	0	433.881847	7.584141	55.968452	0.480218	-445.889397	45.806091	5.717836	-400.036747	44.631439	0.000000	-420.000000	0	47.256446	3.270422	6.822771	50.887271	3.099027	-422.963072	6.255832	3.099027	2.963072	5.717836	19.963253	8.889397	0	1	0	0	0
rhh	6	65.000000	103	1	49	8.000000	25.000000	0.730821	1.729899	1925.591728	-420.000000	0.000000	52.000000	1972.825211	1149.857631	0.000000	0.000000	0	438.696630	7.941043	51.465860	3.411823	-446.631287	41.560344	8.225141	-403.500795	44.631439	0.000000	-420.000000	0	44.514341	2.742105	0.356901	46.513102	5.818482	-425.066041	1.881663	5.818482	5.066041	8.225141	16.499205	9.631287	0	1	0	0	0
rhh	6	65.000000	103	1	49	8.000000	25.000000	0.730821	1.729899	1972.924016	-420.000000	0.000000	53.000000	2019.925242	1149.857631	2007.984383	0.000000	0	440.657549	10.003662	50.239983	4.503807	-446.803446	39.962207	7.811449	-408.936476	44.631439	0.000000	-420.000000	0	39.376143	5.138198	2.062619	45.101095	6.157628	-427.869961	0.469656	6.157628	7.869961	7.811449	11.063524	9.803446	0	1	0	1	0
rhh	6	65.000000	103	1	49	8.000000	25.000000	0.730821	1.729899	2020.026185	-420.000000	0.000000	54.000000	2066.687369	1149.857631	2007.984383	0.000000	0	441.517341	12.290849	50.090848	3.967838	-446.896866	40.170509	7.540125	-414.801744	44.631439	0.000000	-420.000000	0	33.782706	5.593437	2.287187	45.130679	5.753982	-430.849305	0.499240	5.753982	10.849305	7.540125	5.198256	9.896866	0	1	0	1	0
rhh	6	65.000000	103	1	49	8.000000	25.000000	0.730821	1.729899	2066.787457	-420.000000	0.000000	55.000000	2113.457195	1149.857631	2007.984383	0.000000	0	441.479267	13.569205	50.733538	2.939037	-446.450049	41.125801	7.687963	-418.385783	44.631439	0.000000	-420.000000	0	30.041038	3.741667	1.278356	45.929670	5.313500	-432.417916	1.298230	5.313500	12.417916	7.687963	1.614217	9.450049	0	1	0	1	0
rhh	6	65.000000	103	1	49	8.000000	25.000000	0.730821	1.729899	2113.557283	-420.000000	0.000000	56.000000	2160.463981	1149.857631	2007.984383	0.000000	0	442.009748	14.052114	50.345622	3.165067	-446.560352	41.187432	8.216212	-419.035750	44.631439	0.000000	-420.000000	0	29.444697	0.596341	0.482909	45.766527	5.690640	-432.798051	1.135087	5.690640	12.798051	8.216212	0.964250	9.560352	0	1	0	1	0
rhh	6	65.000000	103	1	49	8.000000	25.000000	0.730821	1.729899	2160.563214	-420.000000	0.000000	57.000000	2207.549470	1149.857631	2007.984383	0.000000	0	442.113650	14.022349	50.622696	2.989978	-446.374287	40.676936	8.602072	-419.081186	44.631439	0.000000	-420.000000	0	29.585928	0.141231	0.029765	45.649816	5.796025	-432.727736	1.018377	5.796025	12.727736	8.602072	0.918814	9.374287	0	1	0	1	0
rhh	6	65.000000	103	1	49	8.000000	25.000000	0.730821	1.729899	2207.653835	-420.000000	0.000000	58.000000	2254.483971	1149.857631	2007.984383	0.000000	0	441.881606	13.883972	50.506756	2.905733	-446.210165	40.773998	8.141768	-419.185496	44.631439	0.000000	-420.000000	0	29.197181	0.388747	0.138377	45.640377	5.523751	-432.697830	1.008938	5.523751	12.697830	8.141768	0.814504	9.210165	0	1	0	1	0
rhh	6	65.000000	103	1	49	8.000000	25.000000	0.730821	1.729899	2254.583631	-420.000000	0.000000	59.000000	2301.420182	1149.857631	2007.984383	0.000000	0	441.384776	13.863599	50.371552	2.538107	-446.212277	41.281489	7.262151	-419.614832	44.631439	0.000000	-420.000000	0	28.502104	0.695077	0.020373	45.826521	4.900129	-432.913555	1.195081	4.900129	12.913555	7.262151	0.385168	9.212277	0	1	0	1	0
rhh	6	65.000000	103	1	49	8.000000	25.000000	0.730821	1.729899	2301.530964	-420.000000	0.000000	60.000000	2348.568119	1149.857631	2007.984383	0.000000	0	441.156113	13.793889	50.444083	2.423186	-446.048172	41.640162	7.066805	-419.701885	44.631439	0.000000	-420.000000	0	28.163790	0.338315	0.069710	46.042123	4.744995	-432.875028	1.410683	4.744995	12.875028	7.066805	0.298115	9.048172	0	1	0	1	0
rhh	6	65.000000	103	1	49	8.000000	25.000000	0.730821	1.729899	2348.670774	-420.000000	0.000000	61.000000	2395.836675	1149.857631	2007.984383	0.000000	0	441.163091	13.669796	50.386124	2.541091	-446.008644	41.506271	7.007379	-419.474010	44.631439	0.000000	-420.000000	0	28.335249	0.171459	0.124092	45.946197	4.774235	-432.741327	1.314758	4.774235	12.741327	7.007379	0.525990	9.008644	0	1	0	1	0
rhh	6	65.000000	103	1	49	8.000000	25.000000	0.730821	1.729899	2395.935908	-420.000000	0.000000	62.000000	2442.866559	1149.857631	2007.984383	0.000000	0	440.990409	13.840763	50.659814	2.332292	-446.055500	41.857626	6.889413	-419.841120	44.631439	0.000000	-420.000000	0	28.025696	0.309553	0.170967	46.258720	4.610853	-432.948310	1.627281	4.610853	12.948310	6.889413	0.158880	9.055500	0	1	0	1	0
rhh	6	65.000000	103	1	49	8.000000	25.000000	0.730821	1.729899	2442.965364	-420.000000	0.000000	63.000000	2489.877623	1149.857631	2007.984383	0.000000	0	441.122040	14.038463	50.488487	2.579545	-446.129059	42.056372	6.792473	-420.133226	44.631439	0.000000	-420.000000	0	27.651992	0.373703	0.197699	46.272430	4.686009	-433.131143	1.640990	4.686009	13.131143	6.792473	0.133226	9.129059	0	1	0	1	0
rhh	6	65.000000	103	1	49	8.000000	25.000000	0.730821	1.729899	2489.977283	-420.000000	0.000000	64.000000	2537.011445	1149.857631	2007.984383	0.000000	0	441.073942	13.962405	50.386762	2.577936	-446.111416	41.998965	6.645350	-420.060589	44.631439	0.000000	-420.000000	0	27.668477	0.016485	0.076058	46.192863	4.611643	-433.086002	1.561424	4.611643	13.086002	6.645350	0.060589	9.111416	0	1	0	1	0
rhh	6	65.000000	103	1	49	8.000000	25.000000	0.730821	1.729899	2537.112816	-420.000000	0.000000	65.000000	2584.161520	1149.857631	2007.984383	0.000000	0	440.935842	13.905577	50.443538	2.441078	-446.064751	42.011842	6.493915	-420.077822	44.631439	0.000000	-420.000000	0	27.619548	0.048928	0.056828	46.227690	4.467497	-433.071287	1.596251	4.467497	13.071287	6.493915	0.077822	9.064751	0	1	0	1	0
rhh	6	65.000000	103	1	49	8.000000	25.000000	0.730821	1.729899	2584.262036	-420.000000	0.000000	66.000000	2631.155047	1149.857631	2007.984383	0.000000	0	441.193009	13.849199	50.277817	2.331984	-446.172106	41.519134	7.007016	-419.780982	44.631439	0.000000	-420.000000	0	28.196842	0.577294	0.056378	45.898476	4.669500	-432.976544	1.267036	4.669500	12.976544	7.007016	0.219018	9.172106	0	1	0	1	0
rhh	6	65.000000	103	1	49	8.000000	25.000000	0.730821	1.729899	2631.254708	-420.000000	0.000000	67.000000	2678.226849	1149.857631	2007.984383	0.000000	0	441.034059	13.795523	50.508636	2.153729	-446.034830	41.615879	6.997080	-419.836768	44.631439	0.000000	-420.000000	0	28.086965	0.109877	0.053675	46.062257	4.575405	-432.935799	1.430818	4.575405	12.935799	6.997080	0.163232	9.034830	0	1	0	1	0
rhh	6	65.000000	103	1	49	8.000000	25.000000	0.730821	1.729899	2678.326937	-420.000000	0.000000	68.000000	2724.961601	1149.857631	2007.984383	0.000000	0	441.047572	13.792341	50.306393	2.238697	-446.013786	41.772870	6.926687	-419.850830	44.631439	0.000000	-420.000000	0	27.915919	0.171046	0.003182	46.039632	4.582692	-432.932308	1.408192	4.582692	12.932308	6.926687	0.149170	9.013786	0	1	0	1	0
rhh	6	65.000000	103	1	49	8.000000	25.000000	0.730821	1.729899	2725.066822	-420.000000	0.000000	69.000000	2772.439315	1149.857631	2007.984383	0.000000	0	440.845823	13.660216	50.427006	2.096169	-445.953201	41.609626	6.616807	-419.791630	44.631439	0.000000	-420.000000	0	27.975170	0.059251	0.132125	46.018316	4.356488	-432.872415	1.386877	4.356488	12.872415	6.616807	0.208370	8.953201	0	1	0	1	0
rhh	6	65.000000	103	1	49	8.000000	25.000000	0.730821	1.729899	2772.600996	-420.000000	0.000000	70.000000	2819.425999	1149.857631	2007.984383	0.000000	0	440.711075	13.666310	50.430149	2.093565	-445.920403	41.788444	6.334960	-419.911666	44.631439	0.000000	-420.000000	0	27.733065	0.242105	0.006094	46.109296	4.214263	-432.916034	1.477857	4.214263	12.916034	6.334960	0.088334	8.920403	0	1	0	1	0
rhh	6	65.000000	103	1	49	8.000000	25.000000	0.730821	1.729899	2819.530364	-420.000000	0.000000	71.000000	2866.458449	1149.857631	2007.984383	0.000000	0	440.980110	13.728637	50.270591	2.260546	-445.981470	41.618184	6.663878	-419.851865	44.631439	0.000000	-420.000000	0	27.874895	0.141830	0.062327	45.944388	4.462212	-432.916667	1.312948	4.462212	12.916667	6.663878	0.148135	8.981470	0	1	0	1	0
rhh	6	65.000000	103	1	49	8.000000	25.000000	0.730821	1.729899	2866.558965	-420.000000	0.000000	72.000000	2913.778760	1149.857631	2007.984383	0.000000	0	440.899321	13.837588	50.366554	2.202098	-446.032131	41.735384	6.482547	-420.091270	44.631439	0.000000	-420.000000	0	27.672146	0.202749	0.108952	46.050969	4.342323	-433.061700	1.419530	4.342323	13.061700	6.482547	0.091270	9.032131	0	1	0	1	0
rhh	6	65.000000	103	1	49	8.000000	25.000000	0.730821	1.729899	2913.878420	-420.000000	0.000000	73.000000	2960.481005	1149.857631	2007.984383	0.000000	0	440.745553	13.842401	50.584451	2.181377	-445.921445	41.940880	6.322894	-420.222044	44.631439	0.000000	-420.000000	0	27.428501	0.243644	0.004813	46.262666	4.252135	-433.071744	1.631227	4.252135	13.071744	6.322894	0.222044	8.921445	0	1	0	1	0
rhh	6	65.000000	103	1	49	8.000000	25.000000	0.730821	1.729899	2960.584943	-420.000000	0.000000	74.000000	3007.637068	1149.857631	2007.984383	0.000000	0	440.710713	13.903718	50.332987	2.036431	-446.041091	42.155865	6.264922	-420.301538	44.631439	0.000000	-420.000000	0	27.336240	0.092261	0.061317	46.244426	4.150676	-433.171315	1.612987	4.150676	13.171315	6.264922	0.301538	9.041091	0	1	0	1	0
rhh	6	65.000000	103	1	49	8.000000	25.000000	0.730821	1.729899	3007.737157	-420.000000	0.000000	75.000000	3054.746082	1149.857631	2007.984383	0.000000	0	440.683319	14.034854	50.260526	1.773166	-446.191332	42.316583	6.340920	-420.474863	44.631439	0.000000	-420.000000	0	27.300319	0.035922	0.131136	46.288554	4.057043	-433.333097	1.657115	4.057043	13.333097	6.340920	0.474863	9.191332	0	1	0	1	0
rhh	6	65.000000	103	1	49	8.000000	25.000000	0.730821	1.729899	3054.847026	-420.000000	0.000000	76.000000	3101.863650	1149.857631	2007.984383	0.000000	0	440.768287	13.934082	50.380436	1.783782	-446.097975	42.011760	6.583623	-420.299533	44.631439	0.000000	-420.000000	0	27.543290	0.242971	0.100772	46.196098	4.183702	-433.198754	1.564659	4.183702	13.198754	6.583623	0.299533	9.097975	0	1	0	1	0
rhh	6	65.000000	103	1	49	8.000000	25.000000	0.730821	1.729899	3101.969726	-420.000000	0.000000	77.000000	3149.040672	1149.857631	2007.984383	0.000000	0	440.861872	14.011445	50.431881	1.911720	-446.064260	41.992784	6.650707	-420.430463	44.631439	0.000000	-420.000000	0	27.400145	0.143145	0.077363	46.212333	4.281213	-433.247361	1.580894	4.281213	13.247361	6.650707	0.430463	9.064260	0	1	0	1	0
rhh	6	65.000000	103	1	49	8.000000	25.000000	0.730821	1.729899	3149.140760	-420.000000	0.000000	78.000000	3195.948654	1149.857631	2007.984383	0.000000	0	441.070489	13.993857	50.324273	2.060477	-446.109388	41.624870	6.827126	-420.293388	44.631439	0.000000	-420.000000	0	27.656219	0.256074	0.017588	45.974571	4.443801	-433.201388	1.343132	4.443801	13.201388	6.827126	0.293388	9.109388	0	1	0	1	0
rhh	6	65.000000	103	1	49	8.000000	25.000000	0.730821	1.729899	3196.048742	-420.000000	0.000000	79.000000	3243.098729	1149.857631	2007.984383	0.000000	0	440.945116	13.992250	50.489081	1.995306	-446.054244	41.715969	6.692210	-420.384421	44.631439	0.000000	-420.000000	0	27.531223	0.124996	0.001606	46.102525	4.343758	-433.219332	1.471086	4.343758	13.219332	6.692210	0.384421	9.054244	0	1	0	1	0
rhh	6	65.000000	103	1	49	8.000000	25.000000	0.730821	1.729899	3243.203095	-420.000000	0.000000	80.000000	3289.986608	1149.857631	2007.984383	0.000000	0	441.216758	14.051331	50.187346	2.251481	-446.130693	41.575141	6.872523	-420.331811	44.631439	0.000000	-420.000000	0	27.588157	0.056934	0.059080	45.881244	4.562002	-433.231252	1.249805	4.562002	13.231252	6.872523	0.331811	9.130693	0	1	0	1	0
rhh	6	65.000000	103	1	49	8.000000	25.000000	0.730821	1.729899	3290.092256	-420.000000	0.000000	81.000000	3337.140960	1149.857631	2007.984383	0.000000	0	441.073600	14.013064	50.466444	2.090894	-446.056109	41.537053	6.816217	-420.375240	44.631439	0.000000	-420.000000	0	27.596553	0.008397	0.038267	46.001748	4.453555	-433.215674	1.370309	4.453555	13.215674	6.816217	0.375240	9.056109	0	1	0	1	0
rhh	6	65.000000	103	1	49	8.000000	25.000000	0.730821	1.729899	3337.241904	-420.000000	0.000000	82.000000	3384.162290	1149.857631	2007.984383	0.000000	0	441.078027	14.026252	50.420950	2.107368	-446.063805	41.597506	6.805449	-420.392034	44.631439	0.000000	-420.000000	0	27.549319	0.047235	0.013188	46.009228	4.456408	-433.227920	1.377789	4.456408	13.227920	6.805449	0.392034	9.063805	0	1	0	1	0
rhh	6	65.000000	103	1	49	8.000000	25.000000	0.730821	1.729899	3384.262378	-420.000000	0.000000	83.000000	3431.280286	1149.857631	2007.984383	0.000000	0	441.128434	14.067141	50.332390	2.131417	-446.090815	41.641197	6.847968	-420.433900	44.631439	0.000000	-420.000000	0	27.496545	0.052774	0.040889	45.986793	4.489692	-433.262358	1.355354	4.489692	13.262358	6.847968	0.433900	9.090815	0	1	0	1	0
rhh	6	65.000000	103	1	49	8.000000	25.000000	0.730821	1.729899	3431.380374	-420.000000	0.000000	84.000000	3466.252969	1149.857631	2007.984383	3466.248692	0	441.134354	14.030117	  50.273010    2.196969 -446.036095	  41.588337    6.775188 -420.423782	44.631439	0.000000	-420.000000	0	27.429441	0.067104	0.037024	0
