subjName	sessionNR	IOD	trialN	textureType	texnum	visualAngle	simulatedDepth	light_intensity	ambient_intensity	time	displayDistance	isRotated	frameN	timTote	startTime	touchTime	endTime	fingersOccluded	distanceToHome	distanceToObject	indexXraw	indexYraw	indexZraw	thumbXraw	thumbYraw	thumbZraw	targetX	targetY	targetZ	failCause	gripAperture	gripApertureVel	distFromObjVel	gripOriginX	gripOriginY	gripOriginZ	distFromObjX	distFromObjY	distFromObjZ	y_dist_thm	z_dist_thm	z_dist_ind	handOnObj	handnearObj	handfarObj	handTouchObj	framesOccluded
rhh	5	65.000000	84	2	32	8.000000	45.000000	0.538034	2.475648	885.074418	-420.000000	0.000000	30.000000	932.457177	0.000000	0.000000	0.000000	0	2.241723	431.702910	218.720353	-351.872617	-253.654541	221.049866	-358.764643	-243.296342	44.684082	0.000000	-420.000000	0	12.657762	0.155656	0.039621	219.885109	-355.318630	-248.475442	175.201027	355.318630	171.524558	358.764643	176.703658	203.345459	0	0	1	0	0
rhh	5	65.000000	84	2	32	8.000000	45.000000	0.538034	2.475648	932.651793	-420.000000	0.000000	31.000000	979.511869	0.000000	0.000000	0.000000	0	2.285561	431.758621	218.806939	-351.903315	-253.647671	221.080059	-358.794845	-243.268229	44.684082	0.000000	-420.000000	0	12.664639	0.006877	0.055711	219.943499	-355.349080	-248.457950	175.259417	355.349080	171.542050	358.794845	176.731771	203.352329	0	0	1	0	0
rhh	5	65.000000	84	2	32	8.000000	45.000000	0.538034	2.475648	979.613241	-420.000000	0.000000	32.000000	1026.287256	0.000000	0.000000	0.000000	0	2.343729	431.788419	218.802289	-351.867709	-253.633481	221.209337	-358.822120	-243.242510	44.684082	0.000000	-420.000000	0	12.733027	0.068389	0.029798	220.005813	-355.344914	-248.437996	175.321731	355.344914	171.562004	358.822120	176.757490	203.366519	0	0	1	0	0
rhh	5	65.000000	84	2	32	8.000000	45.000000	0.538034	2.475648	1026.387771	-420.000000	0.000000	33.000000	1073.364190	0.000000	0.000000	0.000000	0	2.201669	431.653631	218.555675	-351.794393	-253.659570	221.053096	-358.792488	-243.270130	44.684082	0.000000	-420.000000	0	12.773054	0.040027	0.134788	219.804386	-355.293441	-248.464850	175.120304	355.293441	171.535150	358.792488	176.729870	203.340430	0	0	1	0	0
rhh	5	65.000000	84	2	32	8.000000	45.000000	0.538034	2.475648	1073.460000	-420.000000	0.000000	34.000000	1120.576285	0.000000	0.000000	0.000000	0	2.286301	431.759056	218.696660	-351.876503	-253.677317	221.176156	-358.821475	-243.221528	44.684082	0.000000	-420.000000	0	12.794689	0.021635	0.105425	219.936408	-355.348989	-248.449423	175.252326	355.348989	171.550577	358.821475	176.778472	203.322683	0	0	1	0	0
rhh	5	65.000000	84	2	32	8.000000	45.000000	0.538034	2.475648	1120.675946	-420.000000	0.000000	35.000000	1167.874354	0.000000	0.000000	0.000000	0	2.234653	431.706497	218.831251	-351.874878	-253.651243	220.942698	-358.778135	-243.318029	44.684082	0.000000	-420.000000	0	12.605097	0.189591	0.052559	219.886975	-355.326507	-248.484636	175.202893	355.326507	171.515364	358.778135	176.681971	203.348757	0	0	1	0	0
rhh	5	65.000000	84	2	32	8.000000	45.000000	0.538034	2.475648	1167.970165	-420.000000	0.000000	36.000000	1214.311408	0.000000	0.000000	0.000000	0	2.313498	431.799450	218.854597	-351.902229	-253.654433	221.127897	-358.846918	-243.259131	44.684082	0.000000	-420.000000	0	12.706648	0.101551	0.092953	219.991247	-355.374574	-248.456782	175.307165	355.374574	171.543218	358.846918	176.740869	203.345567	0	0	1	0	0
rhh	5	65.000000	84	2	32	8.000000	45.000000	0.538034	2.475648	1214.407647	-420.000000	0.000000	37.000000	1262.208295	0.000000	0.000000	0.000000	0	2.207214	431.735858	218.759323	-351.898366	-253.702297	221.040789	-358.847914	-243.339135	44.684082	0.000000	-420.000000	0	12.684496	0.022152	0.063592	219.900056	-355.373140	-248.520716	175.215974	355.373140	171.479284	358.847914	176.660865	203.297703	0	0	1	0	0
rhh	5	65.000000	84	2	32	8.000000	45.000000	0.538034	2.475648	1262.304106	-420.000000	0.000000	38.000000	1309.267265	0.000000	0.000000	0.000000	0	2.332043	431.832971	219.052376	-351.971535	-253.727169	221.202829	-358.839426	-243.424580	44.684082	0.000000	-420.000000	0	12.567247	0.117248	0.097114	220.127603	-355.405480	-248.575875	175.443521	355.405480	171.424125	358.839426	176.575420	203.272831	0	0	1	0	0
rhh	5	65.000000	84	2	32	8.000000	45.000000	0.538034	2.475648	1309.413975	-420.000000	0.000000	39.000000	1356.093123	0.000000	0.000000	0.000000	0	2.465562	431.970281	219.296976	-352.077750	-253.918019	221.522307	-358.916312	-243.499361	44.684082	0.000000	-420.000000	0	12.659639	0.092392	0.137310	220.409641	-355.497031	-248.708690	175.725559	355.497031	171.291310	358.916312	176.500639	203.081981	0	0	1	0	0
rhh	5	65.000000	84	2	32	8.000000	45.000000	0.538034	2.475648	1356.192783	-420.000000	0.000000	40.000000	1403.285116	0.000000	0.000000	0.000000	0	2.194834	431.485010	219.126388	-351.956678	-254.865591	221.674458	-358.676839	-244.235111	44.684082	0.000000	-420.000000	0	12.832004	0.172365	0.485271	220.400423	-355.316758	-249.550351	175.716341	355.316758	170.449649	358.676839	175.764889	202.134409	0	0	1	0	0
rhh	5	65.000000	84	2	32	8.000000	45.000000	0.538034	2.475648	1403.384776	-420.000000	0.000000	41.000000	1450.778656	0.000000	0.000000	0.000000	0	4.593339	428.971598	219.933998	-351.571474	-258.085453	222.161983	-355.334326	-247.349447	44.684082	0.000000	-420.000000	0	11.592446	1.239558	2.513412	221.047990	-353.452900	-252.717450	176.363908	353.452900	167.282550	355.334326	172.650553	198.914547	0	0	1	0	0
rhh	5	65.000000	84	2	32	8.000000	45.000000	0.538034	2.475648	1450.874467	-420.000000	0.000000	42.000000	1497.995884	1486.243653	0.000000	0.000000	0	14.839044	419.667880	220.653559	-345.187942	-266.153476	222.076929	-345.556600	-253.703484	44.684082	0.000000	-420.000000	0	12.536514	0.944068	9.303717	221.365244	-345.372271	-259.928480	176.681162	345.372271	160.071520	345.556600	166.296516	190.846524	0	0	1	0	0
rhh	5	65.000000	84	2	32	8.000000	45.000000	0.538034	2.475648	1498.098111	-420.000000	0.000000	43.000000	1556.738649	1486.243653	0.000000	0.000000	0	43.654653	392.494494	219.838382	-321.397749	-283.787593	218.542870	-319.423108	-266.823039	44.684082	0.000000	-420.000000	0	17.128154	4.591640	27.173386	219.190626	-320.410428	-275.305316	174.506544	320.410428	144.694684	319.423108	153.176961	173.212407	0	0	1	0	0
rhh	5	65.000000	84	2	32	8.000000	45.000000	0.538034	2.475648	1556.840876	-420.000000	0.000000	44.000000	1603.920376	1486.243653	0.000000	0.000000	0	78.780879	358.465571	214.708415	-292.090709	-305.573098	209.971327	-288.629597	-280.812364	44.684082	0.000000	-420.000000	0	25.446282	8.318128	34.028923	212.339871	-290.360153	-293.192731	167.655789	290.360153	126.807269	288.629597	139.187636	151.426902	0	0	1	0	0
rhh	5	65.000000	84	2	32	8.000000	45.000000	0.538034	2.475648	1604.017042	-420.000000	0.000000	45.000000	1651.182088	1486.243653	0.000000	0.000000	0	120.029072	318.439021	206.902692	-256.198582	-329.141124	197.888033	-254.244635	-297.387639	44.684082	0.000000	-420.000000	0	33.066082	7.619800	40.026550	202.395363	-255.221609	-313.264381	157.711281	255.221609	106.735619	254.244635	122.612361	127.858876	0	0	1	0	0
rhh	5	65.000000	84	2	32	8.000000	45.000000	0.538034	2.475648	1651.283887	-420.000000	0.000000	46.000000	1697.833434	1486.243653	0.000000	0.000000	0	163.354547	275.920689	194.519943	-217.190189	-348.555314	185.370068	-217.220970	-314.207819	44.684082	0.000000	-420.000000	0	35.545345	2.479264	42.518332	189.945006	-217.205579	-331.381566	145.260924	217.205579	88.618434	217.220970	105.792181	108.444686	0	0	1	0	0
rhh	5	65.000000	84	2	32	8.000000	45.000000	0.538034	2.475648	1697.931383	-420.000000	0.000000	47.000000	1744.820973	1486.243653	0.000000	0.000000	0	207.602915	232.830986	181.098429	-178.706685	-370.182194	170.061173	-181.069512	-332.459139	44.684082	0.000000	-420.000000	0	39.375536	3.830191	43.089703	175.579801	-179.888098	-351.320666	130.895719	179.888098	68.679334	181.069512	87.540861	86.817806	0	0	0	0	0
rhh	5	65.000000	84	2	32	8.000000	45.000000	0.538034	2.475648	1744.916784	-420.000000	0.000000	48.000000	1792.110059	1486.243653	0.000000	0.000000	0	251.218632	191.211411	167.553710	-142.011102	-391.259209	154.905927	-145.191705	-351.631945	44.684082	0.000000	-420.000000	0	41.718135	2.342598	41.619575	161.229818	-143.601404	-371.445577	116.545736	143.601404	48.554423	145.191705	68.368055	65.740791	0	0	0	0	0
rhh	5	65.000000	84	2	32	8.000000	45.000000	0.538034	2.475648	1792.314085	-420.000000	0.000000	49.000000	1839.160902	1486.243653	0.000000	0.000000	0	292.628760	152.876592	153.575941	-107.833321	-412.262330	140.884504	-111.393241	-369.755951	44.684082	0.000000	-420.000000	0	44.503235	2.785100	38.334820	147.230223	-109.613281	-391.009140	102.546141	109.613281	28.990860	111.393241	50.244049	44.737670	0	0	0	0	0
rhh	5	65.000000	84	2	32	8.000000	45.000000	0.538034	2.475648	1839.262273	-420.000000	0.000000	50.000000	1885.920890	1486.243653	0.000000	0.000000	0	330.291317	118.484902	139.481414	-77.144416	-431.218174	125.151081	-80.430179	-384.137369	44.684082	0.000000	-420.000000	0	49.322985	4.819751	34.391690	132.316247	-78.787297	-407.677771	87.632165	78.787297	12.322229	80.430179	35.862631	25.781826	0	0	0	0	0
rhh	5	65.000000	84	2	32	8.000000	45.000000	0.538034	2.475648	1886.021406	-420.000000	0.000000	51.000000	1933.076098	1486.243653	0.000000	0.000000	0	362.699933	88.714325	123.559620	-50.696858	-446.600391	108.768824	-54.386811	-394.240066	44.684082	0.000000	-420.000000	0	54.534274	5.211289	29.770577	116.164222	-52.541835	-420.420229	71.480140	52.541835	0.420229	54.386811	25.759934	10.399609	0	0	0	0	0
rhh	5	65.000000	84	2	32	8.000000	45.000000	0.538034	2.475648	1933.177042	-420.000000	0.000000	52.000000	1979.930614	1486.243653	0.000000	0.000000	0	388.964540	62.301586	105.814415	-29.368370	-455.787186	90.304301	-33.240173	-398.719381	44.684082	0.000000	-420.000000	0	59.264567	4.730292	26.412739	98.059358	-31.304272	-427.253284	53.375276	31.304272	7.253284	33.240173	21.280619	1.212814	0	0	0	0	0
rhh	5	65.000000	84	2	32	8.000000	45.000000	0.538034	2.475648	1980.026425	-420.000000	0.000000	53.000000	2026.872386	1486.243653	0.000000	0.000000	0	410.395466	41.169052	88.147783	-13.053405	-462.249454	74.368198	-16.190903	-401.703219	44.684082	0.000000	-420.000000	0	62.173688	2.909122	21.132534	81.257991	-14.622154	-431.976337	36.573909	14.622154	11.976337	16.190903	18.296781	5.249454	0	1	0	0	0
rhh	5	65.000000	84	2	32	8.000000	45.000000	0.538034	2.475648	2026.969053	-420.000000	0.000000	54.000000	2073.839822	1486.243653	0.000000	0.000000	0	426.543179	26.600178	72.717544	-1.506066	-465.081228	60.137099	-4.391681	-404.992358	44.684082	0.000000	-420.000000	0	61.459472	0.714216	14.568874	66.427321	-2.948873	-435.036793	21.743239	2.948873	15.036793	4.391681	15.007642	8.081228	0	1	0	0	0
rhh	5	65.000000	84	2	32	8.000000	45.000000	0.538034	2.475648	2073.935633	-420.000000	0.000000	55.000000	2120.951830	1486.243653	2109.099083	0.000000	0	436.573823	17.267995	57.909817	4.346501	-461.202399	49.109652	3.286679	-407.483844	44.684082	0.000000	-420.000000	0	54.444919	7.014552	9.332183	53.509735	3.816590	-434.343121	8.825653	3.816590	14.343121	3.286679	12.516156	4.202399	0	1	0	1	0
rhh	5	65.000000	84	2	32	8.000000	45.000000	0.538034	2.475648	2121.048924	-420.000000	0.000000	56.000000	2167.843558	1486.243653	2109.099083	0.000000	0	443.031433	20.302685	55.647126	8.636224	-462.993776	43.661479	7.399831	-412.962150	44.684082	0.000000	-420.000000	0	51.462103	2.982816	3.034690	49.654302	8.018028	-437.977963	4.970220	8.018028	17.977963	7.399831	7.037850	5.993776	1	1	0	1	0
rhh	5	65.000000	84	2	32	8.000000	45.000000	0.538034	2.475648	2167.944929	-420.000000	0.000000	57.000000	2214.432028	1486.243653	2109.099083	0.000000	0	445.244652	24.671095	56.282214	8.991054	-462.939176	44.086376	8.260982	-421.960820	44.684082	0.000000	-420.000000	0	42.760930	8.701173	4.368410	50.184295	8.626018	-442.449998	5.500213	8.626018	22.449998	8.260982	1.960820	5.939176	0	1	0	1	0
rhh	5	65.000000	84	2	32	8.000000	45.000000	0.538034	2.475648	2214.527411	-420.000000	0.000000	58.000000	2261.370378	1486.243653	2109.099083	0.000000	0	445.988395	25.433310	56.355058	8.990898	-462.800471	43.901150	9.350481	-423.378067	44.684082	0.000000	-420.000000	0	41.344348	1.416582	0.762215	50.128104	9.170690	-443.089269	5.444022	9.170690	23.089269	9.350481	3.378067	5.800471	0	1	0	1	0
rhh	5	65.000000	84	2	32	8.000000	45.000000	0.538034	2.475648	2261.503401	-420.000000	0.000000	59.000000	2308.659892	1486.243653	2109.099083	0.000000	0	446.929127	25.640524	55.177342	9.498519	-462.793183	43.346800	10.196046	-423.661504	44.684082	0.000000	-420.000000	0	40.886876	0.457472	0.207213	49.262071	9.847283	-443.227344	4.577989	9.847283	23.227344	10.196046	3.661504	5.793183	0	1	0	1	0
rhh	5	65.000000	84	2	32	8.000000	45.000000	0.538034	2.475648	2308.760408	-420.000000	0.000000	60.000000	2355.652564	1486.243653	2109.099083	0.000000	0	446.350559	25.618172	56.003823	8.960918	-462.679336	43.814252	9.906129	-423.796430	44.684082	0.000000	-420.000000	0	40.759777	0.127099	0.022352	49.909037	9.433523	-443.237883	5.224955	9.433523	23.237883	9.906129	3.796430	5.679336	0	1	0	1	0
rhh	5	65.000000	84	2	32	8.000000	45.000000	0.538034	2.475648	2355.747947	-420.000000	0.000000	61.000000	2402.820604	1486.243653	2109.099083	0.000000	0	446.102337	25.323503	56.175048	8.732485	-462.421910	43.466020	9.669604	-423.631861	44.684082	0.000000	-420.000000	0	40.829713	0.069936	0.294669	49.820534	9.201045	-443.026886	5.136452	9.201045	23.026886	9.669604	3.631861	5.421910	0	1	0	1	0
rhh	5	65.000000	84	2	32	8.000000	45.000000	0.538034	2.475648	2402.920692	-420.000000	0.000000	62.000000	2449.638335	1486.243653	2109.099083	0.000000	0	446.044775	25.177950	55.797726	8.771169	-462.372152	43.356007	9.310801	-423.595245	44.684082	0.000000	-420.000000	0	40.727584	0.102129	0.145554	49.576866	9.040985	-442.983698	4.892784	9.040985	22.983698	9.310801	3.595245	5.372152	0	1	0	1	0
rhh	5	65.000000	84	2	32	8.000000	45.000000	0.538034	2.475648	2449.738851	-420.000000	0.000000	63.000000	2496.823057	1486.243653	2109.099083	0.000000	0	445.677394	25.169285	56.132860	8.496282	-462.331253	43.664459	8.937674	-423.725903	44.684082	0.000000	-420.000000	0	40.571281	0.156303	0.008664	49.898660	8.716978	-443.028578	5.214577	8.716978	23.028578	8.937674	3.725903	5.331253	0	1	0	1	0
rhh	5	65.000000	84	2	32	8.000000	45.000000	0.538034	2.475648	2496.918867	-420.000000	0.000000	64.000000	2543.719490	1486.243653	2109.099083	0.000000	0	445.683685	25.068064	55.630559	8.493925	-462.369700	43.640427	8.724556	-423.663869	44.684082	0.000000	-420.000000	0	40.521078	0.050203	0.101221	49.635493	8.609241	-443.016784	4.951411	8.609241	23.016784	8.724556	3.663869	5.369700	0	1	0	1	0
rhh	5	65.000000	84	2	32	8.000000	45.000000	0.538034	2.475648	2543.816584	-420.000000	0.000000	65.000000	2590.889240	1486.243653	2109.099083	0.000000	0	445.542004	24.994755	55.687040	8.398596	-462.250514	43.729367	8.598362	-423.674287	44.684082	0.000000	-420.000000	0	40.387512	0.133566	0.073310	49.708204	8.498479	-442.962400	5.024122	8.498479	22.962400	8.598362	3.674287	5.250514	0	1	0	1	0
rhh	5	65.000000	84	2	32	8.000000	45.000000	0.538034	2.475648	2590.985907	-420.000000	0.000000	66.000000	2638.047443	1486.243653	2109.099083	0.000000	0	445.498659	24.979547	55.439455	8.484567	-462.202465	44.001965	8.420441	-423.717697	44.684082	0.000000	-420.000000	0	40.148445	0.239067	0.015208	49.720710	8.452504	-442.960081	5.036628	8.452504	22.960081	8.420441	3.717697	5.202465	0	1	0	1	0
rhh	5	65.000000	84	2	32	8.000000	45.000000	0.538034	2.475648	2638.143681	-420.000000	0.000000	67.000000	2685.150468	1486.243653	2109.099083	0.000000	0	445.330137	24.961972	55.622184	8.362990	-462.152789	44.091893	8.252493	-423.774195	44.684082	0.000000	-420.000000	0	40.073387	0.075058	0.017575	49.857038	8.307742	-442.963492	5.172956	8.307742	22.963492	8.252493	3.774195	5.152789	0	1	0	1	0
rhh	5	65.000000	84	2	32	8.000000	45.000000	0.538034	2.475648	2685.250984	-420.000000	0.000000	68.000000	2731.851002	1486.243653	2109.099083	0.000000	0	445.360626	24.948607	55.744814	8.227862	-462.250639	43.862418	8.422057	-423.658767	44.684082	0.000000	-420.000000	0	40.380214	0.306827	0.013365	49.803616	8.324960	-442.954703	5.119534	8.324960	22.954703	8.422057	3.658767	5.250639	0	1	0	1	0
rhh	5	65.000000	84	2	32	8.000000	45.000000	0.538034	2.475648	2731.951090	-420.000000	0.000000	69.000000	2779.353525	1486.243653	2109.099083	0.000000	0	445.356952	24.968431	55.672297	8.383884	-462.120260	44.071867	8.325231	-423.780005	44.684082	0.000000	-420.000000	0	40.056816	0.323398	0.019825	49.872082	8.354558	-442.950133	5.188000	8.354558	22.950133	8.325231	3.780005	5.120260	0	1	0	1	0
rhh	5	65.000000	84	2	32	8.000000	45.000000	0.538034	2.475648	2779.568244	-420.000000	0.000000	70.000000	2826.129766	1486.243653	2109.099083	0.000000	0	445.399234	24.942288	55.622434	8.392793	-462.079447	44.044117	8.425889	-423.741357	44.684082	0.000000	-420.000000	0	40.048316	0.008500	0.026143	49.833275	8.409341	-442.910402	5.149193	8.409341	22.910402	8.425889	3.741357	5.079447	0	1	0	1	0
rhh	5	65.000000	84	2	32	8.000000	45.000000	0.538034	2.475648	2826.229855	-420.000000	0.000000	71.000000	2873.520224	1486.243653	2109.099083	0.000000	0	445.205418	24.909868	55.737747	8.163554	-462.199100	44.035611	8.192015	-423.694618	44.684082	0.000000	-420.000000	0	40.243459	0.195142	0.032420	49.886679	8.177785	-442.946859	5.202597	8.177785	22.946859	8.192015	3.694618	5.199100	0	1	0	1	0
rhh	5	65.000000	84	2	32	8.000000	45.000000	0.538034	2.475648	2873.616035	-420.000000	0.000000	72.000000	2920.409814	1486.243653	2109.099083	0.000000	0	445.071541	24.858440	55.791515	8.037189	-462.200572	44.038168	8.028736	-423.671106	44.684082	0.000000	-420.000000	0	40.282266	0.038807	0.051427	49.914841	8.032963	-442.935839	5.230759	8.032963	22.935839	8.028736	3.671106	5.200572	0	1	0	1	0
rhh	5	65.000000	84	2	32	8.000000	45.000000	0.538034	2.475648	2920.505625	-420.000000	0.000000	73.000000	2967.713016	1486.243653	2109.099083	0.000000	0	444.949086	24.829742	55.812758	7.881017	-462.199597	44.112714	7.926810	-423.677633	44.684082	0.000000	-420.000000	0	40.259593	0.022673	0.028698	49.962736	7.903913	-442.938615	5.278654	7.903913	22.938615	7.926810	3.677633	5.199597	1	1	0	1	0
rhh	5	65.000000	84	2	32	8.000000	45.000000	0.538034	2.475648	2967.814815	-420.000000	0.000000	74.000000	3014.360084	1486.243653	2109.099083	0.000000	0	444.877668	24.834395	55.981689	7.724850	-462.186748	44.095113	7.971240	-423.703846	44.684082	0.000000	-420.000000	0	40.277601	0.018008	0.004653	50.038401	7.848045	-442.945297	5.354319	7.848045	22.945297	7.971240	3.703846	5.186748	1	1	0	1	0
rhh	5	65.000000	84	2	32	8.000000	45.000000	0.538034	2.475648	3014.457606	-420.000000	0.000000	75.000000	3061.678684	1486.243653	2109.099083	0.000000	0	444.713227	24.813607	56.206745	7.556138	-462.178954	44.127693	7.863332	-423.699594	44.684082	0.000000	-420.000000	0	40.331861	0.054260	0.020788	50.167219	7.709735	-442.939274	5.483137	7.709735	22.939274	7.863332	3.699594	5.178954	1	1	0	1	0
rhh	5	65.000000	84	2	32	8.000000	45.000000	0.538034	2.475648	3061.780055	-420.000000	0.000000	76.000000	3108.776149	1486.243653	2109.099083	0.000000	0	444.697293	24.782648	56.161976	7.564561	-462.083242	44.168586	7.847954	-423.731588	44.684082	0.000000	-420.000000	0	40.184214	0.147646	0.030959	50.165281	7.706258	-442.907415	5.481199	7.706258	22.907415	7.847954	3.731588	5.083242	1	1	0	1	0
rhh	5	65.000000	84	2	32	8.000000	45.000000	0.538034	2.475648	3108.876237	-420.000000	0.000000	77.000000	3155.859498	1486.243653	2109.099083	0.000000	0	444.430369	24.772704	56.383630	7.390872	-462.048850	44.348954	7.532075	-423.808571	44.684082	0.000000	-420.000000	0	40.089554	0.094660	0.009944	50.366292	7.461473	-442.928711	5.682210	7.461473	22.928711	7.532075	3.808571	5.048850	1	1	0	1	0
rhh	5	65.000000	84	2	32	8.000000	45.000000	0.538034	2.475648	3155.955737	-420.000000	0.000000	78.000000	3202.903497	1486.243653	2109.099083	0.000000	0	444.359604	24.708621	56.379843	7.340036	-461.980841	44.349538	7.460311	-423.778707	44.684082	0.000000	-420.000000	0	40.051788	0.037766	0.064083	50.364691	7.400174	-442.879774	5.680609	7.400174	22.879774	7.460311	3.778707	4.980841	1	1	0	1	0
rhh	5	65.000000	84	2	32	8.000000	45.000000	0.538034	2.475648	3203.003586	-420.000000	0.000000	79.000000	3250.091213	1486.243653	2109.099083	0.000000	0	444.070578	24.626884	56.770698	7.066350	-461.829759	44.401249	7.313660	-423.775281	44.684082	0.000000	-420.000000	0	40.015094	0.036694	0.081737	50.585974	7.190005	-442.802520	5.901892	7.190005	22.802520	7.313660	3.775281	4.829759	1	1	0	1	0
rhh	5	65.000000	84	2	32	8.000000	45.000000	0.538034	2.475648	3250.251610	-420.000000	0.000000	80.000000	3285.263645	1486.243653	2109.099083	3285.259367	0	444.085176	24.720235	  56.185745    6.988226 -462.140742	  44.550874    6.995708 -423.898023	44.684082	0.000000	-420.000000	0	39.973439	0.041655	0.093351	0
