subjName	sessionNR	IOD	trialN	textureType	texnum	visualAngle	simulatedDepth	light_intensity	ambient_intensity	time	displayDistance	isRotated	frameN	timTote	startTime	touchTime	endTime	fingersOccluded	distanceToHome	distanceToObject	indexXraw	indexYraw	indexZraw	thumbXraw	thumbYraw	thumbZraw	targetX	targetY	targetZ	failCause	gripAperture	gripApertureVel	distFromObjVel	gripOriginX	gripOriginY	gripOriginZ	distFromObjX	distFromObjY	distFromObjZ	y_dist_thm	z_dist_thm	z_dist_ind	handOnObj	handnearObj	handfarObj	handTouchObj	framesOccluded
rhh	2	65.000000	22	3	6	8.000000	25.000000	0.242766	3.243480	879.408568	-420.000000	0.000000	30.000000	926.247659	0.000000	0.000000	0.000000	0	2.521995	433.451435	223.767179	-353.985721	-255.576309	227.550064	-358.891118	-246.935633	45.777405	0.000000	-420.000000	0	10.631765	0.090864	0.013505	225.658621	-356.438420	-251.255971	179.881217	356.438420	168.744029	358.891118	173.064367	181.423691	0	0	1	0	0
rhh	2	65.000000	22	3	6	8.000000	25.000000	0.242766	3.243480	926.436716	-420.000000	0.000000	31.000000	973.755720	0.000000	0.000000	0.000000	0	2.467731	433.400825	223.781565	-354.010623	-255.599789	227.428594	-358.862886	-247.050998	45.777405	0.000000	-420.000000	0	10.484613	0.147152	0.050609	225.605079	-356.436755	-251.325393	179.827674	356.436755	168.674607	358.862886	172.949002	181.400211	0	0	1	0	0
rhh	2	65.000000	22	3	6	8.000000	25.000000	0.242766	3.243480	973.861370	-420.000000	0.000000	32.000000	1020.712865	0.000000	0.000000	0.000000	0	2.387378	433.380822	223.580599	-353.985302	-255.624067	227.465921	-358.896773	-246.973197	45.777405	0.000000	-420.000000	0	10.679693	0.195080	0.020003	225.523260	-356.441037	-251.298632	179.745855	356.441037	168.701368	358.896773	173.026803	181.375933	0	0	1	0	0
rhh	2	65.000000	22	3	6	8.000000	25.000000	0.242766	3.243480	1020.812954	-420.000000	0.000000	33.000000	1067.312854	0.000000	0.000000	0.000000	0	2.506623	433.463264	223.755743	-354.012845	-255.613369	227.522956	-358.923391	-246.922185	45.777405	0.000000	-420.000000	0	10.669678	0.010015	0.082442	225.639349	-356.468118	-251.267777	179.861945	356.468118	168.732223	358.923391	173.077815	181.386631	0	0	1	0	0
rhh	2	65.000000	22	3	6	8.000000	25.000000	0.242766	3.243480	1067.414226	-420.000000	0.000000	34.000000	1114.997141	0.000000	0.000000	0.000000	0	2.464515	433.437929	223.735262	-353.965934	-255.541536	227.464588	-358.898827	-246.889167	45.777405	0.000000	-420.000000	0	10.635074	0.034604	0.025336	225.599925	-356.432381	-251.215352	179.822520	356.432381	168.784648	358.898827	173.110833	181.458464	0	0	1	0	0
rhh	2	65.000000	22	3	6	8.000000	25.000000	0.242766	3.243480	1115.097230	-420.000000	0.000000	35.000000	1162.037692	0.000000	0.000000	0.000000	0	2.334861	433.276362	223.706489	-353.716934	-255.331135	227.235509	-358.695823	-246.700617	45.777405	0.000000	-420.000000	0	10.570202	0.064873	0.161567	225.470999	-356.206379	-251.015876	179.693594	356.206379	168.984124	358.695823	173.299383	181.668865	0	0	1	0	0
rhh	2	65.000000	22	3	6	8.000000	25.000000	0.242766	3.243480	1162.137782	-420.000000	0.000000	36.000000	1209.670652	0.000000	0.000000	0.000000	0	2.865083	431.768999	223.771205	-352.011706	-256.029842	227.337222	-357.086536	-246.926020	45.777405	0.000000	-420.000000	0	11.015895	0.445694	1.507364	225.554214	-354.549121	-251.477931	179.776809	354.549121	168.522069	357.086536	173.073980	180.970158	0	0	1	0	0
rhh	2	65.000000	22	3	6	8.000000	25.000000	0.242766	3.243480	1209.775018	-420.000000	0.000000	37.000000	1256.877591	1245.144507	0.000000	0.000000	0	11.049829	423.664366	225.322704	-344.418774	-263.512910	226.759065	-349.232513	-249.632100	45.777405	0.000000	-420.000000	0	14.761846	3.745950	8.104633	226.040884	-346.825643	-256.572505	180.263480	346.825643	163.427495	349.232513	170.367900	173.487090	0	0	1	0	0
rhh	2	65.000000	22	3	6	8.000000	25.000000	0.242766	3.243480	1256.984096	-420.000000	0.000000	38.000000	1315.584501	1245.144507	0.000000	0.000000	0	37.189950	398.883857	225.148727	-322.153846	-279.638816	222.643168	-324.494149	-258.078478	45.777405	0.000000	-420.000000	0	21.831239	7.069394	24.780509	223.895948	-323.323998	-268.858647	178.118543	323.323998	151.141353	324.494149	161.921522	157.361184	0	0	1	0	0
rhh	2	65.000000	22	3	6	8.000000	25.000000	0.242766	3.243480	1315.738056	-420.000000	0.000000	39.000000	1362.733268	1245.144507	0.000000	0.000000	0	67.515621	369.356626	221.005116	-295.161889	-294.887365	215.002484	-296.804766	-268.300384	45.777405	0.000000	-420.000000	0	27.305644	5.474405	29.527231	218.003800	-295.983328	-281.593875	172.226395	295.983328	138.406125	296.804766	151.699616	142.112635	0	0	1	0	0
rhh	2	65.000000	22	3	6	8.000000	25.000000	0.242766	3.243480	1362.838490	-420.000000	0.000000	40.000000	1409.620693	1245.144507	0.000000	0.000000	0	104.352085	333.146492	212.605144	-262.541813	-312.126862	204.229246	-264.235605	-281.610903	45.777405	0.000000	-420.000000	0	31.689877	4.384233	36.210133	208.417195	-263.388709	-296.868883	162.639790	263.388709	123.131117	264.235605	138.389097	124.873138	0	0	1	0	0
rhh	2	65.000000	22	3	6	8.000000	25.000000	0.242766	3.243480	1409.726342	-420.000000	0.000000	41.000000	1456.660389	1245.144507	0.000000	0.000000	0	145.795639	292.046413	200.497534	-226.255602	-330.861518	189.764423	-228.031599	-295.686829	45.777405	0.000000	-420.000000	0	36.818645	5.128767	41.100079	195.130978	-227.143601	-313.274174	149.353574	227.143601	106.725826	228.031599	124.313171	106.138482	0	0	1	0	0
rhh	2	65.000000	22	3	6	8.000000	25.000000	0.242766	3.243480	1456.766039	-420.000000	0.000000	42.000000	1503.918656	1245.144507	0.000000	0.000000	0	187.500631	250.594043	186.153627	-189.623395	-348.246971	174.058211	-192.934394	-311.025509	45.777405	0.000000	-420.000000	0	39.277207	2.458562	41.452370	180.105919	-191.278894	-329.636240	134.328514	191.278894	90.363760	192.934394	108.974491	88.753029	0	0	1	0	0
rhh	2	65.000000	22	3	6	8.000000	25.000000	0.242766	3.243480	1504.019173	-420.000000	0.000000	43.000000	1550.501108	1245.144507	0.000000	0.000000	0	229.536625	208.258743	168.082440	-153.749264	-365.460993	155.941274	-157.660383	-324.642186	45.777405	0.000000	-420.000000	0	42.765404	3.488197	42.335299	162.011857	-155.704823	-345.051589	116.234453	155.704823	74.948411	157.660383	95.357814	71.539007	0	0	0	0	0
rhh	2	65.000000	22	3	6	8.000000	25.000000	0.242766	3.243480	1550.602053	-420.000000	0.000000	44.000000	1597.842355	1245.144507	0.000000	0.000000	0	268.532045	168.765544	149.944184	-121.705040	-382.406612	137.045215	-126.711477	-339.179743	45.777405	0.000000	-420.000000	0	45.387332	2.621928	39.493199	143.494699	-124.208259	-360.793178	97.717295	124.208259	59.206822	126.711477	80.820257	54.593388	0	0	0	0	0
rhh	2	65.000000	22	3	6	8.000000	25.000000	0.242766	3.243480	1597.942871	-420.000000	0.000000	45.000000	1645.360682	1245.144507	0.000000	0.000000	0	303.973356	132.756782	132.083804	-94.064336	-399.068446	118.689858	-99.399653	-353.076593	45.777405	0.000000	-420.000000	0	48.198692	2.811360	36.008763	125.386831	-96.731995	-376.072519	79.609426	96.731995	43.927481	99.399653	66.923407	37.931554	0	0	0	0	0
rhh	2	65.000000	22	3	6	8.000000	25.000000	0.242766	3.243480	1645.461626	-420.000000	0.000000	46.000000	1691.670242	1245.144507	0.000000	0.000000	0	335.176533	101.487237	116.814460	-70.549089	-415.475025	102.496312	-75.959988	-366.111435	45.777405	0.000000	-420.000000	0	51.682214	3.483521	31.269544	109.655386	-73.254539	-390.793230	63.877981	73.254539	29.206770	75.959988	53.888565	21.524975	0	0	0	0	0
rhh	2	65.000000	22	3	6	8.000000	25.000000	0.242766	3.243480	1691.771186	-420.000000	0.000000	47.000000	1738.932358	1245.144507	0.000000	0.000000	0	361.300717	75.982962	104.430509	-51.400091	-429.414654	89.359167	-56.134579	-377.752917	45.777405	0.000000	-420.000000	0	54.023104	2.340891	25.504276	96.894838	-53.767335	-403.583785	51.117434	53.767335	16.416215	56.134579	42.247083	7.585346	0	0	0	0	0
rhh	2	65.000000	22	3	6	8.000000	25.000000	0.242766	3.243480	1739.037580	-420.000000	0.000000	48.000000	1785.735092	1245.144507	0.000000	0.000000	0	382.858771	55.766543	94.107302	-36.020516	-441.956470	78.130813	-40.252228	-387.446256	45.777405	0.000000	-420.000000	0	56.960680	2.937576	20.216418	86.119058	-38.136372	-414.701363	40.341653	38.136372	5.298637	40.252228	32.553744	4.956470	0	0	0	0	0
rhh	2	65.000000	22	3	6	8.000000	25.000000	0.242766	3.243480	1785.891641	-420.000000	0.000000	49.000000	1833.194820	1245.144507	0.000000	0.000000	0	399.953718	41.098412	85.598134	-24.493108	-452.121270	68.963778	-27.717842	-395.653026	45.777405	0.000000	-420.000000	0	58.955604	1.994924	14.668131	77.280956	-26.105475	-423.887148	31.503551	26.105475	3.887148	27.717842	24.346974	15.121270	0	1	0	0	0
rhh	2	65.000000	22	3	6	8.000000	25.000000	0.242766	3.243480	1833.298758	-420.000000	0.000000	50.000000	1879.826033	1245.144507	0.000000	0.000000	0	413.369653	31.424635	77.530148	-15.719385	-460.089713	61.235786	-18.897099	-402.775972	45.777405	0.000000	-420.000000	0	59.669665	0.714061	9.673777	69.382967	-17.308242	-431.432842	23.605562	17.308242	11.432842	18.897099	17.224028	23.089713	0	1	0	0	0
rhh	2	65.000000	22	3	6	8.000000	25.000000	0.242766	3.243480	1879.926550	-420.000000	0.000000	51.000000	1926.687366	1245.144507	1914.988928	0.000000	0	423.221947	27.155259	70.510357	-10.870644	-466.103114	54.354410	-12.903882	-409.601941	45.777405	0.000000	-420.000000	0	58.800776	0.868889	4.269376	62.432383	-11.887263	-437.852527	16.654979	11.887263	17.852527	12.903882	10.398059	29.103114	0	1	0	1	0
rhh	2	65.000000	22	3	6	8.000000	25.000000	0.242766	3.243480	1926.788738	-420.000000	0.000000	52.000000	1973.492238	1245.144507	1914.988928	0.000000	0	430.839357	25.345533	63.592907	-6.370375	-468.155842	49.863417	-8.168479	-415.186165	45.777405	0.000000	-420.000000	0	54.749601	4.051175	1.809725	56.728162	-7.269427	-441.671003	10.950758	7.269427	21.671003	8.168479	4.813835	31.155842	0	1	0	1	0
rhh	2	65.000000	22	3	6	8.000000	25.000000	0.242766	3.243480	1973.593610	-420.000000	0.000000	53.000000	2021.063176	1245.144507	1914.988928	0.000000	0	435.178082	21.477181	55.047334	-4.159079	-462.575008	45.885561	-4.459340	-418.447565	45.777405	0.000000	-420.000000	0	45.069496	9.680105	3.868353	50.466447	-4.309209	-440.511287	4.689043	4.309209	20.511287	4.459340	1.552435	25.575008	0	1	0	1	0
rhh	2	65.000000	22	3	6	8.000000	25.000000	0.242766	3.243480	2021.164548	-420.000000	0.000000	54.000000	2067.719198	1245.144507	1914.988928	0.000000	0	436.028663	16.542811	47.972439	-4.614118	-451.943346	44.450470	-1.592391	-420.543329	45.777405	0.000000	-420.000000	0	31.741080	13.328416	4.934369	46.211455	-3.103255	-436.243338	0.434050	3.103255	16.243338	1.592391	0.543329	14.943346	0	1	0	1	0
rhh	2	65.000000	22	3	6	8.000000	25.000000	0.242766	3.243480	2067.820143	-420.000000	0.000000	55.000000	2114.587374	1245.144507	1914.988928	0.000000	0	436.065302	13.249420	46.076252	-4.262624	-445.101378	44.060748	0.279680	-421.058027	45.777405	0.000000	-420.000000	0	24.551527	7.189553	3.293391	45.068500	-1.991472	-433.079703	0.708905	1.991472	13.079703	0.279680	1.058027	8.101378	0	1	0	1	0
rhh	2	65.000000	22	3	6	8.000000	25.000000	0.242766	3.243480	2114.687464	-420.000000	0.000000	56.000000	2161.722027	1245.144507	1914.988928	0.000000	0	436.238498	12.910302	45.714297	-3.585036	-444.741763	44.326775	0.285422	-420.822366	45.777405	0.000000	-420.000000	0	24.270212	0.281315	0.339118	45.020536	-1.649807	-432.782065	0.756869	1.649807	12.782065	0.285422	0.822366	7.741763	1	1	0	1	0
rhh	2	65.000000	22	3	6	8.000000	25.000000	0.242766	3.243480	2161.822116	-420.000000	0.000000	57.000000	2208.516206	1245.144507	1914.988928	0.000000	0	435.382220	12.758028	46.046599	-4.125386	-444.376059	44.834395	-0.604214	-420.688777	45.777405	0.000000	-420.000000	0	23.978228	0.291985	0.152273	45.440497	-2.364800	-432.532418	0.336908	2.364800	12.532418	0.604214	0.688777	7.376059	1	1	0	1	0
rhh	2	65.000000	22	3	6	8.000000	25.000000	0.242766	3.243480	2208.615012	-420.000000	0.000000	58.000000	2255.340326	1245.144507	1914.988928	0.000000	0	434.774806	12.802047	46.517358	-4.748433	-444.257520	44.902103	-1.131450	-420.661916	45.777405	0.000000	-420.000000	0	23.925806	0.052422	0.044019	45.709731	-2.939942	-432.459718	0.067674	2.939942	12.459718	1.131450	0.661916	7.257520	1	1	0	1	0
rhh	2	65.000000	22	3	6	8.000000	25.000000	0.242766	3.243480	2255.447259	-420.000000	0.000000	59.000000	2302.775246	1245.144507	1914.988928	0.000000	0	434.399193	12.832865	46.658720	-4.943623	-444.227660	45.362691	-1.515553	-420.607618	45.777405	0.000000	-420.000000	0	23.902672	0.023134	0.030818	46.010705	-3.229588	-432.417639	0.233301	3.229588	12.417639	1.515553	0.607618	7.227660	1	1	0	1	0
rhh	2	65.000000	22	3	6	8.000000	25.000000	0.242766	3.243480	2302.881751	-420.000000	0.000000	60.000000	2349.655399	1245.144507	1914.988928	0.000000	0	434.737123	12.767368	46.598072	-4.779148	-444.175479	45.054818	-1.046372	-420.685664	45.777405	0.000000	-420.000000	0	23.834568	0.068104	0.065497	45.826445	-2.912760	-432.430571	0.049040	2.912760	12.430571	1.046372	0.685664	7.175479	1	1	0	1	0
rhh	2	65.000000	22	3	6	8.000000	25.000000	0.242766	3.243480	2349.759337	-420.000000	0.000000	61.000000	2396.613826	1245.144507	1914.988928	0.000000	0	434.922721	12.678055	46.701971	-4.500829	-444.141792	45.027709	-0.795996	-420.654283	45.777405	0.000000	-420.000000	0	23.836778	0.002210	0.089313	45.864840	-2.648412	-432.398038	0.087435	2.648412	12.398038	0.795996	0.654283	7.141792	1	1	0	1	0
rhh	2	65.000000	22	3	6	8.000000	25.000000	0.242766	3.243480	2396.714771	-420.000000	0.000000	62.000000	2443.992285	1245.144507	1914.988928	0.000000	0	435.208995	12.650182	46.691842	-4.318555	-444.132518	44.869937	-0.389938	-420.725850	45.777405	0.000000	-420.000000	0	23.803896	0.032882	0.027873	45.780890	-2.354246	-432.429184	0.003485	2.354246	12.429184	0.389938	0.725850	7.132518	1	1	0	1	0
rhh	2	65.000000	22	3	6	8.000000	25.000000	0.242766	3.243480	2444.092374	-420.000000	0.000000	63.000000	2490.989209	1245.144507	1914.988928	0.000000	0	435.262369	12.648274	46.451801	-4.248569	-444.126051	44.982502	-0.396494	-420.740075	45.777405	0.000000	-420.000000	0	23.746604	0.057292	0.001908	45.717152	-2.322531	-432.433063	0.060253	2.322531	12.433063	0.396494	0.740075	7.126051	1	1	0	1	0
rhh	2	65.000000	22	3	6	8.000000	25.000000	0.242766	3.243480	2491.090581	-420.000000	0.000000	64.000000	2538.262446	1245.144507	1914.988928	0.000000	0	435.173148	12.650674	46.645622	-4.307586	-444.132690	45.055317	-0.417978	-420.723012	45.777405	0.000000	-420.000000	0	23.783842	0.037238	0.002400	45.850469	-2.362782	-432.427851	0.073065	2.362782	12.427851	0.417978	0.723012	7.132690	1	1	0	1	0
rhh	2	65.000000	22	3	6	8.000000	25.000000	0.242766	3.243480	2538.368096	-420.000000	0.000000	65.000000	2585.054486	1245.144507	1914.988928	0.000000	0	435.091040	12.633753	46.675077	-4.426579	-444.107936	44.998839	-0.479086	-420.678494	45.777405	0.000000	-420.000000	0	23.818715	0.034874	0.016921	45.836958	-2.452833	-432.393215	0.059553	2.452833	12.393215	0.479086	0.678494	7.107936	1	1	0	1	0
rhh	2	65.000000	22	3	6	8.000000	25.000000	0.242766	3.243480	2585.154576	-420.000000	0.000000	66.000000	2632.178874	1245.144507	1914.988928	0.000000	0	434.983352	12.597170	46.735521	-4.519361	-444.009089	44.927607	-0.596667	-420.660107	45.777405	0.000000	-420.000000	0	23.745126	0.073589	0.036583	45.831564	-2.558014	-432.334598	0.054159	2.558014	12.334598	0.596667	0.660107	7.009089	1	1	0	1	0
rhh	2	65.000000	22	3	6	8.000000	25.000000	0.242766	3.243480	2632.278535	-420.000000	0.000000	67.000000	2679.344323	1245.144507	1914.988928	0.000000	0	435.044164	12.625354	46.452137	-4.481345	-444.014370	45.022852	-0.611414	-420.717304	45.777405	0.000000	-420.000000	0	23.659512	0.085614	0.028184	45.737495	-2.546379	-432.365837	0.039910	2.546379	12.365837	0.611414	0.717304	7.014370	1	1	0	1	0
rhh	2	65.000000	22	3	6	8.000000	25.000000	0.242766	3.243480	2679.445267	-420.000000	0.000000	68.000000	2726.222337	1245.144507	1914.988928	0.000000	0	435.168167	12.651856	46.345794	-4.408919	-444.075266	44.986277	-0.496951	-420.747319	45.777405	0.000000	-420.000000	0	23.692718	0.033206	0.026502	45.666036	-2.452935	-432.411292	0.111369	2.452935	12.411292	0.496951	0.747319	7.075266	1	1	0	1	0
rhh	2	65.000000	22	3	6	8.000000	25.000000	0.242766	3.243480	2726.322426	-420.000000	0.000000	69.000000	2773.384792	1245.144507	1914.988928	0.000000	0	435.308908	12.644475	46.290068	-4.278862	-444.074071	45.002034	-0.322646	-420.791327	45.777405	0.000000	-420.000000	0	23.651572	0.041146	0.007382	45.646051	-2.300754	-432.432699	0.131354	2.300754	12.432699	0.322646	0.791327	7.074071	1	1	0	1	0
rhh	2	65.000000	22	3	6	8.000000	25.000000	0.242766	3.243480	2773.536637	-420.000000	0.000000	70.000000	2820.139620	1245.144507	1914.988928	0.000000	0	435.263029	12.634713	46.421514	-4.269264	-444.019103	45.103285	-0.320108	-420.830054	45.777405	0.000000	-420.000000	0	23.559830	0.091742	0.009762	45.762400	-2.294686	-432.424579	0.015005	2.294686	12.424579	0.320108	0.830054	7.019103	1	1	0	1	0
rhh	2	65.000000	22	3	6	8.000000	25.000000	0.242766	3.243480	2820.249547	-420.000000	0.000000	71.000000	2867.401309	1245.144507	1914.988928	0.000000	0	435.236449	12.631423	46.400311	-4.291409	-444.024307	45.038796	-0.393638	-420.800043	45.777405	0.000000	-420.000000	0	23.588404	0.028574	0.003289	45.719554	-2.342523	-432.412175	0.057851	2.342523	12.412175	0.393638	0.800043	7.024307	1	1	0	1	0
rhh	2	65.000000	22	3	6	8.000000	25.000000	0.242766	3.243480	2867.503109	-420.000000	0.000000	72.000000	2902.744706	1245.144507	1914.988928	2902.740429	0	435.225302	12.552832	  46.464463   -4.241113 -443.941968	  44.984881   -0.389627 -420.732704	45.777405	0.000000	-420.000000	0	23.573143	0.015261	0.078592	0
