subjName	sessionNR	IOD	trialN	textureType	texnum	visualAngle	simulatedDepth	light_intensity	ambient_intensity	time	displayDistance	isRotated	frameN	timTote	startTime	touchTime	endTime	fingersOccluded	distanceToHome	distanceToObject	indexXraw	indexYraw	indexZraw	thumbXraw	thumbYraw	thumbZraw	targetX	targetY	targetZ	failCause	gripAperture	gripApertureVel	distFromObjVel	gripOriginX	gripOriginY	gripOriginZ	distFromObjX	distFromObjY	distFromObjZ	y_dist_thm	z_dist_thm	z_dist_ind	handOnObj	handnearObj	handfarObj	handTouchObj	framesOccluded
rhh	4	65.000000	61	3	21	8.000000	45.000000	0.225291	3.225965	883.819467	-420.000000	0.000000	30.000000	930.883141	0.000000	0.000000	0.000000	0	5.225504	433.372934	221.833865	-354.714266	-257.395939	227.139158	-359.107710	-247.078624	44.813705	0.000000	-420.000000	0	12.405461	0.006262	0.001997	224.486512	-356.910988	-252.237282	179.672806	356.910988	167.762718	359.107710	172.921376	199.604061	0	0	1	0	0
rhh	4	65.000000	61	3	21	8.000000	45.000000	0.225291	3.225965	931.073052	-420.000000	0.000000	31.000000	977.665371	0.000000	0.000000	0.000000	0	5.272143	433.362132	222.009161	-354.778195	-257.443597	226.949398	-359.076698	-247.141332	44.813705	0.000000	-420.000000	0	12.207364	0.198098	0.010802	224.479280	-356.927446	-252.292465	179.665574	356.927446	167.707535	359.076698	172.858668	199.556403	0	0	1	0	0
rhh	4	65.000000	61	3	21	8.000000	45.000000	0.225291	3.225965	977.772731	-420.000000	0.000000	32.000000	1024.778662	0.000000	0.000000	0.000000	0	5.287914	433.394045	222.017379	-354.774008	-257.433890	227.076160	-359.082618	-247.134429	44.813705	0.000000	-420.000000	0	12.257009	0.049645	0.031913	224.546769	-356.928313	-252.284160	179.733064	356.928313	167.715840	359.082618	172.865571	199.566110	0	0	1	0	0
rhh	4	65.000000	61	3	21	8.000000	45.000000	0.225291	3.225965	1024.875756	-420.000000	0.000000	33.000000	1072.231140	0.000000	0.000000	0.000000	0	5.273779	433.458551	222.115135	-354.808558	-257.438111	227.104844	-359.107136	-247.058049	44.813705	0.000000	-420.000000	0	12.293115	0.036106	0.064506	224.609990	-356.957847	-252.248080	179.796284	356.957847	167.751920	359.107136	172.941951	199.561889	0	0	1	0	0
rhh	4	65.000000	61	3	21	8.000000	45.000000	0.225291	3.225965	1072.329090	-420.000000	0.000000	34.000000	1118.565968	0.000000	0.000000	0.000000	0	5.326102	433.386903	222.188314	-354.846107	-257.473211	226.875882	-359.054674	-247.194561	44.813705	0.000000	-420.000000	0	12.055537	0.237578	0.071648	224.532098	-356.950390	-252.333886	179.718393	356.950390	167.666114	359.054674	172.805439	199.526789	0	0	1	0	0
rhh	4	65.000000	61	3	21	8.000000	45.000000	0.225291	3.225965	1118.669905	-420.000000	0.000000	35.000000	1166.281926	0.000000	0.000000	0.000000	0	5.368142	433.459319	222.260372	-354.885190	-257.514233	227.025859	-359.086063	-247.167249	44.813705	0.000000	-420.000000	0	12.141551	0.086014	0.072416	224.643115	-356.985626	-252.340741	179.829410	356.985626	167.659259	359.086063	172.832751	199.485767	0	0	1	0	0
rhh	4	65.000000	61	3	21	8.000000	45.000000	0.225291	3.225965	1166.378165	-420.000000	0.000000	36.000000	1212.905042	0.000000	0.000000	0.000000	0	5.315375	433.408411	222.026134	-354.811230	-257.500970	227.068663	-359.111405	-247.134941	44.813705	0.000000	-420.000000	0	12.303380	0.161829	0.050908	224.547398	-356.961317	-252.317956	179.733693	356.961317	167.682044	359.111405	172.865059	199.499030	0	0	1	0	0
rhh	4	65.000000	61	3	21	8.000000	45.000000	0.225291	3.225965	1213.002563	-420.000000	0.000000	37.000000	1260.358375	0.000000	0.000000	0.000000	0	5.334995	433.497885	222.172901	-354.866858	-257.518023	227.151027	-359.140222	-247.080768	44.813705	0.000000	-420.000000	0	12.328004	0.024624	0.089474	224.661964	-357.003540	-252.299395	179.848258	357.003540	167.700605	359.140222	172.919232	199.481977	0	0	1	0	0
rhh	4	65.000000	61	3	21	8.000000	45.000000	0.225291	3.225965	1260.455470	-420.000000	0.000000	38.000000	1307.624793	0.000000	0.000000	0.000000	0	5.364178	433.153933	221.552789	-354.647885	-257.617988	227.107314	-358.977285	-247.234341	44.813705	0.000000	-420.000000	0	12.546576	0.218572	0.343952	224.330051	-356.812585	-252.426164	179.516346	356.812585	167.573836	358.977285	172.765659	199.382012	0	0	1	0	0
rhh	4	65.000000	61	3	21	8.000000	45.000000	0.225291	3.225965	1307.772358	-420.000000	0.000000	39.000000	1355.308671	0.000000	0.000000	0.000000	0	7.371217	431.732269	222.639832	-353.879253	-259.483775	227.168635	-357.296686	-248.749140	44.813705	0.000000	-420.000000	0	12.141718	0.404859	1.421664	224.904233	-355.587969	-254.116457	180.090528	355.587969	165.883543	357.296686	171.250860	197.516225	0	0	1	0	0
rhh	4	65.000000	61	3	21	8.000000	45.000000	0.225291	3.225965	1355.409615	-420.000000	0.000000	40.000000	1402.528466	1390.625247	0.000000	0.000000	0	16.912542	422.680014	223.595521	-345.895768	-267.543770	226.926461	-348.949625	-253.742307	44.813705	0.000000	-420.000000	0	14.522451	2.380733	9.052255	225.260991	-347.422697	-260.643039	180.447286	347.422697	159.356961	348.949625	166.257693	189.456230	0	0	1	0	0
rhh	4	65.000000	61	3	21	8.000000	45.000000	0.225291	3.225965	1402.638392	-420.000000	0.000000	41.000000	1461.305877	1390.625247	0.000000	0.000000	0	44.437202	396.004281	222.364133	-321.855082	-284.057139	223.480035	-322.846852	-264.830168	44.813705	0.000000	-420.000000	0	19.284845	4.762394	26.675733	222.922084	-322.350967	-274.443653	178.108379	322.350967	145.556347	322.846852	155.169832	172.942861	0	0	1	0	0
rhh	4	65.000000	61	3	21	8.000000	45.000000	0.225291	3.225965	1461.409814	-420.000000	0.000000	42.000000	1507.973904	1390.625247	0.000000	0.000000	0	77.165348	364.328705	218.057089	-292.812133	-301.397216	216.662748	-293.409586	-277.457357	44.813705	0.000000	-420.000000	0	23.987871	4.703026	31.675577	217.359919	-293.110859	-289.427287	172.546213	293.110859	130.572713	293.409586	142.542643	155.602784	0	0	1	0	0
rhh	4	65.000000	61	3	21	8.000000	45.000000	0.225291	3.225965	1508.076130	-420.000000	0.000000	43.000000	1555.280099	1390.625247	0.000000	0.000000	0	117.396132	325.219643	210.150669	-256.571889	-320.903383	206.499825	-257.837314	-292.137721	44.813705	0.000000	-420.000000	0	29.024013	5.036141	39.109061	208.325247	-257.204601	-306.520552	163.511542	257.204601	113.479448	257.837314	127.862279	136.096617	0	0	1	0	0
rhh	4	65.000000	61	3	21	8.000000	45.000000	0.225291	3.225965	1555.383609	-420.000000	0.000000	44.000000	1602.505455	1390.625247	0.000000	0.000000	0	160.906302	282.806157	199.523139	-218.399258	-342.111865	192.561153	-220.771215	-309.297518	44.813705	0.000000	-420.000000	0	33.628512	4.604500	42.413486	196.042146	-219.585236	-325.704691	151.228440	219.585236	94.295309	220.771215	110.702482	114.888135	0	0	1	0	0
rhh	4	65.000000	61	3	21	8.000000	45.000000	0.225291	3.225965	1602.604260	-420.000000	0.000000	45.000000	1649.502831	1390.625247	0.000000	0.000000	0	204.589665	240.272529	186.063030	-179.671296	-360.944863	178.461999	-183.910106	-326.859812	44.813705	0.000000	-420.000000	0	35.178599	1.550087	42.533628	182.262514	-181.790701	-343.902337	137.448809	181.790701	76.097663	183.910106	93.140188	96.055137	0	0	0	0	0
rhh	4	65.000000	61	3	21	8.000000	45.000000	0.225291	3.225965	1649.600353	-420.000000	0.000000	46.000000	1695.948440	1390.625247	0.000000	0.000000	0	246.824622	199.003119	170.489796	-143.640501	-379.738407	162.765111	-148.827555	-343.998768	44.813705	0.000000	-420.000000	0	36.930990	1.752391	41.269410	166.627454	-146.234028	-361.868587	121.813748	146.234028	58.131413	148.827555	76.001232	77.261593	0	0	0	0	0
rhh	4	65.000000	61	3	21	8.000000	45.000000	0.225291	3.225965	1696.045106	-420.000000	0.000000	47.000000	1743.518543	1390.625247	0.000000	0.000000	0	285.732398	161.047386	154.941143	-111.167320	-397.274148	146.109786	-117.196664	-359.689538	44.813705	0.000000	-420.000000	0	39.076192	2.145201	37.955733	150.525464	-114.181992	-378.481843	105.711759	114.181992	41.518157	117.196664	60.310462	59.725852	0	0	0	0	0
rhh	4	65.000000	61	3	21	8.000000	45.000000	0.225291	3.225965	1743.619915	-420.000000	0.000000	48.000000	1790.548427	1390.625247	0.000000	0.000000	0	320.500227	126.962120	139.297162	-83.218685	-413.386514	128.797699	-89.133363	-372.561102	44.813705	0.000000	-420.000000	0	42.566846	3.490655	34.085267	134.047430	-86.176024	-392.973808	89.233725	86.176024	27.026192	89.133363	47.438898	43.613486	0	0	0	0	0
rhh	4	65.000000	61	3	21	8.000000	45.000000	0.225291	3.225965	1790.704976	-420.000000	0.000000	49.000000	1837.393533	1390.625247	0.000000	0.000000	0	350.810982	97.233079	123.774697	-61.126625	-429.894289	110.823784	-65.833019	-383.995866	44.813705	0.000000	-420.000000	0	47.922245	5.355399	29.729041	117.299240	-63.479822	-406.945077	72.485535	63.479822	13.054923	65.833019	36.004134	27.105711	0	0	0	0	0
rhh	4	65.000000	61	3	21	8.000000	45.000000	0.225291	3.225965	1837.496188	-420.000000	0.000000	50.000000	1884.633004	1390.625247	0.000000	0.000000	0	376.551712	72.182640	108.765803	-43.594079	-445.327311	93.439733	-46.751218	-392.386444	44.813705	0.000000	-420.000000	0	55.204994	7.282749	25.050439	101.102768	-45.172649	-418.856877	56.289063	45.172649	1.143123	46.751218	27.613556	11.672689	0	0	0	0	0
rhh	4	65.000000	61	3	21	8.000000	45.000000	0.225291	3.225965	1884.730525	-420.000000	0.000000	51.000000	1931.497357	1390.625247	0.000000	0.000000	0	397.891296	52.746584	95.317247	-30.205297	-460.323843	77.317554	-32.085259	-398.609421	44.813705	0.000000	-420.000000	0	64.313242	9.108248	19.436056	86.317400	-31.145278	-429.466632	41.503695	31.145278	9.466632	32.085259	21.390579	3.323843	0	0	0	0	0
rhh	4	65.000000	61	3	21	8.000000	45.000000	0.225291	3.225965	1931.594451	-420.000000	0.000000	52.000000	1978.560604	1390.625247	0.000000	0.000000	0	414.548042	40.223346	83.849088	-20.952454	-471.031367	64.852736	-20.283250	-404.766687	44.813705	0.000000	-420.000000	0	68.937051	4.623809	12.523238	74.350912	-20.617852	-437.899027	29.537207	20.617852	17.899027	20.283250	15.233313	14.031367	0	1	0	0	0
rhh	4	65.000000	61	3	21	8.000000	45.000000	0.225291	3.225965	1978.657698	-420.000000	0.000000	53.000000	2025.564397	1390.625247	2013.682136	0.000000	0	427.664614	32.639498	73.806181	-12.782037	-476.237869	55.668204	-10.568420	-409.895873	44.813705	0.000000	-420.000000	0	68.812403	0.124648	7.583848	64.737193	-11.675229	-443.066871	19.923487	11.675229	23.066871	10.568420	10.104127	19.237869	0	1	0	1	0
rhh	4	65.000000	61	3	21	8.000000	45.000000	0.225291	3.225965	2025.667907	-420.000000	0.000000	54.000000	2072.306420	1390.625247	2013.682136	0.000000	0	437.368772	27.630335	63.038186	-6.307025	-476.754824	47.498508	-4.054175	-413.336983	44.813705	0.000000	-420.000000	0	65.332837	3.479566	5.009163	55.268347	-5.180600	-445.045903	10.454642	5.180600	25.045903	4.054175	6.663017	19.754824	0	1	0	1	0
rhh	4	65.000000	61	3	21	8.000000	45.000000	0.225291	3.225965	2072.409503	-420.000000	0.000000	55.000000	2119.606628	1390.625247	2013.682136	0.000000	0	443.320510	23.354807	49.576079	-4.636940	-469.952993	40.355217	0.996571	-416.613557	44.813705	0.000000	-420.000000	0	54.422938	10.909899	4.275528	44.965648	-1.820184	-443.283275	0.151942	1.820184	23.283275	0.996571	3.386443	12.952993	0	1	0	1	0
rhh	4	65.000000	61	3	21	8.000000	45.000000	0.225291	3.225965	2119.703294	-420.000000	0.000000	56.000000	2165.879007	1390.625247	2013.682136	0.000000	0	446.090220	24.790572	45.433172	-4.066658	-466.945029	36.750429	2.103474	-422.034818	44.813705	0.000000	-420.000000	0	46.156122	8.266816	1.435764	41.091801	-0.981592	-444.489923	3.721905	0.981592	24.489923	2.103474	2.034818	9.945029	0	1	0	1	0
rhh	4	65.000000	61	3	21	8.000000	45.000000	0.225291	3.225965	2165.976957	-420.000000	0.000000	57.000000	2212.886649	1390.625247	2013.682136	0.000000	0	448.374157	25.359032	45.059775	-2.281561	-466.706719	36.117895	4.989683	-423.229141	44.813705	0.000000	-420.000000	0	44.979195	1.176927	0.568461	40.588835	1.354061	-444.967930	4.224870	1.354061	24.967930	4.989683	3.229141	9.706719	0	1	0	1	0
rhh	4	65.000000	61	3	21	8.000000	45.000000	0.225291	3.225965	2212.984599	-420.000000	0.000000	58.000000	2260.099601	1390.625247	2013.682136	0.000000	0	448.534632	25.359890	45.382991	-2.169973	-466.431908	36.152349	5.445323	-423.530945	44.813705	0.000000	-420.000000	0	44.538636	0.440559	0.000858	40.767670	1.637675	-444.981426	4.046036	1.637675	24.981426	5.445323	3.530945	9.431908	0	1	0	1	0
rhh	4	65.000000	61	3	21	8.000000	45.000000	0.225291	3.225965	2260.201827	-420.000000	0.000000	59.000000	2307.163703	1390.625247	2013.682136	0.000000	0	447.930769	25.148604	45.658842	-2.756930	-466.201272	36.427070	4.958742	-423.478573	44.813705	0.000000	-420.000000	0	44.384527	0.154110	0.211286	41.042956	1.100906	-444.839922	3.770749	1.100906	24.839922	4.958742	3.478573	9.201272	0	1	0	1	0
rhh	4	65.000000	61	3	21	8.000000	45.000000	0.225291	3.225965	2307.268068	-420.000000	0.000000	60.000000	2354.099059	1390.625247	2013.682136	0.000000	0	447.384280	25.092345	45.745116	-3.160897	-466.122868	36.758919	4.217346	-423.542457	44.813705	0.000000	-420.000000	0	44.139344	0.245183	0.056259	41.252017	0.528225	-444.832663	3.561688	0.528225	24.832663	4.217346	3.542457	9.122868	0	1	0	1	0
rhh	4	65.000000	61	3	21	8.000000	45.000000	0.225291	3.225965	2354.200003	-420.000000	0.000000	61.000000	2401.106274	1390.625247	2013.682136	0.000000	0	447.154713	25.065816	45.435220	-3.288742	-466.111899	36.926568	3.735281	-423.488423	44.813705	0.000000	-420.000000	0	44.028341	0.111003	0.026529	41.180894	0.223269	-444.800161	3.632811	0.223269	24.800161	3.735281	3.488423	9.111899	0	1	0	1	0
rhh	4	65.000000	61	3	21	8.000000	45.000000	0.225291	3.225965	2401.205506	-420.000000	0.000000	62.000000	2448.105361	1390.625247	2013.682136	0.000000	0	446.971911	25.123439	45.666336	-3.385899	-466.150864	37.239948	3.544080	-423.644218	44.813705	0.000000	-420.000000	0	43.884435	0.143906	0.057623	41.453142	0.079091	-444.897541	3.360564	0.079091	24.897541	3.544080	3.644218	9.150864	0	1	0	1	0
rhh	4	65.000000	61	3	21	8.000000	45.000000	0.225291	3.225965	2448.202455	-420.000000	0.000000	63.000000	2495.534315	1390.625247	2013.682136	0.000000	0	447.111265	25.159850	45.694069	-3.401452	-466.233781	37.011061	3.781278	-423.606062	44.813705	0.000000	-420.000000	0	44.092048	0.207612	0.036411	41.352565	0.189913	-444.919922	3.461140	0.189913	24.919922	3.781278	3.606062	9.233781	0	1	0	1	0
rhh	4	65.000000	61	3	21	8.000000	45.000000	0.225291	3.225965	2495.631409	-420.000000	0.000000	64.000000	2542.445718	1390.625247	2013.682136	0.000000	0	447.331768	25.189445	45.578351	-3.334343	-466.245584	36.854356	4.118079	-423.610756	44.813705	0.000000	-420.000000	0	44.151730	0.059683	0.029595	41.216353	0.391868	-444.928170	3.597352	0.391868	24.928170	4.118079	3.610756	9.245584	0	1	0	1	0
rhh	4	65.000000	61	3	21	8.000000	45.000000	0.225291	3.225965	2542.547517	-420.000000	0.000000	65.000000	2589.343435	1390.625247	2013.682136	0.000000	0	447.491571	25.238257	45.368829	-3.218607	-466.256804	36.843219	4.255785	-423.661281	44.813705	0.000000	-420.000000	0	44.078693	0.073037	0.048812	41.106024	0.518589	-444.959042	3.707681	0.518589	24.959042	4.255785	3.661281	9.256804	0	1	0	1	0
rhh	4	65.000000	61	3	21	8.000000	45.000000	0.225291	3.225965	2589.445661	-420.000000	0.000000	66.000000	2636.440044	1390.625247	2013.682136	0.000000	0	447.454027	25.213726	45.529441	-3.243587	-466.232108	36.768131	4.250347	-423.649630	44.813705	0.000000	-420.000000	0	44.115609	0.036917	0.024531	41.148786	0.503380	-444.940869	3.664919	0.503380	24.940869	4.250347	3.649630	9.232108	0	1	0	1	0
rhh	4	65.000000	61	3	21	8.000000	45.000000	0.225291	3.225965	2636.541843	-420.000000	0.000000	67.000000	2683.704750	1390.625247	2013.682136	0.000000	0	447.474222	25.202984	45.468354	-3.257972	-466.165848	36.832505	4.329320	-423.693308	44.813705	0.000000	-420.000000	0	44.000700	0.114910	0.010742	41.150430	0.535674	-444.929578	3.663276	0.535674	24.929578	4.329320	3.693308	9.165848	0	1	0	1	0
rhh	4	65.000000	61	3	21	8.000000	45.000000	0.225291	3.225965	2683.800989	-420.000000	0.000000	68.000000	2730.749605	1390.625247	2013.682136	0.000000	0	447.533713	25.139288	45.426812	-3.279008	-466.124145	36.479980	4.403761	-423.545384	44.813705	0.000000	-420.000000	0	44.181688	0.180989	0.063696	40.953396	0.562377	-444.834765	3.860309	0.562377	24.834765	4.403761	3.545384	9.124145	0	1	0	1	0
rhh	4	65.000000	61	3	21	8.000000	45.000000	0.225291	3.225965	2730.846699	-420.000000	0.000000	69.000000	2777.668707	1390.625247	2013.682136	0.000000	0	447.456979	25.171521	45.320414	-3.261406	-466.089106	36.836453	4.262753	-423.686492	44.813705	0.000000	-420.000000	0	43.892736	0.288952	0.032233	41.078434	0.500673	-444.887799	3.735272	0.500673	24.887799	4.262753	3.686492	9.089106	0	1	0	1	0
rhh	4	65.000000	61	3	21	8.000000	45.000000	0.225291	3.225965	2777.823972	-420.000000	0.000000	70.000000	2824.915449	1390.625247	2013.682136	0.000000	0	447.562416	25.161992	45.341975	-3.241460	-466.087078	36.649984	4.449630	-423.639610	44.813705	0.000000	-420.000000	0	44.005580	0.112844	0.009529	40.995980	0.604085	-444.863344	3.817726	0.604085	24.863344	4.449630	3.639610	9.087078	0	1	0	1	0
rhh	4	65.000000	61	3	21	8.000000	45.000000	0.225291	3.225965	2825.021953	-420.000000	0.000000	71.000000	2871.710083	1390.625247	2013.682136	0.000000	0	447.499471	25.145149	45.432947	-3.218015	-466.052593	36.792348	4.386015	-423.676257	44.813705	0.000000	-420.000000	0	43.911673	0.093907	0.016843	41.112647	0.584000	-444.864425	3.701058	0.584000	24.864425	4.386015	3.676257	9.052593	0	1	0	1	0
rhh	4	65.000000	61	3	21	8.000000	45.000000	0.225291	3.225965	2871.811882	-420.000000	0.000000	72.000000	2919.119361	1390.625247	2013.682136	0.000000	0	447.553208	25.152160	45.492358	-3.275968	-466.098816	36.617297	4.522415	-423.624964	44.813705	0.000000	-420.000000	0	44.086387	0.174714	0.007011	41.054827	0.623223	-444.861890	3.758878	0.623223	24.861890	4.522415	3.624964	9.098816	0	1	0	1	0
rhh	4	65.000000	61	3	21	8.000000	45.000000	0.225291	3.225965	2919.216027	-420.000000	0.000000	73.000000	2966.195012	1390.625247	2013.682136	0.000000	0	447.593579	25.171405	45.342857	-3.303675	-466.107074	36.582868	4.551795	-423.627469	44.813705	0.000000	-420.000000	0	44.079050	0.007337	0.019246	40.962862	0.624060	-444.867272	3.850843	0.624060	24.867272	4.551795	3.627469	9.107074	0	1	0	1	0
rhh	4	65.000000	61	3	21	8.000000	45.000000	0.225291	3.225965	2966.297666	-420.000000	0.000000	74.000000	3013.160737	1390.625247	2013.682136	0.000000	0	447.507373	25.188399	45.250428	-3.317040	-466.120518	36.722549	4.347963	-423.660690	44.813705	0.000000	-420.000000	0	43.980837	0.098213	0.016994	40.986488	0.515462	-444.890604	3.827217	0.515462	24.890604	4.347963	3.660690	9.120518	0	1	0	1	0
rhh	4	65.000000	61	3	21	8.000000	45.000000	0.225291	3.225965	3013.257403	-420.000000	0.000000	75.000000	3060.372405	1390.625247	2013.682136	0.000000	0	447.530726	25.123407	45.293102	-3.336547	-466.030861	36.569754	4.452941	-423.599853	44.813705	0.000000	-420.000000	0	44.013218	0.032381	0.064992	40.931428	0.558197	-444.815357	3.882278	0.558197	24.815357	4.452941	3.599853	9.030861	0	1	0	1	0
rhh	4	65.000000	61	3	21	8.000000	45.000000	0.225291	3.225965	3060.469499	-420.000000	0.000000	76.000000	3106.947615	1390.625247	2013.682136	0.000000	0	447.456716	25.167386	45.322061	-3.394228	-466.062019	36.802374	4.385666	-423.700533	44.813705	0.000000	-420.000000	0	43.904525	0.108693	0.043978	41.062217	0.495719	-444.881276	3.751488	0.495719	24.881276	4.385666	3.700533	9.062019	0	1	0	1	0
rhh	4	65.000000	61	3	21	8.000000	45.000000	0.225291	3.225965	3107.048559	-420.000000	0.000000	77.000000	3154.371008	1390.625247	2013.682136	0.000000	0	447.506090	25.226175	45.259833	-3.376820	-466.183207	36.762058	4.382771	-423.682450	44.813705	0.000000	-420.000000	0	44.031100	0.126575	0.058790	41.010945	0.502976	-444.932829	3.802760	0.502976	24.932829	4.382771	3.682450	9.183207	0	1	0	1	0
rhh	4	65.000000	61	3	21	8.000000	45.000000	0.225291	3.225965	3154.471952	-420.000000	0.000000	78.000000	3201.224241	1390.625247	2013.682136	0.000000	0	447.419317	25.187187	45.631876	-3.445746	-466.135098	36.811147	4.457452	-423.714061	44.813705	0.000000	-420.000000	0	44.043276	0.012176	0.038988	41.221512	0.505853	-444.924580	3.592194	0.505853	24.924580	4.457452	3.714061	9.135098	0	1	0	1	0
rhh	4	65.000000	61	3	21	8.000000	45.000000	0.225291	3.225965	3201.321335	-420.000000	0.000000	79.000000	3236.900535	1390.625247	2013.682136	3236.895830	0	447.563929	25.245477	  45.221395   -3.413383 -466.228019	  36.669607    4.487833 -423.655145	44.813705	0.000000	-420.000000	0	44.136287	0.093011	0.058290	0
