subjName	sessionNR	IOD	trialN	textureType	texnum	visualAngle	simulatedDepth	light_intensity	time	displayDistance	isRotated	frameN	timTote	startTime	touchTime	endTime	fingersOccluded	distanceToHome	distanceToObject	indexXraw	indexYraw	indexZraw	thumbXraw	thumbYraw	thumbZraw	targetX	targetY	targetZ	failCause	gripAperture	gripApertureVel	distFromObjVel	gripOriginX	gripOriginY	gripOriginZ	distFromObjX	distFromObjY	distFromObjZ	y_dist_thm	z_dist_thm	z_dist_ind	handOnObj	handnearObj	handfarObj	handTouchObj	framesOccluded
nt	1	63.500000	0	3	17	8.000000	25.000000	0.225599	909.086204	-420.000000	0.000000	30.000000	956.109446	0.000000	0.000000	0.000000	0	0.124712	436.190417	225.009840	-356.878625	-251.609180	227.420776	-359.753931	-244.024835	46.703354	0.000000	-420.000000	0	8.461814	0.084433	0.062436	226.215308	-358.316278	-247.817008	179.511954	358.316278	172.182992	359.753931	175.975165	185.390820	0	0	1	0	0
nt	1	63.500000	0	3	17	8.000000	25.000000	0.225599	956.425110	-420.000000	0.000000	31.000000	1003.155357	0.000000	0.000000	0.000000	0	0.072722	436.209882	225.105782	-356.877084	-251.613839	227.442267	-359.750125	-244.032877	46.703354	0.000000	-420.000000	0	8.437092	0.024722	0.019465	226.274024	-358.313605	-247.823358	179.570670	358.313605	172.176642	359.750125	175.967123	185.386161	0	0	1	0	0
nt	1	63.500000	0	3	17	8.000000	25.000000	0.225599	1003.378631	-420.000000	0.000000	32.000000	1050.274837	0.000000	0.000000	0.000000	0	0.044954	436.235173	225.112539	-356.887347	-251.633551	227.581733	-359.732983	-244.023229	46.703354	0.000000	-420.000000	0	8.491852	0.054761	0.025291	226.347136	-358.310165	-247.828390	179.643782	358.310165	172.171610	359.732983	175.976771	185.366449	0	0	1	0	0
nt	1	63.500000	0	3	17	8.000000	25.000000	0.225599	1050.490413	-420.000000	0.000000	33.000000	1097.668492	0.000000	0.000000	0.000000	0	0.212131	436.163023	224.960714	-356.869319	-251.597535	227.291000	-359.781965	-244.027769	46.703354	0.000000	-420.000000	0	8.438904	0.052949	0.072150	226.125857	-358.325642	-247.812652	179.422503	358.325642	172.187348	359.781965	175.972231	185.402465	0	0	1	0	0
nt	1	63.500000	0	3	17	8.000000	25.000000	0.225599	1097.882784	-420.000000	0.000000	34.000000	1144.215671	0.000000	0.000000	0.000000	0	0.045283	436.226920	225.103189	-356.884468	-251.608753	227.494461	-359.747450	-244.013165	46.703354	0.000000	-420.000000	0	8.462140	0.023236	0.063897	226.298825	-358.315959	-247.810959	179.595472	358.315959	172.189041	359.747450	175.986835	185.391247	0	0	1	0	0
nt	1	63.500000	0	3	17	8.000000	25.000000	0.225599	1144.430819	-420.000000	0.000000	35.000000	1191.783839	0.000000	0.000000	0.000000	0	0.059409	436.268101	225.208357	-356.903494	-251.634146	227.566205	-359.741920	-243.991757	46.703354	0.000000	-420.000000	0	8.486590	0.024451	0.041181	226.387281	-358.322707	-247.812952	179.683927	358.322707	172.187048	359.741920	176.008243	185.365854	0	0	1	0	0
nt	1	63.500000	0	3	17	8.000000	25.000000	0.225599	1191.997704	-420.000000	0.000000	36.000000	1238.760031	0.000000	0.000000	0.000000	0	0.053932	436.260029	225.150379	-356.876836	-251.616846	227.624296	-359.735845	-243.981962	46.703354	0.000000	-420.000000	0	8.519722	0.033131	0.008072	226.387338	-358.306341	-247.799404	179.683984	358.306341	172.200596	359.735845	176.018038	185.383154	0	0	1	0	0
nt	1	63.500000	0	3	17	8.000000	25.000000	0.225599	1239.006830	-420.000000	0.000000	37.000000	1285.530484	0.000000	0.000000	0.000000	0	0.045816	436.225113	225.068870	-356.883834	-251.614357	227.534397	-359.745208	-244.016590	46.703354	0.000000	-420.000000	0	8.484830	0.034891	0.034916	226.301634	-358.314521	-247.815474	179.598280	358.314521	172.184526	359.745208	175.983410	185.385643	0	0	1	0	0
nt	1	63.500000	0	3	17	8.000000	25.000000	0.225599	1285.752048	-420.000000	0.000000	38.000000	1333.029788	0.000000	0.000000	0.000000	0	0.054339	436.230729	225.182509	-356.892636	-251.627493	227.425162	-359.758954	-244.026516	46.703354	0.000000	-420.000000	0	8.427344	0.057487	0.005616	226.303836	-358.325795	-247.827004	179.600482	358.325795	172.172996	359.758954	175.973484	185.372507	0	0	1	0	0
nt	1	63.500000	0	3	17	8.000000	25.000000	0.225599	1333.240659	-420.000000	0.000000	39.000000	1380.156540	0.000000	0.000000	0.000000	0	0.094052	436.217824	225.095191	-356.887238	-251.609574	227.402023	-359.776505	-244.019917	46.703354	0.000000	-420.000000	0	8.442288	0.014944	0.012905	226.248607	-358.331872	-247.814745	179.545253	358.331872	172.185255	359.776505	175.980083	185.390426	0	0	1	0	0
nt	1	63.500000	0	3	17	8.000000	25.000000	0.225599	1380.534225	-420.000000	0.000000	40.000000	1427.155829	0.000000	0.000000	0.000000	0	0.114961	436.293803	225.178816	-356.870308	-251.580022	227.722119	-359.742721	-243.980148	46.703354	0.000000	-420.000000	0	8.513357	0.071069	0.075979	226.450468	-358.306514	-247.780085	179.747114	358.306514	172.219915	359.742721	176.019852	185.419978	0	0	1	0	0
nt	1	63.500000	0	3	17	8.000000	25.000000	0.225599	1427.371832	-420.000000	0.000000	41.000000	1474.118761	0.000000	0.000000	0.000000	0	0.069773	436.275374	225.148102	-356.882844	-251.596689	227.662421	-359.741555	-243.986157	46.703354	0.000000	-420.000000	0	8.509655	0.003702	0.018429	226.405261	-358.312199	-247.791423	179.701907	358.312199	172.208577	359.741555	176.013843	185.403311	0	0	1	0	0
nt	1	63.500000	0	3	17	8.000000	25.000000	0.225599	1474.330914	-420.000000	0.000000	42.000000	1521.080837	0.000000	0.000000	0.000000	0	0.126327	436.300459	225.259771	-356.884794	-251.600332	227.664233	-359.733757	-243.961679	46.703354	0.000000	-420.000000	0	8.499826	0.009829	0.025085	226.462002	-358.309275	-247.781005	179.758648	358.309275	172.218995	359.733757	176.038321	185.399668	0	0	1	0	0
nt	1	63.500000	0	3	17	8.000000	25.000000	0.225599	1521.292135	-420.000000	0.000000	43.000000	1568.262766	0.000000	0.000000	0.000000	0	0.058745	436.278308	225.231061	-356.896710	-251.607639	227.555496	-359.747957	-243.977507	46.703354	0.000000	-420.000000	0	8.470627	0.029199	0.022151	226.393278	-358.322334	-247.792573	179.689924	358.322334	172.207427	359.747957	176.022493	185.392361	0	0	1	0	0
nt	1	63.500000	0	3	17	8.000000	25.000000	0.225599	1568.475347	-420.000000	0.000000	44.000000	1615.226125	0.000000	0.000000	0.000000	0	0.139073	436.203318	225.067722	-356.915055	-251.636346	227.342325	-359.765555	-244.010865	46.703354	0.000000	-420.000000	0	8.452640	0.017987	0.074990	226.205023	-358.340305	-247.823606	179.501670	358.340305	172.176394	359.765555	175.989135	185.363654	0	0	1	0	0
nt	1	63.500000	0	3	17	8.000000	25.000000	0.225599	1615.652143	-420.000000	0.000000	45.000000	1662.104794	0.000000	0.000000	0.000000	0	0.136497	436.198780	225.031585	-356.884813	-251.595373	227.369703	-359.765990	-244.003668	46.703354	0.000000	-420.000000	0	8.449968	0.002673	0.004538	226.200644	-358.325401	-247.799520	179.497290	358.325401	172.200480	359.765990	175.996332	185.404627	0	0	1	0	0
nt	1	63.500000	0	3	17	8.000000	25.000000	0.225599	1662.315665	-420.000000	0.000000	46.000000	1709.455249	0.000000	0.000000	0.000000	0	0.148483	436.197769	225.030020	-356.883791	-251.586484	227.345635	-359.766215	-243.989300	46.703354	0.000000	-420.000000	0	8.449120	0.000847	0.001010	226.187828	-358.325003	-247.787892	179.484474	358.325003	172.212108	359.766215	176.010700	185.413516	0	0	1	0	0
nt	1	63.500000	0	3	17	8.000000	25.000000	0.225599	1709.667402	-420.000000	0.000000	47.000000	1756.951558	0.000000	0.000000	0.000000	0	0.108651	436.218656	225.082549	-356.915885	-251.624643	227.378903	-359.754809	-243.977808	46.703354	0.000000	-420.000000	0	8.473889	0.024769	0.020887	226.230726	-358.335347	-247.801225	179.527372	358.335347	172.198775	359.754809	176.022192	185.375357	0	0	1	0	0
nt	1	63.500000	0	3	17	8.000000	25.000000	0.225599	1757.183388	-420.000000	0.000000	48.000000	1803.729711	0.000000	0.000000	0.000000	0	0.202012	436.140290	224.921495	-356.844211	-251.592738	227.351189	-359.736575	-244.022886	46.703354	0.000000	-420.000000	0	8.460014	0.013875	0.078366	226.136342	-358.290393	-247.807812	179.432988	358.290393	172.192188	359.736575	175.977114	185.407262	0	0	1	0	0
nt	1	63.500000	0	3	17	8.000000	25.000000	0.225599	1803.951275	-420.000000	0.000000	49.000000	1850.920195	0.000000	0.000000	0.000000	0	0.253439	436.117952	224.853016	-356.843183	-251.621451	227.316493	-359.739011	-244.002759	46.703354	0.000000	-420.000000	0	8.514635	0.054622	0.022338	226.084754	-358.291097	-247.812105	179.381400	358.291097	172.187895	359.739011	175.997241	185.378549	0	0	1	0	0
nt	1	63.500000	0	3	17	8.000000	25.000000	0.225599	1851.252540	-420.000000	0.000000	50.000000	1897.886976	0.000000	0.000000	0.000000	0	0.220455	436.104249	224.999761	-356.835286	-251.661495	227.254303	-359.695739	-244.013763	46.703354	0.000000	-420.000000	0	8.470711	0.043924	0.013703	226.127032	-358.265513	-247.837629	179.423678	358.265513	172.162371	359.695739	175.986237	185.338505	0	0	1	0	0
nt	1	63.500000	0	3	17	8.000000	25.000000	0.225599	1898.102124	-420.000000	0.000000	51.000000	1945.046663	0.000000	0.000000	0.000000	0	0.338877	435.993632	224.941325	-356.746173	-251.672112	227.115178	-359.624304	-244.023584	46.703354	0.000000	-420.000000	0	8.456315	0.014397	0.110617	226.028252	-358.185239	-247.847848	179.324898	358.185239	172.152152	359.624304	175.976416	185.327888	0	0	1	0	0
nt	1	63.500000	0	3	17	8.000000	25.000000	0.225599	1945.258389	-420.000000	0.000000	52.000000	1992.320982	0.000000	0.000000	0.000000	0	0.363104	435.905957	225.125025	-356.520495	-251.677136	227.354241	-359.412252	-243.992772	46.703354	0.000000	-420.000000	0	8.507708	0.051394	0.087676	226.239633	-357.966374	-247.834954	179.536279	357.966374	172.165046	359.412252	176.007228	185.322864	0	0	1	0	0
nt	1	63.500000	0	3	17	8.000000	25.000000	0.225599	1992.531424	-420.000000	0.000000	53.000000	2039.699666	0.000000	0.000000	0.000000	0	1.881090	434.585562	224.629743	-355.063787	-251.724904	227.611892	-357.831380	-244.071057	46.703354	0.000000	-420.000000	0	8.667996	0.160287	1.320394	226.120818	-356.447583	-247.897980	179.417464	356.447583	172.102020	357.831380	175.928943	185.275096	0	0	1	0	0
nt	1	63.500000	0	3	17	8.000000	25.000000	0.225599	2039.919519	-420.000000	0.000000	54.000000	2086.976123	2075.557042	0.000000	0.000000	0	10.926951	426.771013	224.513351	-347.123938	-253.554206	226.248334	-347.752389	-242.966096	46.703354	0.000000	-420.000000	0	10.747706	2.079710	7.814549	225.380842	-347.438163	-248.260151	178.677488	347.438163	171.739849	347.752389	177.033904	183.445794	0	0	1	0	0
nt	1	63.500000	0	3	17	8.000000	25.000000	0.225599	2087.212229	-420.000000	0.000000	55.000000	2134.237609	2075.557042	0.000000	0.000000	0	25.835085	414.318317	224.487216	-333.191479	-255.449434	225.309746	-331.880475	-242.053917	46.703354	0.000000	-420.000000	0	13.484627	2.736921	12.452696	224.898481	-332.535977	-248.751675	178.195127	332.535977	171.248325	331.880475	177.946083	181.550566	0	0	1	0	0
nt	1	63.500000	0	3	17	8.000000	25.000000	0.225599	2134.497669	-420.000000	0.000000	56.000000	2181.345541	2075.557042	0.000000	0.000000	0	43.781922	399.065049	223.710226	-316.248416	-258.339540	224.004092	-313.079899	-241.919908	46.703354	0.000000	-420.000000	0	16.725136	3.240509	15.253268	223.857159	-314.664158	-250.129724	177.153805	314.664158	169.870276	313.079899	178.080092	178.660460	0	0	1	0	0
nt	1	63.500000	0	3	17	8.000000	25.000000	0.225599	2181.587636	-420.000000	0.000000	57.000000	2227.884166	2075.557042	0.000000	0.000000	0	61.893324	383.079107	221.588925	-299.196097	-261.386085	220.620718	-294.361494	-242.423037	46.703354	0.000000	-420.000000	0	19.593570	2.868434	15.985942	221.104822	-296.778796	-251.904561	174.401468	296.778796	168.095439	294.361494	177.576963	175.613915	0	0	1	0	0
nt	1	63.500000	0	3	17	8.000000	25.000000	0.225599	2228.107013	-420.000000	0.000000	58.000000	2275.070800	2075.557042	0.000000	0.000000	0	79.206092	366.618609	218.092916	-283.053345	-266.730544	215.677542	-277.081355	-244.577420	46.703354	0.000000	-420.000000	0	23.070751	3.477181	16.460498	216.885229	-280.067350	-255.653982	170.181875	280.067350	164.346018	277.081355	175.422580	170.269456	0	0	1	0	0
nt	1	63.500000	0	3	17	8.000000	25.000000	0.225599	2275.289369	-420.000000	0.000000	59.000000	2322.356239	2075.557042	0.000000	0.000000	0	98.361240	347.570631	212.035670	-265.418222	-274.426133	208.833740	-258.886827	-247.621405	46.703354	0.000000	-420.000000	0	27.774177	4.703425	19.047978	210.434705	-262.152524	-261.023769	163.731351	262.152524	158.976231	258.886827	172.378595	162.573867	0	0	1	0	0
nt	1	63.500000	0	3	17	8.000000	25.000000	0.225599	2322.659071	-420.000000	0.000000	60.000000	2369.429097	2075.557042	0.000000	0.000000	0	119.341226	326.572571	204.457288	-247.162568	-282.070488	200.379655	-238.873112	-252.349569	46.703354	0.000000	-420.000000	0	31.123548	3.349372	20.998060	202.418472	-243.017840	-267.210028	155.715118	243.017840	152.789972	238.873112	167.650431	154.929512	0	0	1	0	0
nt	1	63.500000	0	3	17	8.000000	25.000000	0.225599	2369.645956	-420.000000	0.000000	61.000000	2416.355244	2075.557042	0.000000	0.000000	0	140.474160	304.314188	193.861750	-229.220001	-291.117937	189.009255	-220.738434	-258.750492	46.703354	0.000000	-420.000000	0	33.810282	2.686734	22.258383	191.435502	-224.979217	-274.934215	144.732149	224.979217	145.065785	220.738434	161.249508	145.882063	0	0	1	0	0
nt	1	63.500000	0	3	17	8.000000	25.000000	0.225599	2416.568253	-420.000000	0.000000	62.000000	2463.081642	2075.557042	0.000000	0.000000	0	161.632743	281.502294	181.284870	-212.193300	-301.007265	176.694924	-204.085064	-267.538186	46.703354	0.000000	-420.000000	0	34.741766	0.931484	22.811894	178.989897	-208.139182	-284.272726	132.286543	208.139182	135.727274	204.085064	152.461814	135.992735	0	0	1	0	0
nt	1	63.500000	0	3	17	8.000000	25.000000	0.225599	2463.358383	-420.000000	0.000000	63.000000	2510.227642	2075.557042	0.000000	0.000000	0	183.093314	258.762099	167.197417	-194.309990	-310.049481	164.198616	-188.952967	-276.372358	46.703354	0.000000	-420.000000	0	34.232135	0.509631	22.740195	165.698017	-191.631478	-293.210920	118.994663	191.631478	126.789080	188.952967	143.627642	126.950519	0	0	1	0	0
nt	1	63.500000	0	3	17	8.000000	25.000000	0.225599	2510.441506	-420.000000	0.000000	64.000000	2556.679437	2075.557042	0.000000	0.000000	0	204.764432	236.442715	154.410234	-176.941849	-319.198641	150.528596	-172.995482	-283.275244	46.703354	0.000000	-420.000000	0	36.347371	2.115235	22.319385	152.469415	-174.968665	-301.236943	105.766061	174.968665	118.763057	172.995482	136.724756	117.801359	0	0	0	0	0
nt	1	63.500000	0	3	17	8.000000	25.000000	0.225599	2556.902284	-420.000000	0.000000	65.000000	2603.880186	2075.557042	0.000000	0.000000	0	224.853104	215.762202	142.506720	-161.639278	-328.554277	138.163126	-158.244039	-290.492128	46.703354	0.000000	-420.000000	0	38.459350	2.111979	20.680513	140.334923	-159.941659	-309.523202	93.631569	159.941659	110.476798	158.244039	129.507872	108.445723	0	0	0	0	0
nt	1	63.500000	0	3	17	8.000000	25.000000	0.225599	2604.093623	-420.000000	0.000000	66.000000	2651.300788	2075.557042	0.000000	0.000000	0	242.230804	197.731463	133.089488	-148.874180	-338.619867	128.472914	-145.375486	-297.586801	46.703354	0.000000	-420.000000	0	41.439910	2.980560	18.030739	130.781201	-147.124833	-318.103334	84.077847	147.124833	101.896666	145.375486	122.413199	98.380133	0	0	0	0	0
nt	1	63.500000	0	3	17	8.000000	25.000000	0.225599	2651.515080	-420.000000	0.000000	67.000000	2698.478012	2075.557042	0.000000	0.000000	0	257.131351	182.310585	124.734727	-138.520795	-347.611288	119.752452	-134.345238	-303.530519	46.703354	0.000000	-420.000000	0	44.557520	3.117610	15.420878	122.243590	-136.433017	-325.570904	75.540236	136.433017	94.429096	134.345238	116.469481	89.388712	0	0	0	0	0
nt	1	63.500000	0	3	17	8.000000	25.000000	0.225599	2698.691449	-420.000000	0.000000	68.000000	2745.129557	2075.557042	0.000000	0.000000	0	269.536060	169.474289	116.862225	-130.649133	-355.540570	111.354896	-125.662626	-308.344204	46.703354	0.000000	-420.000000	0	47.777535	3.220015	12.836296	114.108560	-128.155880	-331.942387	67.405206	128.155880	88.057613	125.662626	111.655796	81.459430	0	0	0	0	0
nt	1	63.500000	0	3	17	8.000000	25.000000	0.225599	2745.344705	-420.000000	0.000000	69.000000	2792.024052	2075.557042	0.000000	0.000000	0	279.686738	158.845873	109.899612	-125.204343	-363.368744	104.041832	-118.941829	-312.948421	46.703354	0.000000	-420.000000	0	51.144321	3.366786	10.628415	106.970722	-122.073086	-338.158582	60.267368	122.073086	81.841418	118.941829	107.051579	73.631256	0	0	0	0	0
nt	1	63.500000	0	3	17	8.000000	25.000000	0.225599	2792.320468	-420.000000	0.000000	70.000000	2839.165347	2075.557042	0.000000	0.000000	0	289.529056	148.695136	103.046716	-120.377242	-371.867467	95.893477	-112.912043	-316.871941	46.703354	0.000000	-420.000000	0	55.958967	4.814645	10.150738	99.470096	-116.644642	-344.369704	52.766742	116.644642	75.630296	112.912043	103.128059	65.132533	0	0	0	0	0
nt	1	63.500000	0	3	17	8.000000	25.000000	0.225599	2839.454064	-420.000000	0.000000	71.000000	2886.325462	2075.557042	0.000000	0.000000	0	298.206077	139.900971	96.935491	-116.872273	-379.697564	88.099888	-107.805777	-320.971579	46.703354	0.000000	-420.000000	0	60.075041	4.116075	8.794164	92.517689	-112.339025	-350.334572	45.814335	112.339025	69.665428	107.805777	99.028421	57.302436	0	0	0	0	0
nt	1	63.500000	0	3	17	8.000000	25.000000	0.225599	2886.541037	-420.000000	0.000000	72.000000	2933.272567	2075.557042	0.000000	0.000000	0	305.882177	132.333734	89.946602	-114.047922	-386.810013	81.753390	-104.503816	-326.090939	46.703354	0.000000	-420.000000	0	62.008262	1.933221	7.567238	85.849996	-109.275869	-356.450476	39.146642	109.275869	63.549524	104.503816	93.909061	50.189987	0	0	0	0	0
nt	1	63.500000	0	3	17	8.000000	25.000000	0.225599	2933.487287	-420.000000	0.000000	73.000000	2980.573405	2075.557042	0.000000	0.000000	0	312.605343	126.423508	82.180930	-112.366424	-392.720058	74.180977	-103.645868	-331.924205	46.703354	0.000000	-420.000000	0	61.936929	0.071333	5.910226	78.180954	-108.006146	-362.322131	31.477600	108.006146	57.677869	103.645868	88.075795	44.279942	0	0	0	0	0
nt	1	63.500000	0	3	17	8.000000	25.000000	0.225599	2980.787269	-420.000000	0.000000	74.000000	3027.624877	2075.557042	0.000000	0.000000	0	317.940347	122.996768	73.822204	-111.856830	-395.540093	65.882767	-104.558582	-337.065029	46.703354	0.000000	-420.000000	0	59.461183	2.475746	3.426740	69.852486	-108.207706	-366.302561	23.149132	108.207706	53.697439	104.558582	82.934971	41.459907	0	0	0	0	0
nt	1	63.500000	0	3	17	8.000000	25.000000	0.225599	3027.840452	-420.000000	0.000000	75.000000	3074.282838	2075.557042	0.000000	0.000000	0	323.195869	120.510271	64.808209	-111.004047	-396.797679	57.981447	-104.729117	-339.825603	46.703354	0.000000	-420.000000	0	57.721720	1.739464	2.486497	61.394828	-107.866582	-368.311641	14.691475	107.866582	51.688359	104.729117	80.174397	40.202321	0	0	0	0	0
nt	1	63.500000	0	3	17	8.000000	25.000000	0.225599	3074.496702	-420.000000	0.000000	76.000000	3121.200002	2075.557042	0.000000	0.000000	0	328.127958	118.963644	56.227399	-110.028037	-397.511251	50.317356	-105.174943	-341.868353	46.703354	0.000000	-420.000000	0	56.165943	1.555777	1.546627	53.272377	-107.601490	-369.689802	6.569023	107.601490	50.310198	105.174943	78.131647	39.488749	0	0	0	0	0
nt	1	63.500000	0	3	17	8.000000	25.000000	0.225599	3121.414294	-420.000000	0.000000	77.000000	3168.664232	2075.557042	0.000000	0.000000	0	333.664804	116.941422	48.340788	-108.169574	-397.558400	43.322290	-103.876822	-343.778178	46.703354	0.000000	-420.000000	0	54.184180	1.981763	2.022222	45.831539	-106.023198	-370.668289	0.871815	106.023198	49.331711	103.876822	76.221822	39.441600	0	0	0	0	0
nt	1	63.500000	0	3	17	8.000000	25.000000	0.225599	3168.878097	-420.000000	0.000000	78.000000	3215.971486	2075.557042	0.000000	0.000000	0	339.073347	114.641768	41.648760	-105.305072	-397.413293	37.870303	-101.855824	-345.311654	46.703354	0.000000	-420.000000	0	52.352220	1.831960	2.299655	39.759531	-103.580448	-371.362473	6.943823	103.580448	48.637527	101.855824	74.688346	39.586707	0	0	0	0	0
nt	1	63.500000	0	3	17	8.000000	25.000000	0.225599	3216.187061	-420.000000	0.000000	79.000000	3262.406172	2075.557042	0.000000	0.000000	0	345.428863	111.512715	35.369173	-100.639506	-396.111198	32.268471	-97.345947	-344.500383	46.703354	0.000000	-420.000000	0	51.808668	0.543551	3.129053	33.818822	-98.992727	-370.305790	12.884532	98.992727	49.694210	97.345947	75.499617	40.888802	0	0	0	0	0
nt	1	63.500000	0	3	17	8.000000	25.000000	0.225599	3262.620037	-420.000000	0.000000	80.000000	3309.772025	2075.557042	0.000000	0.000000	0	351.926833	108.510577	28.807419	-94.934409	-392.168301	27.927485	-90.823460	-341.778059	46.703354	0.000000	-420.000000	0	50.565311	1.243357	3.002138	28.367452	-92.878934	-366.973180	18.335902	92.878934	53.026820	90.823460	78.221941	44.831699	0	0	0	0	0
nt	1	63.500000	0	3	17	8.000000	25.000000	0.225599	3310.047054	-420.000000	0.000000	81.000000	3356.918024	2075.557042	0.000000	0.000000	0	358.901564	105.856625	22.687198	-87.206513	-385.047946	24.090391	-82.605316	-337.426874	46.703354	0.000000	-420.000000	0	47.863414	2.701897	2.653952	23.388795	-84.905915	-361.237410	23.314559	84.905915	58.762590	82.605316	82.573126	51.952054	0	0	0	0	0
nt	1	63.500000	0	3	17	8.000000	25.000000	0.225599	3357.143865	-420.000000	0.000000	82.000000	3404.118773	2075.557042	0.000000	0.000000	0	366.321901	103.038745	17.786711	-77.728213	-378.157481	21.746337	-73.356773	-332.463667	46.703354	0.000000	-420.000000	0	46.072906	1.790508	2.817880	19.766524	-75.542493	-355.310574	26.936830	75.542493	64.689426	73.356773	87.536333	58.842519	0	0	0	0	0
nt	1	63.500000	0	3	17	8.000000	25.000000	0.225599	3404.331783	-420.000000	0.000000	83.000000	3450.726262	2075.557042	0.000000	0.000000	0	374.065770	99.860228	14.935685	-67.610353	-372.221271	20.480764	-62.750001	-328.023340	46.703354	0.000000	-420.000000	0	44.808794	1.264113	3.178516	17.708224	-65.180177	-350.122305	28.995130	65.180177	69.877695	62.750001	91.976660	64.778729	0	0	0	0	0
nt	1	63.500000	0	3	17	8.000000	25.000000	0.225599	3450.938844	-420.000000	0.000000	84.000000	3497.767041	2075.557042	0.000000	0.000000	0	380.983731	97.130374	13.910801	-57.520205	-367.790826	19.834364	-53.846201	-324.644739	46.703354	0.000000	-420.000000	0	43.705511	1.103283	2.729854	16.872583	-55.683203	-346.217783	29.830771	55.683203	73.782217	53.846201	95.355261	69.209174	0	0	0	0	0
nt	1	63.500000	0	3	17	8.000000	25.000000	0.225599	3497.979622	-420.000000	0.000000	85.000000	3544.950253	2075.557042	0.000000	0.000000	0	387.387705	94.128897	13.708387	-48.161567	-365.494604	20.052860	-45.811541	-322.674994	46.703354	0.000000	-420.000000	0	43.350824	0.354687	3.001477	16.880623	-46.986554	-344.084799	29.822731	46.986554	75.915201	45.811541	97.325006	71.505396	0	0	0	0	0
nt	1	63.500000	0	3	17	8.000000	25.000000	0.225599	3545.162834	-420.000000	0.000000	86.000000	3592.429881	2075.557042	0.000000	0.000000	0	392.956374	90.586571	15.775927	-39.662264	-364.472132	20.779920	-38.207250	-322.139389	46.703354	0.000000	-420.000000	0	42.652294	0.698530	3.542327	18.277924	-38.934757	-343.305760	28.425430	38.934757	76.694240	38.207250	97.860611	72.527868	0	0	0	0	0
nt	1	63.500000	0	3	17	8.000000	25.000000	0.225599	3592.709188	-420.000000	0.000000	87.000000	3639.208462	2075.557042	0.000000	0.000000	0	397.562303	85.960268	18.736038	-32.015129	-365.132603	22.763791	-32.177045	-324.063844	46.703354	0.000000	-420.000000	0	41.266112	1.386182	4.626302	20.749914	-32.096087	-344.598223	25.953440	32.096087	75.401777	32.177045	95.936156	71.867397	0	0	0	0	0
nt	1	63.500000	0	3	17	8.000000	25.000000	0.225599	3639.484347	-420.000000	0.000000	88.000000	3686.923341	2075.557042	0.000000	0.000000	0	401.667940	81.497506	21.557176	-25.603104	-366.525812	24.831470	-26.703734	-326.434497	46.703354	0.000000	-420.000000	0	40.239855	1.026257	4.462762	23.194323	-26.153419	-346.480155	23.509031	26.153419	73.519845	26.703734	93.565503	70.474188	0	0	0	0	0
nt	1	63.500000	0	3	17	8.000000	25.000000	0.225599	3687.136778	-420.000000	0.000000	89.000000	3733.682246	2075.557042	0.000000	0.000000	0	405.815436	76.871980	25.731191	-18.792815	-368.323479	27.649063	-20.486871	-328.525570	46.703354	0.000000	-420.000000	0	39.880090	0.359765	4.625526	26.690127	-19.639843	-348.424525	20.013227	19.639843	71.575475	20.486871	91.474430	68.676521	0	0	0	0	0
nt	1	63.500000	0	3	17	8.000000	25.000000	0.225599	3733.895255	-420.000000	0.000000	90.000000	3780.918924	2075.557042	0.000000	0.000000	0	410.135089	71.728004	30.580291	-11.607603	-370.544042	31.623079	-13.909915	-331.779402	46.703354	0.000000	-420.000000	0	38.846948	1.033142	5.143976	31.101685	-12.758759	-351.161722	15.601669	12.758759	68.838278	13.909915	88.220598	66.455958	0	0	0	0	0
nt	1	63.500000	0	3	17	8.000000	25.000000	0.225599	3781.136638	-420.000000	0.000000	91.000000	3827.958847	2075.557042	0.000000	0.000000	0	414.343589	65.215129	37.208206	-4.612101	-375.279779	36.652475	-7.346095	-336.318481	46.703354	0.000000	-420.000000	0	39.061058	0.214110	6.512875	36.930341	-5.979098	-355.799130	9.773013	5.979098	64.200870	7.346095	83.681519	61.720221	0	0	0	0	0
nt	1	63.500000	0	3	17	8.000000	25.000000	0.225599	3828.175706	-420.000000	0.000000	92.000000	3875.264390	2075.557042	0.000000	0.000000	0	418.821489	58.545405	44.834067	1.998433	-381.207427	41.386782	-0.590701	-341.930948	46.703354	0.000000	-420.000000	0	39.512393	0.451335	6.669725	43.110425	0.703866	-361.569188	3.592929	0.703866	58.430812	0.590701	78.069052	55.792573	0	0	0	0	0
nt	1	63.500000	0	3	17	8.000000	25.000000	0.225599	3875.475260	-420.000000	0.000000	93.000000	3922.445891	2075.557042	0.000000	0.000000	0	422.124461	52.378139	52.462716	7.098648	-387.960909	46.592435	4.217951	-348.049152	46.703354	0.000000	-420.000000	0	40.443874	0.931481	6.167266	49.527576	5.658300	-368.005031	2.824222	5.658300	51.994969	4.217951	71.950848	49.039091	0	0	0	0	0
nt	1	63.500000	0	3	17	8.000000	25.000000	0.225599	3922.658473	-420.000000	0.000000	94.000000	3969.089309	2075.557042	0.000000	0.000000	0	424.972566	46.459255	57.579925	10.154891	-395.204061	50.118622	7.211585	-354.640526	46.703354	0.000000	-420.000000	0	41.348935	0.905061	5.918883	53.849274	8.683238	-374.922293	7.145920	8.683238	45.077707	7.211585	65.359474	41.795939	0	0	0	0	0
nt	1	63.500000	0	3	17	8.000000	25.000000	0.225599	3969.300608	-420.000000	0.000000	95.000000	4015.918790	2075.557042	0.000000	0.000000	0	426.538781	40.554663	59.155290	9.291252	-402.102726	49.922319	7.933503	-360.202657	46.703354	0.000000	-420.000000	0	42.926764	1.577829	5.904592	54.538805	8.612377	-381.152692	7.835451	8.612377	38.847308	7.933503	59.797343	34.897274	0	0	0	0	0
nt	1	63.500000	0	3	17	8.000000	25.000000	0.225599	4016.130516	-420.000000	0.000000	96.000000	4062.905674	2075.557042	0.000000	0.000000	0	425.488220	33.775497	55.659131	3.227300	-408.567497	47.162826	4.369302	-364.973633	46.703354	0.000000	-420.000000	0	44.428779	1.502015	6.779166	51.410979	3.798301	-386.770565	4.707625	3.798301	33.229435	4.369302	55.026367	28.432503	0	0	0	0	0
nt	1	63.500000	0	3	17	8.000000	25.000000	0.225599	4063.117400	-420.000000	0.000000	97.000000	4109.909240	2075.557042	0.000000	0.000000	0	422.453920	28.273968	53.611976	-3.457222	-415.521655	40.670909	-4.491589	-368.498725	46.703354	0.000000	-420.000000	0	48.782138	4.353360	5.501529	47.141443	-3.974406	-392.010190	0.438089	3.974406	27.989810	4.491589	51.501275	21.478345	0	0	0	0	0
nt	1	63.500000	0	3	17	8.000000	25.000000	0.225599	4110.122249	-420.000000	0.000000	98.000000	4157.501789	2075.557042	0.000000	0.000000	0	416.115003	30.030757	46.980057	-17.104540	-419.808946	35.187124	-15.222758	-370.835160	46.703354	0.000000	-420.000000	0	50.408790	1.626652	1.756789	41.083591	-16.163649	-395.322053	5.619763	16.163649	24.677947	15.222758	49.164840	17.191054	0	0	0	0	0
nt	1	63.500000	0	3	17	8.000000	25.000000	0.225599	4157.725064	-420.000000	0.000000	99.000000	4204.357788	2075.557042	0.000000	0.000000	0	410.715186	37.538934	40.156874	-26.268660	-423.148935	28.376146	-29.496549	-373.167802	46.703354	0.000000	-420.000000	0	51.452099	1.043309	7.508177	34.266510	-27.882604	-398.158369	12.436844	27.882604	21.841631	29.496549	46.832198	13.851065	0	0	0	0	0
nt	1	63.500000	0	3	17	8.000000	25.000000	0.225599	4204.570797	-420.000000	0.000000	100.000000	4251.165882	2075.557042	0.000000	0.000000	0	408.622016	39.321596	40.531748	-26.757188	-422.835265	28.073087	-34.991482	-375.251486	46.703354	0.000000	-420.000000	0	49.872216	1.579883	1.782662	34.302417	-30.874335	-399.043375	12.400936	30.874335	20.956625	34.991482	44.748514	14.164735	0	0	0	0	0
nt	1	63.500000	0	3	17	8.000000	25.000000	0.225599	4251.378891	-420.000000	0.000000	101.000000	4298.989405	2075.557042	0.000000	0.000000	0	409.989454	36.078079	43.562657	-25.693008	-422.566340	30.318370	-29.437241	-375.173579	46.703354	0.000000	-420.000000	0	49.350828	0.521388	3.243517	36.940514	-27.565124	-398.869959	9.762840	27.565124	21.130041	29.437241	44.826421	14.433660	0	0	0	0	0
nt	1	63.500000	0	3	17	8.000000	25.000000	0.225599	4299.382915	-420.000000	0.000000	102.000000	4345.757292	2075.557042	0.000000	0.000000	0	413.811162	28.399457	49.623271	-18.772931	-422.764333	36.137361	-21.794635	-378.223786	46.703354	0.000000	-420.000000	0	46.635403	2.715425	7.678621	42.880316	-20.283783	-400.494059	3.823038	20.283783	19.505941	21.794635	41.776214	14.235667	0	0	0	0	0
nt	1	63.500000	0	3	17	8.000000	25.000000	0.225599	4345.975434	-420.000000	0.000000	103.000000	4392.552554	2075.557042	0.000000	0.000000	0	418.801897	22.592618	56.587262	-9.099369	-421.552353	41.283638	-12.867227	-379.214431	46.703354	0.000000	-420.000000	0	45.176292	1.459111	5.806839	48.935450	-10.983298	-400.383392	2.232096	10.983298	19.616608	12.867227	40.785569	15.447647	0	0	0	0	0
nt	1	63.500000	0	3	17	8.000000	25.000000	0.225599	4392.766846	-420.000000	0.000000	104.000000	4439.990265	2075.557042	0.000000	0.000000	0	423.489261	22.067773	64.057904	0.754285	-419.471522	48.307520	-4.140142	-380.816396	46.703354	0.000000	-420.000000	0	42.026763	3.149529	0.524845	56.182712	-1.692928	-400.143959	9.479358	1.692928	19.856041	4.140142	39.183604	17.528478	0	0	0	0	0
nt	1	63.500000	0	3	17	8.000000	25.000000	0.225599	4440.201991	-420.000000	0.000000	105.000000	4486.800925	2075.557042	0.000000	0.000000	0	428.009825	25.120246	72.541502	9.123356	-420.211115	53.602463	3.015170	-383.663613	46.703354	0.000000	-420.000000	0	41.613904	0.412859	3.052473	63.071982	6.069263	-401.937364	16.368629	6.069263	18.062636	3.015170	36.336387	16.788885	0	0	0	0	0
nt	1	63.500000	0	3	17	8.000000	25.000000	0.225599	4487.013079	-420.000000	0.000000	106.000000	4533.939653	2075.557042	0.000000	0.000000	0	432.458235	26.308499	79.790535	14.408483	-426.681665	55.418206	6.878451	-389.485482	46.703354	0.000000	-420.000000	0	45.102859	3.488955	1.188253	67.604371	10.643467	-408.083574	20.901017	10.643467	11.916426	6.878451	30.514518	10.318335	0	0	0	0	0
nt	1	63.500000	0	3	17	8.000000	25.000000	0.225599	4534.151807	-420.000000	0.000000	107.000000	4580.998396	2075.557042	0.000000	0.000000	0	436.086718	25.761078	83.627667	15.664668	-437.508086	55.430704	7.590253	-397.045189	46.703354	0.000000	-420.000000	0	49.975103	4.872245	0.547421	69.529186	11.627460	-417.276638	22.825832	11.627460	2.723362	7.590253	22.954811	0.508086	0	1	0	0	0
nt	1	63.500000	0	3	17	8.000000	25.000000	0.225599	4581.211833	-420.000000	0.000000	108.000000	4628.200856	2075.557042	0.000000	0.000000	0	437.605955	22.722984	80.790269	10.911885	-447.732102	53.189523	5.260902	-404.821857	46.703354	0.000000	-420.000000	0	51.332483	1.357380	3.038093	66.989896	8.086394	-426.276980	20.286542	8.086394	6.276980	5.260902	15.178143	10.732102	0	1	0	0	0
nt	1	63.500000	0	3	17	8.000000	25.000000	0.225599	4628.413438	-420.000000	0.000000	109.000000	4674.343832	2075.557042	4663.149736	0.000000	0	436.763182	17.829555	71.148616	2.480013	-451.234537	50.255270	1.476395	-410.492796	46.703354	0.000000	-420.000000	0	45.797693	5.534791	4.893429	60.701943	1.978204	-430.863666	13.998589	1.978204	10.863666	1.476395	9.507204	14.234537	0	1	0	1	0
nt	1	63.500000	0	3	17	8.000000	25.000000	0.225599	4674.575661	-420.000000	0.000000	110.000000	4721.581793	2075.557042	4663.149736	0.000000	0	435.332963	15.786542	62.435108	-4.558876	-451.568461	46.725633	-3.094992	-414.701071	46.703354	0.000000	-420.000000	0	40.101559	5.696134	2.043013	54.580370	-3.826934	-433.134766	7.877017	3.826934	13.134766	3.094992	5.298929	14.568461	0	1	0	1	0
nt	1	63.500000	0	3	17	8.000000	25.000000	0.225599	4721.796941	-420.000000	0.000000	111.000000	4769.097778	2075.557042	4663.149736	0.000000	0	433.921181	17.625280	56.729618	-9.162850	-451.186508	46.356309	-6.862461	-418.681604	46.703354	0.000000	-420.000000	0	34.197457	5.904101	1.838738	51.542964	-8.012655	-434.934056	4.839610	8.012655	14.934056	6.862461	1.318396	14.186508	0	1	0	1	0
nt	1	63.500000	0	3	17	8.000000	25.000000	0.225599	4769.313354	-420.000000	0.000000	112.000000	4816.043601	2075.557042	4663.149736	0.000000	0	432.910575	16.949654	50.494190	-12.319750	-447.149122	43.707406	-8.888521	-419.284577	46.703354	0.000000	-420.000000	0	28.883674	5.313783	0.675626	47.100798	-10.604135	-433.216850	0.397444	10.604135	13.216850	8.888521	0.715423	10.149122	0	1	0	1	0
nt	1	63.500000	0	3	17	8.000000	25.000000	0.225599	4816.376374	-420.000000	0.000000	113.000000	4862.889335	2075.557042	4663.149736	0.000000	0	433.537514	16.558014	47.995698	-12.150465	-447.381113	41.814667	-9.090129	-417.769927	46.703354	0.000000	-420.000000	0	30.403834	1.520159	0.391640	44.905182	-10.620297	-432.575520	1.798171	10.620297	12.575520	9.090129	2.230073	10.381113	0	1	0	1	0
nt	1	63.500000	0	3	17	8.000000	25.000000	0.225599	4863.107904	-420.000000	0.000000	114.000000	4909.782119	2075.557042	4663.149736	0.000000	0	434.663276	15.316422	47.621730	-11.551363	-447.276995	41.277955	-6.805245	-416.828871	46.703354	0.000000	-420.000000	0	31.461998	1.058165	1.241593	44.449843	-9.178304	-432.052933	2.253511	9.178304	12.052933	6.805245	3.171129	10.276995	0	1	0	1	0
nt	1	63.500000	0	3	17	8.000000	25.000000	0.225599	4909.996839	-420.000000	0.000000	115.000000	4957.033768	2075.557042	4663.149736	0.000000	0	436.262138	12.701773	47.730473	-10.072096	-446.855186	40.225053	-3.166970	-414.129377	46.703354	0.000000	-420.000000	0	34.278136	2.816138	2.614649	43.977763	-6.619533	-430.492282	2.725591	6.619533	10.492282	3.166970	5.870623	9.855186	0	1	0	1	0
nt	1	63.500000	0	3	17	8.000000	25.000000	0.225599	4957.248916	-420.000000	0.000000	116.000000	5004.054015	2075.557042	4663.149736	0.000000	0	438.979868	9.683264	48.235473	-6.055075	-446.725777	38.580443	0.780279	-410.704094	46.703354	0.000000	-420.000000	0	37.914422	3.636285	3.018509	43.407958	-2.637398	-428.714935	3.295396	2.637398	8.714935	0.780279	9.295906	9.725777	0	1	0	1	0
nt	1	63.500000	0	3	17	8.000000	25.000000	0.225599	5004.267880	-420.000000	0.000000	117.000000	5051.177345	2075.557042	4663.149736	0.000000	0	441.783577	9.382844	48.112895	-2.348257	-446.846160	39.969108	4.401057	-411.030769	46.703354	0.000000	-420.000000	0	37.344568	0.569854	0.300420	44.041001	1.026400	-428.938465	2.662353	1.026400	8.938465	4.401057	8.969231	9.846160	0	1	0	1	0
nt	1	63.500000	0	3	17	8.000000	25.000000	0.225599	5051.389499	-420.000000	0.000000	118.000000	5098.612062	2075.557042	4663.149736	0.000000	0	443.667440	10.722539	48.292517	-0.482971	-446.466697	41.768904	7.015772	-413.683313	46.703354	0.000000	-420.000000	0	34.256955	3.087613	1.339695	45.030710	3.266401	-430.075005	1.672644	3.266401	10.075005	7.015772	6.316687	9.466697	0	1	0	1	0
nt	1	63.500000	0	3	17	8.000000	25.000000	0.225599	5098.825927	-420.000000	0.000000	119.000000	5145.566439	2075.557042	4663.149736	0.000000	0	445.600309	12.949610	48.257945	1.909308	-446.370909	44.709132	9.163944	-417.037624	46.703354	0.000000	-420.000000	0	30.424750	3.832205	2.227071	46.483538	5.536626	-431.704267	0.219816	5.536626	11.704267	9.163944	2.962376	9.370909	0	1	0	1	0
nt	1	63.500000	0	3	17	8.000000	25.000000	0.225599	5145.780304	-420.000000	0.000000	120.000000	5192.475477	2075.557042	4663.149736	0.000000	0	446.555654	14.805888	48.844351	3.673195	-445.804120	47.149767	9.787685	-420.444067	46.703354	0.000000	-420.000000	0	26.141746	4.283004	1.856278	47.997059	6.730440	-433.124093	1.293705	6.730440	13.124093	9.787685	0.444067	8.804120	0	1	0	1	0
nt	1	63.500000	0	3	17	8.000000	25.000000	0.225599	5192.688486	-420.000000	0.000000	121.000000	5239.442686	2075.557042	4663.149736	0.000000	0	446.928802	15.432775	48.376614	3.991968	-445.720621	47.100160	9.366243	-422.027445	46.703354	0.000000	-420.000000	0	24.328558	1.813188	0.626887	47.738387	6.679106	-433.874033	1.035033	6.679106	13.874033	9.366243	2.027445	8.720621	0	1	0	1	0
nt	1	63.500000	0	3	17	8.000000	25.000000	0.225599	5239.662967	-420.000000	0.000000	122.000000	5286.579704	2075.557042	4663.149736	0.000000	0	446.950174	15.398044	48.497850	4.068884	-445.182187	46.472545	9.060467	-422.631012	46.703354	0.000000	-420.000000	0	23.185626	1.142932	0.034731	47.485198	6.564675	-433.906600	0.781844	6.564675	13.906600	9.060467	2.631012	8.182187	0	1	0	1	0
nt	1	63.500000	0	3	17	8.000000	25.000000	0.225599	5286.906916	-420.000000	0.000000	123.000000	5333.291558	2075.557042	4663.149736	0.000000	0	446.769360	15.217724	48.113705	3.616391	-444.693049	46.328289	8.843402	-423.055793	46.703354	0.000000	-420.000000	0	22.331149	0.854477	0.180320	47.220997	6.229897	-433.874421	0.517643	6.229897	13.874421	8.843402	3.055793	7.693049	0	1	0	1	0
nt	1	63.500000	0	3	17	8.000000	25.000000	0.225599	5333.509700	-420.000000	0.000000	124.000000	5380.751084	2075.557042	4663.149736	0.000000	0	446.011030	14.805141	48.919241	3.062097	-443.935925	46.748430	8.421557	-423.263019	46.703354	0.000000	-420.000000	0	21.466375	0.864774	0.412583	47.833836	5.741827	-433.599472	1.130482	5.741827	13.599472	8.421557	3.263019	6.935925	0	1	0	1	0
nt	1	63.500000	0	3	17	8.000000	25.000000	0.225599	5380.964520	-420.000000	0.000000	125.000000	5427.671670	2075.557042	4663.149736	0.000000	0	445.836945	14.679447	48.697209	2.674410	-443.754658	46.825146	8.346903	-423.374651	46.703354	0.000000	-420.000000	0	21.237384	0.228991	0.125694	47.761178	5.510656	-433.564654	1.057824	5.510656	13.564654	8.346903	3.374651	6.754658	0	1	0	1	0
nt	1	63.500000	0	3	17	8.000000	25.000000	0.225599	5427.884251	-420.000000	0.000000	126.000000	5474.665398	2075.557042	4663.149736	0.000000	0	445.685160	14.554275	48.667395	2.518258	-443.501737	46.940382	8.265827	-423.445741	46.703354	0.000000	-420.000000	0	20.934662	0.302722	0.125172	47.803889	5.392042	-433.473739	1.100535	5.392042	13.473739	8.265827	3.445741	6.501737	0	1	0	1	0
nt	1	63.500000	0	3	17	8.000000	25.000000	0.225599	5474.888245	-420.000000	0.000000	127.000000	5521.883684	2075.557042	4663.149736	0.000000	0	445.756279	14.551507	48.738026	2.546752	-443.397137	46.818778	8.426618	-423.471946	46.703354	0.000000	-420.000000	0	20.863116	0.071547	0.002769	47.778402	5.486685	-433.434542	1.075048	5.486685	13.434542	8.426618	3.471946	6.397137	0	1	0	1	0
nt	1	63.500000	0	3	17	8.000000	25.000000	0.225599	5522.099687	-420.000000	0.000000	128.000000	5568.865008	2075.557042	4663.149736	0.000000	0	445.774275	14.604647	48.711945	2.568579	-443.353752	46.978021	8.475907	-423.590430	46.703354	0.000000	-420.000000	0	20.700046	0.163070	0.053140	47.844983	5.522243	-433.472091	1.141629	5.522243	13.472091	8.475907	3.590430	6.353752	0	1	0	1	0
nt	1	63.500000	0	3	17	8.000000	25.000000	0.225599	5569.078873	-420.000000	0.000000	129.000000	5615.819813	2075.557042	4663.149736	0.000000	0	445.721363	14.567262	48.764002	2.536628	-443.284176	47.061400	8.487871	-423.575288	46.703354	0.000000	-420.000000	0	20.658084	0.041962	0.037385	47.912701	5.512250	-433.429732	1.209347	5.512250	13.429732	8.487871	3.575288	6.284176	0	1	0	1	0
nt	1	63.500000	0	3	17	8.000000	25.000000	0.225599	5616.034533	-420.000000	0.000000	130.000000	5663.116374	2075.557042	4663.149736	0.000000	0	445.544779	14.460812	48.499615	2.185069	-443.344584	47.142449	8.319756	-423.508948	46.703354	0.000000	-420.000000	0	20.806940	0.148856	0.106450	47.821032	5.252413	-433.426766	1.117678	5.252413	13.426766	8.319756	3.508948	6.344584	0	1	0	1	0
nt	1	63.500000	0	3	17	8.000000	25.000000	0.225599	5663.389265	-420.000000	0.000000	131.000000	5709.918479	2075.557042	4663.149736	0.000000	0	444.983260	14.164768	48.857036	1.767620	-443.200736	47.301041	7.779435	-423.329365	46.703354	0.000000	-420.000000	0	20.819088	0.012148	0.296045	48.079039	4.773527	-433.265051	1.375685	4.773527	13.265051	7.779435	3.329365	6.200736	1	1	0	1	0
nt	1	63.500000	0	3	17	8.000000	25.000000	0.225599	5710.132771	-420.000000	0.000000	132.000000	5757.188520	2075.557042	4663.149736	0.000000	0	444.646672	13.964946	48.947231	1.349650	-443.157513	47.261279	7.491637	-423.187514	46.703354	0.000000	-420.000000	0	20.961090	0.142002	0.199821	48.104255	4.420644	-433.172513	1.400901	4.420644	13.172513	7.491637	3.187514	6.157513	1	1	0	1	0
nt	1	63.500000	0	3	17	8.000000	25.000000	0.225599	5757.401957	-420.000000	0.000000	133.000000	5804.319122	2075.557042	4663.149736	0.000000	0	444.496670	13.832683	49.331932	1.163058	-443.130293	47.038944	7.514773	-422.971075	46.703354	0.000000	-420.000000	0	21.260201	0.299111	0.132263	48.185438	4.338916	-433.050684	1.482084	4.338916	13.050684	7.514773	2.971075	6.130293	1	1	0	1	0
nt	1	63.500000	0	3	17	8.000000	25.000000	0.225599	5804.588591	-420.000000	0.000000	134.000000	5851.243130	2075.557042	4663.149736	0.000000	0	444.488336	13.849467	49.113151	1.032188	-443.282650	47.137194	7.519797	-422.909109	46.703354	0.000000	-420.000000	0	21.472649	0.212448	0.016785	48.125172	4.275993	-433.095880	1.421818	4.275993	13.095880	7.519797	2.909109	6.282650	1	1	0	1	0
nt	1	63.500000	0	3	17	8.000000	25.000000	0.225599	5851.460416	-420.000000	0.000000	135.000000	5898.479381	2075.557042	4663.149736	0.000000	0	444.390671	13.858401	49.232501	0.944130	-443.304126	47.284582	7.484952	-422.916043	46.703354	0.000000	-420.000000	0	21.500016	0.027367	0.008934	48.258541	4.214541	-433.110084	1.555188	4.214541	13.110084	7.484952	2.916043	6.304126	1	1	0	1	0
nt	1	63.500000	0	3	17	8.000000	25.000000	0.225599	5898.694956	-420.000000	0.000000	136.000000	5945.491074	2075.557042	4663.149736	0.000000	0	444.463220	13.891265	49.106795	0.905454	-443.388790	47.208627	7.561288	-422.911831	46.703354	0.000000	-420.000000	0	21.615018	0.115002	0.032864	48.157711	4.233371	-433.150311	1.454357	4.233371	13.150311	7.561288	2.911831	6.388790	1	1	0	1	0
nt	1	63.500000	0	3	17	8.000000	25.000000	0.225599	5945.704510	-420.000000	0.000000	137.000000	5992.169138	2075.557042	4663.149736	0.000000	0	444.494126	13.878315	49.132620	1.020014	-443.383004	47.328107	7.650302	-422.807244	46.703354	0.000000	-420.000000	0	21.692830	0.077813	0.012950	48.230363	4.335158	-433.095124	1.527009	4.335158	13.095124	7.650302	2.807244	6.383004	1	1	0	1	0
nt	1	63.500000	0	3	17	8.000000	25.000000	0.225599	5992.384285	-420.000000	0.000000	138.000000	6039.591878	2075.557042	4663.149736	0.000000	0	444.378355	13.866497	49.204359	1.013255	-443.399501	47.597021	7.558107	-422.756318	46.703354	0.000000	-420.000000	0	21.715424	0.022593	0.011818	48.400690	4.285681	-433.077910	1.697336	4.285681	13.077910	7.558107	2.756318	6.399501	1	1	0	1	0
nt	1	63.500000	0	3	17	8.000000	25.000000	0.225599	6039.806598	-420.000000	0.000000	139.000000	6086.701949	2075.557042	4663.149736	0.000000	0	444.167512	13.848092	49.341212	0.765790	-443.479468	47.814497	7.448764	-422.703440	46.703354	0.000000	-420.000000	0	21.877759	0.162335	0.018406	48.577855	4.107277	-433.091454	1.874501	4.107277	13.091454	7.448764	2.703440	6.479468	1	1	0	1	0
nt	1	63.500000	0	3	17	8.000000	25.000000	0.225599	6086.914530	-420.000000	0.000000	140.000000	6133.333818	2075.557042	4663.149736	0.000000	0	443.887706	13.730077	49.230088	0.345622	-443.417004	47.925325	7.208257	-422.716235	46.703354	0.000000	-420.000000	0	21.847655	0.030105	0.118014	48.577707	3.776939	-433.066620	1.874353	3.776939	13.066620	7.208257	2.716235	6.417004	1	1	0	1	0
nt	1	63.500000	0	3	17	8.000000	25.000000	0.225599	6133.546827	-420.000000	0.000000	141.000000	6180.827561	2075.557042	4663.149736	0.000000	0	443.578278	13.633551	49.400820	-0.129081	-443.442385	47.902795	7.017445	-422.650898	46.703354	0.000000	-420.000000	0	22.036398	0.188743	0.096526	48.651807	3.444182	-433.046642	1.948454	3.444182	13.046642	7.017445	2.650898	6.442385	1	1	0	1	0
nt	1	63.500000	0	3	17	8.000000	25.000000	0.225599	6181.040998	-420.000000	0.000000	142.000000	6227.885877	2075.557042	4663.149736	0.000000	0	443.421801	13.605189	49.202621	-0.445190	-443.507431	48.036089	6.884584	-422.650829	46.703354	0.000000	-420.000000	0	22.137847	0.101449	0.028363	48.619355	3.219697	-433.079130	1.916002	3.219697	13.079130	6.884584	2.650829	6.507431	1	1	0	1	0
nt	1	63.500000	0	3	17	8.000000	25.000000	0.225599	6228.100597	-420.000000	0.000000	143.000000	6274.895003	2075.557042	4663.149736	0.000000	0	443.317090	13.600631	49.264590	-0.546130	-443.431916	48.234334	6.866771	-422.706407	46.703354	0.000000	-420.000000	0	22.035409	0.102438	0.004558	48.749462	3.160320	-433.069161	2.046108	3.160320	13.069161	6.866771	2.706407	6.431916	1	1	0	1	0
nt	1	63.500000	0	3	17	8.000000	25.000000	0.225599	6275.119561	-420.000000	0.000000	144.000000	6321.927227	2075.557042	4663.149736	0.000000	0	443.437372	13.652557	49.042050	-0.524108	-443.542231	48.166872	6.930147	-422.727050	46.703354	0.000000	-420.000000	0	22.126989	0.091580	0.051926	48.604461	3.203019	-433.134640	1.901107	3.203019	13.134640	6.930147	2.727050	6.542231	1	1	0	1	0
nt	1	63.500000	0	3	17	8.000000	25.000000	0.225599	6322.144513	-420.000000	0.000000	145.000000	6369.027888	2075.557042	4663.149736	0.000000	0	443.428237	13.699967	49.230849	-0.511013	-443.529925	48.222935	6.992638	-422.782925	46.703354	0.000000	-420.000000	0	22.085259	0.041730	0.047410	48.726892	3.240812	-433.156425	2.023538	3.240812	13.156425	6.992638	2.782925	6.529925	1	1	0	1	0
nt	1	63.500000	0	3	17	8.000000	25.000000	0.225599	6369.245602	-420.000000	0.000000	146.000000	6415.956173	2075.557042	4663.149736	0.000000	0	443.461435	13.645080	49.119176	-0.530338	-443.489430	48.019339	6.967482	-422.766799	46.703354	0.000000	-420.000000	0	22.064776	0.020483	0.054887	48.569258	3.218572	-433.128115	1.865904	3.218572	13.128115	6.967482	2.766799	6.489430	1	1	0	1	0
nt	1	63.500000	0	3	17	8.000000	25.000000	6416.169610	-420.000000	0.000000	147.000000	6451.645024	2075.557042	4663.149736	6451.641175	0	443.315973	13.616205	  49.118727   -0.751039 -443.465433	  48.098196    6.867021 -422.796349	46.703354	0.000000	-420.000000	0	22.051924	0.012852	0.028875	0
