subjName	sessionNR	IOD	trialN	textureType	texnum	visualAngle	simulatedDepth	light_intensity	ambient_intensity	time	displayDistance	isRotated	frameN	timTote	startTime	touchTime	endTime	fingersOccluded	distanceToHome	distanceToObject	indexXraw	indexYraw	indexZraw	thumbXraw	thumbYraw	thumbZraw	targetX	targetY	targetZ	failCause	gripAperture	gripApertureVel	distFromObjVel	gripOriginX	gripOriginY	gripOriginZ	distFromObjX	distFromObjY	distFromObjZ	y_dist_thm	z_dist_thm	z_dist_ind	handOnObj	handnearObj	handfarObj	handTouchObj	framesOccluded
mm	1	61.000000	16	2	43	8.000000	45.000000	0.522088	2.488453	1047.021304	-420.000000	0.000000	30.000000	1094.297963	0.000000	0.000000	0.000000	0	11.572453	429.340083	213.083949	-357.489996	-261.903689	219.553154	-359.701197	-251.552322	45.777176	0.000000	-420.000000	0	12.405274	0.070947	0.032199	216.318552	-358.595597	-256.728006	170.541376	358.595597	163.271994	359.701197	168.447678	195.096311	0	0	1	0	0
mm	1	61.000000	16	2	43	8.000000	45.000000	0.522088	2.488453	1094.502419	-420.000000	0.000000	31.000000	1141.227305	0.000000	0.000000	0.000000	0	11.592780	429.338513	213.092283	-357.511770	-261.925437	219.538108	-359.696926	-251.570260	45.777176	0.000000	-420.000000	0	12.391660	0.013614	0.001570	216.315196	-358.604348	-256.747849	170.538020	358.604348	163.252151	359.696926	168.429740	195.074563	0	0	1	0	0
mm	1	61.000000	16	2	43	8.000000	45.000000	0.522088	2.488453	1141.330816	-420.000000	0.000000	32.000000	1188.134833	0.000000	0.000000	0.000000	0	11.536993	429.369709	213.170263	-357.477365	-261.903373	219.633592	-359.695699	-251.531224	45.777176	0.000000	-420.000000	0	12.420833	0.029173	0.031196	216.401927	-358.586532	-256.717299	170.624751	358.586532	163.282701	359.695699	168.468776	195.096627	0	0	1	0	0
mm	1	61.000000	16	2	43	8.000000	45.000000	0.522088	2.488453	1188.240055	-420.000000	0.000000	33.000000	1235.014986	0.000000	0.000000	0.000000	0	11.585830	429.359393	213.205911	-357.512814	-261.945659	219.590036	-359.684241	-251.587637	45.777176	0.000000	-420.000000	0	12.359643	0.061190	0.010317	216.397974	-358.598527	-256.766648	170.620798	358.598527	163.233352	359.684241	168.412363	195.054341	0	0	1	0	0
mm	1	61.000000	16	2	43	8.000000	45.000000	0.522088	2.488453	1235.123201	-420.000000	0.000000	34.000000	1281.768958	0.000000	0.000000	0.000000	0	11.551152	429.364761	213.231590	-357.474537	-261.916865	219.645475	-359.676052	-251.570917	45.777176	0.000000	-420.000000	0	12.370256	0.010613	0.005368	216.438533	-358.575294	-256.743891	170.661357	358.575294	163.256109	359.676052	168.429083	195.083135	0	0	1	0	0
mm	1	61.000000	16	2	43	8.000000	45.000000	0.522088	2.488453	1281.868191	-420.000000	0.000000	35.000000	1329.725281	0.000000	0.000000	0.000000	0	11.634324	429.287683	213.077475	-357.466745	-261.934863	219.546284	-359.663864	-251.649745	45.777176	0.000000	-420.000000	0	12.347327	0.022928	0.077078	216.311880	-358.565304	-256.792304	170.534704	358.565304	163.207696	359.663864	168.350255	195.065137	0	0	1	0	0
mm	1	61.000000	16	2	43	8.000000	45.000000	0.522088	2.488453	1329.823659	-420.000000	0.000000	36.000000	1376.273087	0.000000	0.000000	0.000000	0	11.631115	429.297643	213.348289	-357.457892	-261.921833	219.370491	-359.662039	-251.686221	45.777176	0.000000	-420.000000	0	12.078615	0.268712	0.009960	216.359390	-358.559966	-256.804027	170.582214	358.559966	163.195973	359.662039	168.313779	195.078167	0	0	1	0	0
mm	1	61.000000	16	2	43	8.000000	45.000000	0.522088	2.488453	1376.375315	-420.000000	0.000000	37.000000	1422.882487	0.000000	0.000000	0.000000	0	11.613845	429.304459	213.187837	-357.457078	-261.941552	219.547649	-359.657228	-251.635743	45.777176	0.000000	-420.000000	0	12.308435	0.229821	0.006816	216.367743	-358.557153	-256.788648	170.590567	358.557153	163.211352	359.657228	168.364257	195.058448	0	0	1	0	0
mm	1	61.000000	16	2	43	8.000000	45.000000	0.522088	2.488453	1422.980865	-420.000000	0.000000	38.000000	1470.846509	0.000000	0.000000	0.000000	0	11.569508	429.375088	213.371574	-357.484986	-261.962448	219.646164	-359.660223	-251.606286	45.777176	0.000000	-420.000000	0	12.302529	0.005906	0.070629	216.508869	-358.572604	-256.784367	170.731693	358.572604	163.215633	359.660223	168.393714	195.037552	0	0	1	0	0
mm	1	61.000000	16	2	43	8.000000	45.000000	0.522088	2.488453	1470.996215	-420.000000	0.000000	39.000000	1517.396454	0.000000	0.000000	0.000000	0	11.631877	429.305634	213.308556	-357.463861	-261.952607	219.451565	-359.661953	-251.669547	45.777176	0.000000	-420.000000	0	12.178239	0.124291	0.069454	216.380061	-358.562907	-256.811077	170.602885	358.562907	163.188923	359.661953	168.330453	195.047393	0	0	1	0	0
mm	1	61.000000	16	2	43	8.000000	45.000000	0.522088	2.488453	1517.506381	-420.000000	0.000000	40.000000	1564.412625	0.000000	0.000000	0.000000	0	11.634005	429.317501	213.420012	-357.471634	-261.950705	219.421603	-359.657131	-251.700701	45.777176	0.000000	-420.000000	0	12.077172	0.101067	0.011867	216.420808	-358.564382	-256.825703	170.643632	358.564382	163.174297	359.657131	168.299299	195.049295	0	0	1	0	0
mm	1	61.000000	16	2	43	8.000000	45.000000	0.522088	2.488453	1564.518702	-420.000000	0.000000	41.000000	1612.087074	0.000000	0.000000	0.000000	0	11.581580	429.332501	213.268580	-357.446283	-261.923523	219.594788	-359.661569	-251.625763	45.777176	0.000000	-420.000000	0	12.287077	0.209905	0.015000	216.431684	-358.553926	-256.774643	170.654508	358.553926	163.225357	359.661569	168.374237	195.076477	0	0	1	0	0
mm	1	61.000000	16	2	43	8.000000	45.000000	0.522088	2.488453	1612.186308	-420.000000	0.000000	42.000000	1658.687919	0.000000	0.000000	0.000000	0	11.544640	429.421504	213.597620	-357.497226	-261.960423	219.613708	-359.668677	-251.612110	45.777176	0.000000	-420.000000	0	12.165364	0.121713	0.089004	216.605664	-358.582951	-256.786267	170.828488	358.582951	163.213733	359.668677	168.387890	195.039577	0	0	1	0	0
mm	1	61.000000	16	2	43	8.000000	45.000000	0.522088	2.488453	1658.786297	-420.000000	0.000000	43.000000	1706.107012	0.000000	0.000000	0.000000	0	11.591957	429.377111	213.551150	-357.492452	-261.958856	219.455994	-359.681915	-251.652218	45.777176	0.000000	-420.000000	0	12.078399	0.086965	0.044394	216.503572	-358.587183	-256.805537	170.726396	358.587183	163.194463	359.681915	168.347782	195.041144	0	0	1	0	0
mm	1	61.000000	16	2	43	8.000000	45.000000	0.522088	2.488453	1706.211806	-420.000000	0.000000	44.000000	1753.171517	0.000000	0.000000	0.000000	0	11.626030	429.338749	213.268576	-357.489252	-262.014416	219.562029	-359.685519	-251.614764	45.777176	0.000000	-420.000000	0	12.352486	0.274087	0.038362	216.415302	-358.587385	-256.814590	170.638126	358.587385	163.185410	359.685519	168.385236	194.985584	0	0	1	0	0
mm	1	61.000000	16	2	43	8.000000	45.000000	0.522088	2.488453	1753.274600	-420.000000	0.000000	45.000000	1800.345949	0.000000	0.000000	0.000000	0	11.984790	429.009696	212.505830	-357.420237	-262.212980	219.344855	-359.634141	-251.859570	45.777176	0.000000	-420.000000	0	12.604235	0.251749	0.329052	215.925342	-358.527189	-257.036275	170.148167	358.527189	162.963725	359.634141	168.140430	194.787020	0	0	1	0	0
mm	1	61.000000	16	2	43	8.000000	45.000000	0.522088	2.488453	1800.444755	-420.000000	0.000000	46.000000	1847.549038	0.000000	0.000000	0.000000	0	12.631605	428.330795	212.396111	-356.976143	-262.826180	219.348930	-359.116166	-252.595355	45.777176	0.000000	-420.000000	0	12.553533	0.050702	0.678901	215.872520	-358.046155	-257.710768	170.095344	358.046155	162.289232	359.116166	167.404645	194.173820	0	0	1	0	0
mm	1	61.000000	16	2	43	8.000000	45.000000	0.522088	2.488453	1847.651266	-420.000000	0.000000	47.000000	1895.353945	1883.101596	0.000000	0.000000	0	16.007954	424.739042	213.237449	-355.035753	-266.867237	218.376053	-355.447607	-255.035005	45.777176	0.000000	-420.000000	0	12.906455	0.352923	3.591753	215.806751	-355.241680	-260.951121	170.029575	355.241680	159.048879	355.447607	164.964995	190.132763	0	0	1	0	0
mm	1	61.000000	16	2	43	8.000000	45.000000	0.522088	2.488453	1895.461733	-420.000000	0.000000	48.000000	1942.244791	1883.101596	0.000000	0.000000	0	25.399174	413.032439	213.633715	-345.976043	-275.191523	214.504581	-343.039766	-257.641344	45.777176	0.000000	-420.000000	0	17.815412	4.908956	11.706602	214.069148	-344.507904	-266.416434	168.291972	344.507904	153.583566	343.039766	162.358656	181.808477	0	0	1	0	0
mm	1	61.000000	16	2	43	8.000000	45.000000	0.522088	2.488453	1942.403052	-420.000000	0.000000	49.000000	1989.213912	1883.101596	0.000000	0.000000	0	41.257224	395.701028	210.018845	-333.134921	-284.962564	208.454492	-324.980667	-261.226164	45.777176	0.000000	-420.000000	0	25.146684	7.331273	17.331411	209.236669	-329.057794	-273.094364	163.459493	329.057794	146.905636	324.980667	158.773836	172.037436	0	0	1	0	0
mm	1	61.000000	16	2	43	8.000000	45.000000	0.522088	2.488453	1989.321700	-420.000000	0.000000	50.000000	2036.364391	1883.101596	0.000000	0.000000	0	62.207029	373.947621	203.856470	-315.361563	-295.053729	200.497417	-304.422521	-266.789062	45.777176	0.000000	-420.000000	0	30.493233	5.346549	21.753407	202.176943	-309.892042	-280.921396	156.399767	309.892042	139.078604	304.422521	153.210938	161.946271	0	0	1	0	0
mm	1	61.000000	16	2	43	8.000000	45.000000	0.522088	2.488453	2036.472607	-420.000000	0.000000	51.000000	2083.668425	1883.101596	0.000000	0.000000	0	87.693568	348.157436	196.162705	-294.557705	-308.131867	189.601699	-281.548349	-274.192638	45.777176	0.000000	-420.000000	0	36.934556	6.441323	25.790185	192.882202	-288.053027	-291.162252	147.105026	288.053027	128.837748	281.548349	145.807362	148.868133	0	0	1	0	0
mm	1	61.000000	16	2	43	8.000000	45.000000	0.522088	2.488453	2083.768086	-420.000000	0.000000	52.000000	2130.893329	1883.101596	0.000000	0.000000	0	116.484638	319.260873	185.989603	-271.028784	-322.452448	178.459661	-256.748403	-283.689414	45.777176	0.000000	-420.000000	0	41.990500	5.055944	28.896563	182.224632	-263.888593	-303.070931	136.447456	263.888593	116.929069	256.748403	136.310586	134.547552	0	0	1	0	0
mm	1	61.000000	16	2	43	8.000000	45.000000	0.522088	2.488453	2130.992562	-420.000000	0.000000	53.000000	2177.511710	1883.101596	0.000000	0.000000	0	147.964826	288.102199	176.338563	-245.116222	-340.015285	167.284260	-230.932014	-295.409371	45.777176	0.000000	-420.000000	0	47.674518	5.684019	31.158674	171.811411	-238.024118	-317.712328	126.034235	238.024118	102.287672	230.932014	124.590629	116.984715	0	0	1	0	0
mm	1	61.000000	16	2	43	8.000000	45.000000	0.522088	2.488453	2177.610516	-420.000000	0.000000	54.000000	2224.465005	1883.101596	0.000000	0.000000	0	179.554482	257.242472	166.352913	-219.957245	-359.270678	155.692708	-207.121751	-309.931005	45.777176	0.000000	-420.000000	0	52.084481	4.409963	30.859727	161.022810	-213.539498	-334.600842	115.245634	213.539498	85.399158	207.121751	110.068995	97.729322	0	0	1	0	0
mm	1	61.000000	16	2	43	8.000000	45.000000	0.522088	2.488453	2224.565094	-420.000000	0.000000	55.000000	2271.269022	1883.101596	0.000000	0.000000	0	210.429946	227.668558	156.278754	-196.689777	-379.210627	144.197140	-184.921158	-326.413883	45.777176	0.000000	-420.000000	0	55.425283	3.340801	29.573914	150.237947	-190.805468	-352.812255	104.460771	190.805468	67.187745	184.921158	93.586117	77.789373	0	0	0	0	0
mm	1	61.000000	16	2	43	8.000000	45.000000	0.522088	2.488453	2271.372533	-420.000000	0.000000	56.000000	2318.257818	1883.101596	0.000000	0.000000	0	241.083937	199.208705	146.654805	-174.863769	-400.476859	133.201376	-162.875370	-343.548517	45.777176	0.000000	-420.000000	0	59.712249	4.286966	28.459853	139.928090	-168.869569	-372.012688	94.150914	168.869569	47.987312	162.875370	76.451483	56.523141	0	0	0	0	0
mm	1	61.000000	16	2	43	8.000000	45.000000	0.522088	2.488453	2318.361329	-420.000000	0.000000	57.000000	2365.458341	1883.101596	0.000000	0.000000	0	269.726015	173.548231	137.766158	-154.259414	-419.841119	123.475991	-142.572566	-360.386136	45.777176	0.000000	-420.000000	0	62.255011	2.542762	25.660474	130.621074	-148.415990	-390.113628	84.843898	148.415990	29.886372	142.572566	59.613864	37.158881	0	0	0	0	0
mm	1	61.000000	16	2	43	8.000000	45.000000	0.522088	2.488453	2365.557147	-420.000000	0.000000	58.000000	2412.645177	1883.101596	0.000000	0.000000	0	295.236745	151.495231	129.096862	-136.085136	-436.848708	113.926576	-124.838984	-375.241796	45.777176	0.000000	-420.000000	0	64.436210	2.181199	22.052999	121.511719	-130.462060	-406.045252	75.734543	130.462060	13.954748	124.838984	44.758204	20.151292	0	0	0	0	0
mm	1	61.000000	16	2	43	8.000000	45.000000	0.522088	2.488453	2412.748688	-420.000000	0.000000	59.000000	2459.798650	1883.101596	0.000000	0.000000	0	317.994404	132.155037	120.807694	-119.528279	-450.899571	104.584838	-108.383928	-387.316416	45.777176	0.000000	-420.000000	0	66.559712	2.123502	19.340194	112.696266	-113.956104	-419.107994	66.919090	113.956104	0.892006	108.383928	32.683584	6.100429	0	0	0	0	0
mm	1	61.000000	16	2	43	8.000000	45.000000	0.522088	2.488453	2459.901305	-420.000000	0.000000	60.000000	2506.672387	1883.101596	0.000000	0.000000	0	337.865826	115.794344	113.549975	-104.303411	-463.073143	95.117092	-94.509042	-396.714255	45.777176	0.000000	-420.000000	0	69.564379	3.004667	16.360693	104.333534	-99.406226	-429.893699	58.556358	99.406226	9.893699	94.509042	23.285745	6.073143	0	0	0	0	0
mm	1	61.000000	16	2	43	8.000000	45.000000	0.522088	2.488453	2506.777181	-420.000000	0.000000	61.000000	2553.977704	1883.101596	0.000000	0.000000	0	355.064285	101.186789	106.063246	-90.650949	-471.882852	85.870241	-81.555848	-403.101625	45.777176	0.000000	-420.000000	0	72.258809	2.694430	14.607555	95.966743	-86.103399	-437.492238	50.189567	86.103399	17.492238	81.555848	16.898375	14.882852	0	0	0	0	0
mm	1	61.000000	16	2	43	8.000000	45.000000	0.522088	2.488453	2554.081643	-420.000000	0.000000	62.000000	2601.026811	1883.101596	0.000000	0.000000	0	369.247783	89.661835	99.473945	-79.225115	-478.962602	77.963536	-71.025002	-408.005146	45.777176	0.000000	-420.000000	0	74.598258	2.339449	11.524954	88.718741	-75.125058	-443.483874	42.941565	75.125058	23.483874	71.025002	11.994854	21.962602	0	0	0	0	0
mm	1	61.000000	16	2	43	8.000000	45.000000	0.522088	2.488453	2601.126472	-420.000000	0.000000	63.000000	2648.146493	1883.101596	0.000000	0.000000	0	381.684808	79.222702	94.010303	-68.842002	-483.859808	70.937673	-60.369843	-411.118560	45.777176	0.000000	-420.000000	0	76.781592	2.183334	10.439133	82.473988	-64.605922	-447.489184	36.696812	64.605922	27.489184	60.369843	8.881440	26.859808	0	0	0	0	0
mm	1	61.000000	16	2	43	8.000000	45.000000	0.522088	2.488453	2648.245726	-420.000000	0.000000	64.000000	2695.064286	1883.101596	0.000000	0.000000	0	392.280666	70.025632	87.481560	-59.876201	-486.993569	65.116207	-51.011865	-412.938852	45.777176	0.000000	-420.000000	0	77.864540	1.082948	9.197069	76.298883	-55.444033	-449.966211	30.521707	55.444033	29.966211	51.011865	7.061148	29.993569	0	0	0	0	0
mm	1	61.000000	16	2	43	8.000000	45.000000	0.522088	2.488453	2695.162664	-420.000000	0.000000	65.000000	2741.365719	1883.101596	0.000000	0.000000	0	401.264659	61.235571	81.441518	-51.217007	-487.738237	58.940840	-43.035678	-413.347259	45.777176	0.000000	-420.000000	0	78.148782	0.284242	8.790061	70.191179	-47.126343	-450.542748	24.414003	47.126343	30.542748	43.035678	6.652741	30.738237	0	0	0	0	0
mm	1	61.000000	16	2	43	8.000000	45.000000	0.522088	2.488453	2741.464097	-420.000000	0.000000	66.000000	2788.381890	1883.101596	0.000000	0.000000	0	409.389374	52.457921	74.518172	-42.689860	-486.832481	53.229666	-35.760396	-412.689974	45.777176	0.000000	-420.000000	0	77.448883	0.699899	8.777651	63.873919	-39.225128	-449.761227	18.096743	39.225128	29.761227	35.760396	7.310026	29.832481	0	0	0	0	0
mm	1	61.000000	16	2	43	8.000000	45.000000	0.522088	2.488453	2788.484973	-420.000000	0.000000	67.000000	2835.605083	1883.101596	0.000000	0.000000	0	416.459315	44.535803	68.357013	-35.142361	-485.070858	47.640935	-29.143255	-411.529682	45.777176	0.000000	-420.000000	0	76.638435	0.810448	7.922118	57.998974	-32.142808	-448.300270	12.221798	32.142808	28.300270	29.143255	8.470318	28.070858	0	1	0	0	0
mm	1	61.000000	16	2	43	8.000000	45.000000	0.522088	2.488453	2835.709022	-420.000000	0.000000	68.000000	2882.391990	1883.101596	0.000000	0.000000	0	422.374752	38.225868	62.950963	-29.146979	-483.048417	42.017070	-23.712143	-410.531937	45.777176	0.000000	-420.000000	0	75.673015	0.965419	6.309935	52.484016	-26.429561	-446.790177	6.706841	26.429561	26.790177	23.712143	9.468063	26.048417	0	1	0	0	0
mm	1	61.000000	16	2	43	8.000000	45.000000	0.522088	2.488453	2882.574204	-420.000000	0.000000	69.000000	2929.772161	1883.101596	0.000000	0.000000	0	426.918607	33.379500	57.448419	-25.000320	-480.382021	37.667678	-19.137274	-409.577471	45.777176	0.000000	-420.000000	0	73.749152	1.923864	4.846368	47.558049	-22.068797	-444.979746	1.780873	22.068797	24.979746	19.137274	10.422529	23.382021	0	1	0	0	0
mm	1	61.000000	16	2	43	8.000000	45.000000	0.522088	2.488453	2929.875244	-420.000000	0.000000	70.000000	2976.798170	1883.101596	0.000000	0.000000	0	429.868461	30.643118	52.184048	-22.900953	-476.634889	34.945968	-16.144348	-410.395872	45.777176	0.000000	-420.000000	0	68.777980	4.971172	2.736382	43.565008	-19.522651	-443.515380	2.212168	19.522651	23.515380	16.144348	9.604128	19.634889	0	1	0	0	0
mm	1	61.000000	16	2	43	8.000000	45.000000	0.522088	2.488453	2976.896548	-420.000000	0.000000	71.000000	3023.260429	1883.101596	3012.045327	0.000000	0	432.082760	28.488578	46.982088	-21.669704	-472.723796	32.687275	-13.472588	-410.521582	45.777176	0.000000	-420.000000	0	64.347882	4.430098	2.154540	39.834682	-17.571146	-441.622689	5.942494	17.571146	21.622689	13.472588	9.478418	15.723796	0	1	0	1	0
mm	1	61.000000	16	2	43	8.000000	45.000000	0.522088	2.488453	3023.364368	-420.000000	0.000000	72.000000	3070.629479	1883.101596	3012.045327	0.000000	0	433.776423	28.321628	42.440238	-21.357554	-470.168096	29.855901	-12.295415	-411.124244	45.777176	0.000000	-420.000000	0	61.046412	3.301470	0.166950	36.148070	-16.826485	-440.646170	9.629106	16.826485	20.646170	12.295415	8.875756	13.168096	0	1	0	1	0
mm	1	61.000000	16	2	43	8.000000	45.000000	0.522088	2.488453	3070.732989	-420.000000	0.000000	73.000000	3117.818025	1883.101596	3012.045327	0.000000	0	435.002203	27.990673	39.946353	-20.782217	-468.594552	28.706998	-10.986924	-411.407661	45.777176	0.000000	-420.000000	0	59.098319	1.948092	0.330955	34.326675	-15.884570	-440.001107	11.450500	15.884570	20.001107	10.986924	8.592339	11.594552	0	1	0	1	0
mm	1	61.000000	16	2	43	8.000000	45.000000	0.522088	2.488453	3117.920681	-420.000000	0.000000	74.000000	3164.653266	1883.101596	3012.045327	0.000000	0	436.516311	28.432505	38.725828	-20.067362	-469.093679	26.962081	-9.919723	-411.714789	45.777176	0.000000	-420.000000	0	59.444910	0.346591	0.441831	32.843954	-14.993543	-440.404234	12.933222	14.993543	20.404234	9.919723	8.285211	12.093679	0	1	0	1	0
mm	1	61.000000	16	2	43	8.000000	45.000000	0.522088	2.488453	3164.752500	-420.000000	0.000000	75.000000	3211.935058	1883.101596	3012.045327	0.000000	0	436.686315	28.669382	38.962297	-19.981229	-467.847725	27.338313	-9.878620	-414.085218	45.777176	0.000000	-420.000000	0	55.924832	3.520078	0.236877	33.150305	-14.929925	-440.966471	12.626871	14.929925	20.966471	9.878620	5.914782	10.847725	0	1	0	1	0
mm	1	61.000000	16	2	43	8.000000	45.000000	0.522088	2.488453	3212.035147	-420.000000	0.000000	76.000000	3259.334049	1883.101596	3012.045327	0.000000	0	436.486289	29.954772	39.032926	-20.673679	-466.713674	29.835205	-10.534411	-419.118018	45.777176	0.000000	-420.000000	0	49.525240	6.399593	1.285390	34.434065	-15.604045	-442.915846	11.343111	15.604045	22.915846	10.534411	0.881982	9.713674	0	1	0	1	0
mm	1	61.000000	16	2	43	8.000000	45.000000	0.522088	2.488453	3259.434566	-420.000000	0.000000	77.000000	3306.330972	1883.101596	3012.045327	0.000000	0	436.193582	30.490329	39.876356	-21.720897	-465.866415	33.758086	-9.595194	-423.294747	45.777176	0.000000	-420.000000	0	44.685712	4.839528	0.535557	36.817221	-15.658046	-444.580581	8.959954	15.658046	24.580581	9.595194	3.294747	8.866415	0	1	0	1	0
mm	1	61.000000	16	2	43	8.000000	45.000000	0.522088	2.488453	3306.434911	-420.000000	0.000000	78.000000	3352.928395	1883.101596	3012.045327	0.000000	0	435.755366	32.016523	40.677042	-22.344710	-465.306536	36.159843	-10.575374	-427.607501	45.777176	0.000000	-420.000000	0	39.750970	4.934742	1.526194	38.418443	-16.460042	-446.457019	7.358733	16.460042	26.457019	10.575374	7.607501	8.306536	0	1	0	1	0
mm	1	61.000000	16	2	43	8.000000	45.000000	0.522088	2.488453	3353.032333	-420.000000	0.000000	79.000000	3400.131057	1883.101596	3012.045327	0.000000	0	435.711982	31.010612	41.448528	-21.831009	-465.008102	37.413411	-9.567983	-426.949940	45.777176	0.000000	-420.000000	0	40.188152	0.437183	1.005911	39.430969	-15.699496	-445.979021	6.346207	15.699496	25.979021	9.567983	6.949940	8.008102	0	1	0	1	0
mm	1	61.000000	16	2	43	8.000000	45.000000	0.522088	2.488453	3400.240556	-420.000000	0.000000	80.000000	3447.040295	1883.101596	3012.045327	0.000000	0	435.986119	30.656962	41.462452	-21.792214	-465.019949	37.167744	-8.790770	-426.526579	45.777176	0.000000	-420.000000	0	40.856108	0.667956	0.353650	39.315098	-15.291492	-445.773264	6.462078	15.291492	25.773264	8.790770	6.526579	8.019949	0	1	0	1	0
mm	1	61.000000	16	2	43	8.000000	45.000000	0.522088	2.488453	3447.147228	-420.000000	0.000000	81.000000	3494.243385	1883.101596	3012.045327	0.000000	0	436.361854	29.408133	41.319176	-21.670520	-464.945574	37.572751	-6.840031	-424.915881	45.777176	0.000000	-420.000000	0	42.852718	1.996610	1.248828	39.445963	-14.255276	-444.930727	6.331212	14.255276	24.930727	6.840031	4.915881	7.945574	1	1	0	1	0
mm	1	61.000000	16	2	43	8.000000	45.000000	0.522088	2.488453	3494.347323	-420.000000	0.000000	82.000000	3541.349807	1883.101596	3012.045327	0.000000	0	437.105698	29.018989	40.907138	-21.060930	-465.003245	37.098527	-5.871622	-424.589875	45.777176	0.000000	-420.000000	0	43.341216	0.488498	0.389145	39.002832	-13.466276	-444.796560	6.774343	13.466276	24.796560	5.871622	4.589875	8.003245	0	1	0	1	0
mm	1	61.000000	16	2	43	8.000000	45.000000	0.522088	2.488453	3541.453318	-420.000000	0.000000	83.000000	3588.307379	1883.101596	3012.045327	0.000000	0	437.143227	28.982725	41.024731	-21.039775	-464.900565	36.934961	-5.795780	-424.647710	45.777176	0.000000	-420.000000	0	43.236534	0.104682	0.036264	38.979846	-13.417778	-444.774137	6.797330	13.417778	24.774137	5.795780	4.647710	7.900565	1	1	0	1	0
mm	1	61.000000	16	2	43	8.000000	45.000000	0.522088	2.488453	3588.411318	-420.000000	0.000000	84.000000	3635.380011	1883.101596	3012.045327	0.000000	0	436.839558	29.035305	41.401691	-21.240657	-464.896542	37.080729	-6.087858	-424.646093	45.777176	0.000000	-420.000000	0	43.224723	0.011811	0.052581	39.241210	-13.664257	-444.771318	6.535966	13.664257	24.771318	6.087858	4.646093	7.896542	1	1	0	1	0
mm	1	61.000000	16	2	43	8.000000	45.000000	0.522088	2.488453	3635.485661	-420.000000	0.000000	85.000000	3682.394044	1883.101596	3012.045327	0.000000	0	436.865710	29.071378	41.422030	-21.236242	-464.872686	37.228571	-6.031415	-424.831922	45.777176	0.000000	-420.000000	0	43.035272	0.189451	0.036072	39.325300	-13.633829	-444.852304	6.451876	13.633829	24.852304	6.031415	4.831922	7.872686	1	1	0	1	0
mm	1	61.000000	16	2	43	8.000000	45.000000	0.522088	2.488453	3682.497982	-420.000000	0.000000	86.000000	3729.581735	1883.101596	3012.045327	0.000000	0	436.896372	29.126566	41.278599	-21.216126	-464.850854	36.992957	-6.156201	-424.825602	45.777176	0.000000	-420.000000	0	42.978935	0.056337	0.055188	39.135778	-13.686164	-444.838228	6.641398	13.686164	24.838228	6.156201	4.825602	7.850854	1	1	0	1	0
mm	1	61.000000	16	2	43	8.000000	45.000000	0.522088	2.488453	3729.681396	-420.000000	0.000000	87.000000	3776.368215	1883.101596	3012.045327	0.000000	0	436.645680	29.199337	41.522851	-21.426254	-464.808409	37.288705	-6.349964	-424.956118	45.777176	0.000000	-420.000000	0	42.818543	0.160392	0.072772	39.405778	-13.888109	-444.882263	6.371398	13.888109	24.882263	6.349964	4.956118	7.808409	1	1	0	1	0
mm	1	61.000000	16	2	43	8.000000	45.000000	0.522088	2.488453	3776.467020	-420.000000	0.000000	88.000000	3823.894669	1883.101596	3012.045327	0.000000	0	436.678302	29.223036	41.316394	-21.471639	-464.856107	37.841446	-6.167227	-425.127520	45.777176	0.000000	-420.000000	0	42.716051	0.102493	0.023699	39.578920	-13.819433	-444.991813	6.198256	13.819433	24.991813	6.167227	5.127520	7.856107	1	1	0	1	0
mm	1	61.000000	16	2	43	8.000000	45.000000	0.522088	2.488453	3823.994330	-420.000000	0.000000	89.000000	3870.899719	1883.101596	3012.045327	0.000000	0	436.421014	29.387276	41.578380	-21.632662	-464.817046	38.649966	-6.355714	-425.609339	45.777176	0.000000	-420.000000	0	42.180624	0.535426	0.164239	40.114173	-13.994188	-445.213193	5.663003	13.994188	25.213193	6.355714	5.609339	7.817046	1	1	0	1	0
mm	1	61.000000	16	2	43	8.000000	45.000000	0.522088	2.488453	3871.009646	-420.000000	0.000000	90.000000	3917.947542	1883.101596	3012.045327	0.000000	0	436.643796	29.323670	41.370098	-21.440777	-464.756561	38.583291	-6.135556	-425.686218	45.777176	0.000000	-420.000000	0	42.053629	0.126995	0.063606	39.976695	-13.788166	-445.221390	5.800481	13.788166	25.221390	6.135556	5.686218	7.756561	1	1	0	1	0
mm	1	61.000000	16	2	43	8.000000	45.000000	0.522088	2.488453	3918.056186	-420.000000	0.000000	91.000000	3965.020602	1883.101596	3012.045327	0.000000	0	436.757637	29.285520	41.321595	-21.374206	-464.683439	38.292461	-6.043477	-425.677922	45.777176	0.000000	-420.000000	0	42.019486	0.034143	0.038150	39.807028	-13.708841	-445.180680	5.970148	13.708841	25.180680	6.043477	5.677922	7.683439	1	1	0	1	0
mm	1	61.000000	16	2	43	8.000000	45.000000	0.522088	2.488453	3965.124540	-420.000000	0.000000	92.000000	4012.075269	1883.101596	3012.045327	0.000000	0	436.576285	29.409181	41.476411	-21.539323	-464.679646	38.553403	-6.231897	-425.872743	45.777176	0.000000	-420.000000	0	41.819099	0.200387	0.123661	40.014907	-13.885610	-445.276194	5.762269	13.885610	25.276194	6.231897	5.872743	7.679646	1	1	0	1	0
mm	1	61.000000	16	2	43	8.000000	45.000000	0.522088	2.488453	4012.174930	-420.000000	0.000000	93.000000	4059.381441	1883.101596	3012.045327	0.000000	0	436.536580	29.421417	41.417667	-21.511963	-464.612651	38.682929	-6.327193	-425.946938	45.777176	0.000000	-420.000000	0	41.630439	0.188661	0.012236	40.050298	-13.919578	-445.279795	5.726878	13.919578	25.279795	6.327193	5.946938	7.612651	1	1	0	1	0
mm	1	61.000000	16	2	43	8.000000	45.000000	0.522088	2.488453	4059.481103	-420.000000	0.000000	94.000000	4106.214972	1883.101596	3012.045327	0.000000	0	436.445582	29.411922	41.645200	-21.650336	-464.543645	38.646587	-6.297231	-425.976973	45.777176	0.000000	-420.000000	0	41.618478	0.011960	0.009495	40.145894	-13.973784	-445.260309	5.631282	13.973784	25.260309	6.297231	5.976973	7.543645	1	1	0	1	0
mm	1	61.000000	16	2	43	8.000000	45.000000	0.522088	2.488453	4106.319338	-420.000000	0.000000	95.000000	4152.921893	1883.101596	3012.045327	0.000000	0	436.386020	29.440223	41.619669	-21.690961	-464.560746	38.718677	-6.386033	-425.964401	45.777176	0.000000	-420.000000	0	41.621321	0.002843	0.028300	40.169173	-14.038497	-445.262574	5.608003	14.038497	25.262574	6.386033	5.964401	7.560746	1	1	0	1	0
mm	1	61.000000	16	2	43	8.000000	45.000000	0.522088	2.488453	4153.025404	-420.000000	0.000000	96.000000	4200.360235	1883.101596	3012.045327	0.000000	0	436.360798	29.401673	41.694468	-21.735224	-464.500700	38.699293	-6.334250	-425.951051	45.777176	0.000000	-420.000000	0	41.620145	0.001176	0.038550	40.196881	-14.034737	-445.225876	5.580295	14.034737	25.225876	6.334250	5.951051	7.500700	1	1	0	1	0
mm	1	61.000000	16	2	43	8.000000	45.000000	0.522088	2.488453	4200.460752	-420.000000	0.000000	97.000000	4247.596687	1883.101596	3012.045327	0.000000	0	436.223773	29.470000	41.552296	-21.741544	-464.434107	38.958604	-6.625360	-426.036525	45.777176	0.000000	-420.000000	0	41.347316	0.272829	0.068328	40.255450	-14.183452	-445.235316	5.521726	14.183452	25.235316	6.625360	6.036525	7.434107	1	1	0	1	0
mm	1	61.000000	16	2	43	8.000000	45.000000	0.522088	2.488453	4247.696776	-420.000000	0.000000	98.000000	4294.396427	1883.101596	3012.045327	0.000000	0	436.310624	29.480745	41.426367	-21.724321	-464.439771	38.847391	-6.557809	-426.051086	45.777176	0.000000	-420.000000	0	41.356563	0.009247	0.010745	40.136879	-14.141065	-445.245428	5.640297	14.141065	25.245428	6.557809	6.051086	7.439771	1	1	0	1	0
mm	1	61.000000	16	2	43	8.000000	45.000000	0.522088	2.488453	4294.496088	-420.000000	0.000000	99.000000	4341.565726	1883.101596	3012.045327	0.000000	0	436.284213	29.481737	41.525428	-21.786980	-464.408477	38.831968	-6.521916	-426.088314	45.777176	0.000000	-420.000000	0	41.336567	0.019995	0.000992	40.178698	-14.154448	-445.248395	5.598478	14.154448	25.248395	6.521916	6.088314	7.408477	1	1	0	1	0
mm	1	61.000000	16	2	43	8.000000	45.000000	0.522088	2.488453	4341.722275	-420.000000	0.000000	100.000000	4388.514743	1883.101596	3012.045327	0.000000	0	436.287452	29.505142	41.481079	-21.751428	-464.404209	38.847261	-6.583827	-426.126016	45.777176	0.000000	-420.000000	0	41.257886	0.078682	0.023405	40.164170	-14.167628	-445.265112	5.613006	14.167628	25.265112	6.583827	6.126016	7.404209	1	1	0	1	0
mm	1	61.000000	16	2	43	8.000000	45.000000	0.522088	2.488453	4388.628947	-420.000000	0.000000	101.000000	4435.641269	1883.101596	3012.045327	0.000000	0	436.419941	29.518333	41.417168	-21.749343	-464.442523	38.808282	-6.376002	-426.212674	45.777176	0.000000	-420.000000	0	41.287616	0.029730	0.013191	40.112725	-14.062672	-445.327598	5.664451	14.062672	25.327598	6.376002	6.212674	7.442523	1	1	0	1	0
mm	1	61.000000	16	2	43	8.000000	45.000000	0.522088	2.488453	4435.745635	-420.000000	0.000000	102.000000	4482.743842	1883.101596	3012.045327	0.000000	0	436.311049	29.478383	41.575023	-21.837932	-464.402992	38.739559	-6.428858	-426.100042	45.777176	0.000000	-420.000000	0	41.383516	0.095900	0.039950	40.157291	-14.133395	-445.251517	5.619885	14.133395	25.251517	6.428858	6.100042	7.402992	1	1	0	1	0
mm	1	61.000000	16	2	43	8.000000	45.000000	0.522088	2.488453	4482.843931	-420.000000	0.000000	103.000000	4529.475144	1883.101596	3012.045327	0.000000	0	436.230241	29.479125	41.718171	-21.893689	-464.304272	38.836822	-6.457012	-426.206390	45.777176	0.000000	-420.000000	0	41.207302	0.176214	0.000741	40.277497	-14.175351	-445.255331	5.499679	14.175351	25.255331	6.457012	6.206390	7.304272	1	1	0	1	0
mm	1	61.000000	16	2	43	8.000000	45.000000	0.522088	2.488453	4529.580366	-420.000000	0.000000	104.000000	4565.079457	1883.101596	3012.045327	4565.075180	0	436.248596	29.495282	  41.657182  -21.928757 -464.276657	  38.781483   -6.438000 -426.237255	45.777176	0.000000	-420.000000	0	41.173162	0.034140	0.016157	0
