subjName	sessionNR	IOD	trialN	textureType	texnum	visualAngle	simulatedDepth	light_intensity	ambient_intensity	time	displayDistance	isRotated	frameN	timTote	startTime	touchTime	endTime	fingersOccluded	distanceToHome	distanceToObject	indexXraw	indexYraw	indexZraw	thumbXraw	thumbYraw	thumbZraw	targetX	targetY	targetZ	failCause	gripAperture	gripApertureVel	distFromObjVel	gripOriginX	gripOriginY	gripOriginZ	distFromObjX	distFromObjY	distFromObjZ	y_dist_thm	z_dist_thm	z_dist_ind	handOnObj	handnearObj	handfarObj	handTouchObj	framesOccluded
mm	1	61.000000	63	2	42	8.000000	35.000000	0.498430	2.513024	878.794347	-420.000000	0.000000	30.000000	925.685620	0.000000	0.000000	0.000000	0	6.292925	430.571088	214.626514	-355.865464	-256.337420	220.551051	-358.232263	-246.685767	45.777176	0.000000	-420.000000	0	11.569627	0.147731	0.003138	217.588782	-357.048864	-251.511594	171.811606	357.048864	168.488406	358.232263	173.314233	190.662580	0	0	1	0	0
mm	1	61.000000	63	2	42	8.000000	35.000000	0.498430	2.513024	925.878099	-420.000000	0.000000	31.000000	973.279228	0.000000	0.000000	0.000000	0	6.350070	430.531995	214.554338	-355.881455	-256.354764	220.397718	-358.250320	-246.710493	45.777176	0.000000	-420.000000	0	11.522525	0.047103	0.039093	217.476028	-357.065888	-251.532629	171.698852	357.065888	168.467371	358.250320	173.289507	190.645236	0	0	1	0	0
mm	1	61.000000	63	2	42	8.000000	35.000000	0.498430	2.513024	973.383595	-420.000000	0.000000	32.000000	1020.034484	0.000000	0.000000	0.000000	0	6.339152	430.526676	214.459650	-355.842334	-256.361491	220.500967	-358.260562	-246.678474	45.777176	0.000000	-420.000000	0	11.666454	0.143930	0.005320	217.480309	-357.051448	-251.519982	171.703133	357.051448	168.480018	358.260562	173.321526	190.638509	0	0	1	0	0
mm	1	61.000000	63	2	42	8.000000	35.000000	0.498430	2.513024	1020.137995	-420.000000	0.000000	33.000000	1067.094283	0.000000	0.000000	0.000000	0	6.305159	430.615430	214.633275	-355.917433	-256.422359	220.540223	-358.311216	-246.647512	45.777176	0.000000	-420.000000	0	11.669184	0.002730	0.088754	217.586749	-357.114324	-251.534935	171.809573	357.114324	168.465065	358.311216	173.352488	190.577641	0	0	1	0	0
mm	1	61.000000	63	2	42	8.000000	35.000000	0.498430	2.513024	1067.196511	-420.000000	0.000000	34.000000	1114.146812	0.000000	0.000000	0.000000	0	6.364579	430.546326	214.224894	-355.905225	-256.416654	220.545207	-358.337122	-246.624335	45.777176	0.000000	-420.000000	0	11.905880	0.236696	0.069103	217.385051	-357.121174	-251.520495	171.607875	357.121174	168.479505	358.337122	173.375665	190.583346	0	0	1	0	0
mm	1	61.000000	63	2	42	8.000000	35.000000	0.498430	2.513024	1114.245618	-420.000000	0.000000	35.000000	1160.754072	0.000000	0.000000	0.000000	0	6.384462	430.560742	214.417356	-355.953585	-256.423702	220.374733	-358.341660	-246.678141	45.777176	0.000000	-420.000000	0	11.669155	0.236725	0.014416	217.396045	-357.147623	-251.550921	171.618869	357.147623	168.449079	358.341660	173.321859	190.576298	0	0	1	0	0
mm	1	61.000000	63	2	42	8.000000	35.000000	0.498430	2.513024	1160.853734	-420.000000	0.000000	36.000000	1208.544436	0.000000	0.000000	0.000000	0	6.348201	430.594622	214.327195	-355.978935	-256.433726	220.478653	-358.359830	-246.601211	45.777176	0.000000	-420.000000	0	11.840079	0.170924	0.033881	217.402924	-357.169383	-251.517468	171.625748	357.169383	168.482532	358.359830	173.398789	190.566274	0	0	1	0	0
mm	1	61.000000	63	2	42	8.000000	35.000000	0.498430	2.513024	1208.643242	-420.000000	0.000000	37.000000	1255.519118	0.000000	0.000000	0.000000	0	6.340364	430.613607	214.406537	-355.991777	-256.424581	220.458723	-358.369204	-246.620936	45.777176	0.000000	-420.000000	0	11.764037	0.076042	0.018985	217.432630	-357.180491	-251.522758	171.655454	357.180491	168.477242	358.369204	173.379064	190.575419	0	0	1	0	0
mm	1	61.000000	63	2	42	8.000000	35.000000	0.498430	2.513024	1255.623912	-420.000000	0.000000	38.000000	1302.483106	0.000000	0.000000	0.000000	0	6.317946	430.635819	214.404056	-356.018259	-256.437606	220.534285	-358.352766	-246.590126	45.777176	0.000000	-420.000000	0	11.832265	0.068228	0.022212	217.469171	-357.185512	-251.513866	171.691995	357.185512	168.486134	358.352766	173.409874	190.562394	0	0	1	0	0
mm	1	61.000000	63	2	42	8.000000	35.000000	0.498430	2.513024	1302.687561	-420.000000	0.000000	39.000000	1349.794411	0.000000	0.000000	0.000000	0	6.303512	430.653563	214.535925	-356.029605	-256.440122	220.478231	-358.347637	-246.587351	45.777176	0.000000	-420.000000	0	11.737179	0.095086	0.017744	217.507078	-357.188621	-251.513737	171.729902	357.188621	168.486263	358.347637	173.412649	190.559878	0	0	1	0	0
mm	1	61.000000	63	2	42	8.000000	35.000000	0.498430	2.513024	1349.898350	-420.000000	0.000000	40.000000	1396.686968	0.000000	0.000000	0.000000	0	6.319994	430.645292	214.675800	-356.049051	-256.414527	220.330794	-358.327284	-246.645599	45.777176	0.000000	-420.000000	0	11.515262	0.221917	0.008271	217.503297	-357.188168	-251.530063	171.726121	357.188168	168.469937	358.327284	173.354401	190.585473	0	0	1	0	0
mm	1	61.000000	63	2	42	8.000000	35.000000	0.498430	2.513024	1396.785774	-420.000000	0.000000	41.000000	1443.830175	0.000000	0.000000	0.000000	0	6.294266	430.536543	214.823488	-355.938108	-256.362464	220.371419	-358.064534	-246.653476	45.777176	0.000000	-420.000000	0	11.382692	0.132570	0.108749	217.597453	-357.001321	-251.507970	171.820278	357.001321	168.492030	358.064534	173.346524	190.637536	0	0	1	0	0
mm	1	61.000000	63	2	42	8.000000	35.000000	0.498430	2.513024	1443.928126	-420.000000	0.000000	42.000000	1491.244564	0.000000	0.000000	0.000000	0	7.583385	428.710847	215.157850	-354.052161	-258.189362	219.918253	-356.421422	-246.561392	45.777176	0.000000	-420.000000	0	12.786107	1.403415	1.825696	217.538052	-355.236791	-252.375377	171.760876	355.236791	167.624623	356.421422	173.438608	188.810638	0	0	1	0	0
mm	1	61.000000	63	2	42	8.000000	35.000000	0.498430	2.513024	1491.346792	-420.000000	0.000000	43.000000	1538.334305	1527.225280	0.000000	0.000000	0	13.246523	422.117088	217.060138	-345.787200	-261.146274	219.467673	-349.015500	-245.726326	45.777176	0.000000	-420.000000	0	15.937156	3.151049	6.593759	218.263905	-347.401350	-253.436300	172.486730	347.401350	166.563700	349.015500	174.273674	185.853726	0	0	1	0	0
mm	1	61.000000	63	2	42	8.000000	35.000000	0.498430	2.513024	1538.442093	-420.000000	0.000000	44.000000	1585.787617	1527.225280	0.000000	0.000000	0	24.330159	411.829051	217.319615	-333.386021	-261.529116	218.217796	-336.700599	-245.195858	45.777176	0.000000	-420.000000	0	16.690371	0.753215	10.288037	217.768706	-335.043310	-253.362487	171.991530	335.043310	166.637513	336.700599	174.804142	185.470884	0	0	1	0	0
mm	1	61.000000	63	2	42	8.000000	35.000000	0.498430	2.513024	1585.892411	-420.000000	0.000000	45.000000	1632.981724	1527.225280	0.000000	0.000000	0	39.675109	396.899834	213.507171	-319.153544	-264.044129	212.181471	-321.293365	-246.866300	45.777176	0.000000	-420.000000	0	17.361282	0.670911	14.929217	212.844321	-320.223454	-255.455215	167.067145	320.223454	164.544785	321.293365	173.133700	182.955871	0	0	1	0	0
mm	1	61.000000	63	2	42	8.000000	35.000000	0.498430	2.513024	1633.090796	-420.000000	0.000000	46.000000	1680.053501	1527.225280	0.000000	0.000000	0	58.610709	377.645589	206.819215	-303.811320	-272.198197	204.068913	-303.494530	-252.095758	45.777176	0.000000	-420.000000	0	20.292180	2.930898	19.254245	205.444064	-303.652925	-262.146978	159.666888	303.652925	157.853022	303.494530	167.904242	174.801803	0	0	1	0	0
mm	1	61.000000	63	2	42	8.000000	35.000000	0.498430	2.513024	1680.167705	-420.000000	0.000000	47.000000	1727.192431	1527.225280	0.000000	0.000000	0	83.150699	352.638810	198.383913	-284.449771	-285.715965	193.606214	-282.133918	-260.791634	45.777176	0.000000	-420.000000	0	25.483561	5.191381	25.006779	195.995064	-283.291845	-273.253799	150.217888	283.291845	146.746201	282.133918	159.208366	161.284035	0	0	1	0	0
mm	1	61.000000	63	2	42	8.000000	35.000000	0.498430	2.513024	1727.298080	-420.000000	0.000000	48.000000	1774.259074	1527.225280	0.000000	0.000000	0	111.582483	323.790851	187.021571	-262.408162	-300.355141	180.937064	-258.302971	-271.647377	45.777176	0.000000	-420.000000	0	29.631225	4.147664	28.847959	183.979317	-260.355566	-286.001259	138.202142	260.355566	133.998741	258.302971	148.352623	146.644859	0	0	1	0	0
mm	1	61.000000	63	2	42	8.000000	35.000000	0.498430	2.513024	1774.416907	-420.000000	0.000000	49.000000	1821.382606	1527.225280	0.000000	0.000000	0	142.640183	292.317113	172.896166	-238.627193	-315.921086	165.921274	-233.745187	-284.240477	45.777176	0.000000	-420.000000	0	32.804635	3.173409	31.473739	169.408720	-236.186190	-300.080782	123.631544	236.186190	119.919218	233.745187	135.759523	131.078914	0	0	1	0	0
mm	1	61.000000	63	2	42	8.000000	35.000000	0.498430	2.513024	1821.490822	-420.000000	0.000000	50.000000	1867.471884	1527.225280	0.000000	0.000000	0	175.292083	259.435820	158.102723	-213.635045	-334.872589	151.321254	-210.007608	-299.488142	45.777176	0.000000	-420.000000	0	36.210574	3.405940	32.881292	154.711988	-211.821326	-317.180366	108.934812	211.821326	102.819634	210.007608	120.511858	112.127411	0	0	1	0	0
mm	1	61.000000	63	2	42	8.000000	35.000000	0.498430	2.513024	1867.571973	-420.000000	0.000000	51.000000	1914.634767	1527.225280	0.000000	0.000000	0	208.461912	226.415864	145.304661	-188.959383	-355.235990	136.885983	-185.581646	-316.141958	45.777176	0.000000	-420.000000	0	40.132613	3.922039	33.019956	141.095322	-187.270514	-335.688974	95.318146	187.270514	84.311026	185.581646	103.858042	91.764010	0	0	0	0	0
mm	1	61.000000	63	2	42	8.000000	35.000000	0.498430	2.513024	1914.735284	-420.000000	0.000000	52.000000	1961.417825	1527.225280	0.000000	0.000000	0	240.372502	195.127941	133.934959	-165.181174	-375.074789	124.930837	-162.045123	-333.664081	45.777176	0.000000	-420.000000	0	42.494185	2.361572	31.287924	129.432898	-163.613148	-354.369435	83.655722	163.613148	65.630565	162.045123	86.335919	71.925211	0	0	0	0	0
mm	1	61.000000	63	2	42	8.000000	35.000000	0.498430	2.513024	1961.516631	-420.000000	0.000000	53.000000	2009.038808	1527.225280	0.000000	0.000000	0	270.941210	165.403237	123.286410	-142.507578	-394.348231	113.297668	-138.304920	-347.960203	45.777176	0.000000	-420.000000	0	47.637028	5.142843	29.724704	118.292039	-140.406249	-371.154217	72.514863	140.406249	48.845783	138.304920	72.039797	52.651769	0	0	0	0	0
mm	1	61.000000	63	2	42	8.000000	35.000000	0.498430	2.513024	2009.141463	-420.000000	0.000000	54.000000	2055.877898	1527.225280	0.000000	0.000000	0	298.847695	138.593171	112.921983	-121.564511	-411.729093	102.196843	-117.189408	-360.738281	45.777176	0.000000	-420.000000	0	52.289895	4.652867	26.810065	107.559413	-119.376960	-386.233687	61.782237	119.376960	33.766313	117.189408	59.261719	35.270907	0	0	0	0	0
mm	1	61.000000	63	2	42	8.000000	35.000000	0.498430	2.513024	2055.980981	-420.000000	0.000000	55.000000	2103.177655	1527.225280	0.000000	0.000000	0	323.766928	114.606062	102.058868	-102.200726	-424.951466	90.435810	-98.927053	-371.495524	45.777176	0.000000	-420.000000	0	54.802830	2.512935	23.987109	96.247339	-100.563890	-398.223495	50.470163	100.563890	21.776505	98.927053	48.504476	22.048534	0	0	0	0	0
mm	1	61.000000	63	2	42	8.000000	35.000000	0.498430	2.513024	2103.282021	-420.000000	0.000000	56.000000	2150.248576	1527.225280	0.000000	0.000000	0	346.925606	92.267048	91.490082	-83.746058	-436.059247	78.171752	-81.711596	-379.944529	45.777176	0.000000	-420.000000	0	57.709431	2.906602	22.339014	84.830917	-82.728827	-408.001888	39.053741	82.728827	11.998112	81.711596	40.055471	10.940753	0	0	0	0	0
mm	1	61.000000	63	2	42	8.000000	35.000000	0.498430	2.513024	2150.351231	-420.000000	0.000000	57.000000	2197.311370	1527.225280	0.000000	0.000000	0	366.847657	73.571257	80.915376	-68.334103	-444.899655	66.457015	-67.602230	-387.578431	45.777176	0.000000	-420.000000	0	59.121084	1.411652	18.695791	73.686196	-67.968166	-416.239043	27.909020	67.968166	3.760957	67.602230	32.421569	2.100345	0	0	0	0	0
mm	1	61.000000	63	2	42	8.000000	35.000000	0.498430	2.513024	2197.410603	-420.000000	0.000000	58.000000	2244.046094	1527.225280	0.000000	0.000000	0	383.968288	58.046997	70.788303	-55.341395	-451.615412	55.803270	-55.222520	-393.466833	45.777176	0.000000	-420.000000	0	60.048501	0.927417	15.524260	63.295786	-55.281957	-422.541123	17.518610	55.281957	2.541123	55.222520	26.533167	4.615412	0	0	0	0	0
mm	1	61.000000	63	2	42	8.000000	35.000000	0.498430	2.513024	2244.151316	-420.000000	0.000000	59.000000	2291.145673	1527.225280	0.000000	0.000000	0	397.765305	47.265256	62.197008	-45.653302	-457.776277	45.707979	-46.052979	-398.305781	45.777176	0.000000	-420.000000	0	61.715377	1.666876	10.781741	53.952494	-45.853140	-428.041029	8.175318	45.853140	8.041029	46.052979	21.694219	10.776277	0	0	0	0	0
mm	1	61.000000	63	2	42	8.000000	35.000000	0.498430	2.513024	2291.252605	-420.000000	0.000000	60.000000	2338.304278	1527.225280	0.000000	0.000000	0	408.946288	39.351625	54.805112	-37.860807	-461.597573	37.865911	-37.441830	-401.259973	45.777176	0.000000	-420.000000	0	62.671668	0.956291	7.913631	46.335511	-37.651319	-431.428773	0.558335	37.651319	11.428773	37.441830	18.740027	14.597573	0	0	0	0	0
mm	1	61.000000	63	2	42	8.000000	35.000000	0.498430	2.513024	2338.407789	-420.000000	0.000000	61.000000	2385.491970	1527.225280	0.000000	0.000000	0	417.517205	34.250313	49.668361	-31.304368	-464.020053	32.702078	-30.602126	-403.829141	45.777176	0.000000	-420.000000	0	62.540337	0.131331	5.101312	41.185219	-30.953247	-433.924597	4.591957	30.953247	13.924597	30.602126	16.170859	17.020053	0	0	0	0	0
mm	1	61.000000	63	2	42	8.000000	35.000000	0.498430	2.513024	2385.589920	-420.000000	0.000000	62.000000	2432.540648	1527.225280	0.000000	0.000000	0	424.905514	30.600869	44.946694	-25.680584	-465.000593	29.548487	-23.853727	-406.637824	45.777176	0.000000	-420.000000	0	60.387540	2.152797	3.649444	37.247590	-24.767156	-435.819208	8.529586	24.767156	15.819208	23.853727	13.362176	18.000593	0	1	0	0	0
mm	1	61.000000	63	2	42	8.000000	35.000000	0.498430	2.513024	2432.639026	-420.000000	0.000000	63.000000	2479.576923	1527.225280	0.000000	0.000000	0	431.401544	29.608102	40.733065	-21.660043	-466.056459	26.226175	-18.115693	-410.268878	45.777176	0.000000	-420.000000	0	57.751767	2.635774	0.992767	33.479620	-19.887868	-438.162668	12.297556	19.887868	18.162668	18.115693	9.731122	19.056459	0	1	0	0	0
mm	1	61.000000	63	2	42	8.000000	35.000000	0.498430	2.513024	2479.680006	-420.000000	0.000000	64.000000	2526.491294	1527.225280	2514.823225	0.000000	0	436.855369	29.701800	38.320485	-17.178026	-467.340417	24.714710	-13.954195	-414.447503	45.777176	0.000000	-420.000000	0	54.709876	3.041890	0.093698	31.517598	-15.566111	-440.893960	14.259578	15.566111	20.893960	13.954195	5.552497	20.340417	0	1	0	1	0
mm	1	61.000000	63	2	42	8.000000	35.000000	0.498430	2.513024	2526.596088	-420.000000	0.000000	65.000000	2573.208909	1527.225280	2514.823225	0.000000	0	441.805325	30.060809	36.111672	-13.037771	-467.707572	22.336082	-9.678439	-417.042130	45.777176	0.000000	-420.000000	0	52.612157	2.097720	0.359009	29.223877	-11.358105	-442.374851	16.553299	11.358105	22.374851	9.678439	2.957870	20.707572	0	1	0	1	0
mm	1	61.000000	63	2	42	8.000000	35.000000	0.498430	2.513024	2573.313276	-420.000000	0.000000	66.000000	2619.797350	1527.225280	2514.823225	0.000000	0	445.074945	31.250059	33.056409	-10.603269	-467.271481	21.135139	-7.284821	-419.529179	45.777176	0.000000	-420.000000	0	49.319936	3.292221	1.189250	27.095774	-8.944045	-443.400330	18.681402	8.944045	23.400330	7.284821	0.470821	20.271481	0	1	0	1	0
mm	1	61.000000	63	2	42	8.000000	35.000000	0.498430	2.513024	2619.897011	-420.000000	0.000000	67.000000	2667.461105	1527.225280	2514.823225	0.000000	0	446.563837	32.519894	30.536185	-10.316403	-465.314461	19.848512	-6.296180	-422.217166	45.777176	0.000000	-420.000000	0	44.584362	4.735574	1.269835	25.192348	-8.306292	-443.765813	20.584827	8.306292	23.765813	6.296180	2.217166	18.314461	0	1	0	1	0
mm	1	61.000000	63	2	42	8.000000	35.000000	0.498430	2.513024	2667.561622	-420.000000	0.000000	68.000000	2714.285225	1527.225280	2514.823225	0.000000	0	445.679218	30.944055	30.077207	-11.409594	-460.690402	21.435262	-4.982616	-423.559810	45.777176	0.000000	-420.000000	0	38.660964	5.923398	1.575838	25.756234	-8.196105	-442.125106	20.020942	8.196105	22.125106	4.982616	3.559810	13.690402	0	1	0	1	0
mm	1	61.000000	63	2	42	8.000000	35.000000	0.498430	2.513024	2714.384459	-420.000000	0.000000	69.000000	2761.080260	1527.225280	2514.823225	0.000000	0	444.861918	28.053145	31.820829	-11.251330	-458.736512	24.817229	-2.903437	-422.837647	45.777176	0.000000	-420.000000	0	37.516213	1.144751	2.890910	28.319029	-7.077383	-440.787080	17.458147	7.077383	20.787080	2.903437	2.837647	11.736512	0	1	0	1	0
mm	1	61.000000	63	2	42	8.000000	35.000000	0.498430	2.513024	2761.239803	-420.000000	0.000000	70.000000	2807.983510	1527.225280	2514.823225	0.000000	0	443.321742	26.177817	33.795916	-11.752781	-457.326628	28.181816	-2.890369	-423.317118	45.777176	0.000000	-420.000000	0	35.590831	1.925382	1.875328	30.988866	-7.321575	-440.321873	14.788310	7.321575	20.321873	2.890369	3.317118	10.326628	0	1	0	1	0
mm	1	61.000000	63	2	42	8.000000	35.000000	0.498430	2.513024	2808.091726	-420.000000	0.000000	71.000000	2855.344432	1527.225280	2514.823225	0.000000	0	442.597278	25.537857	34.619071	-11.885964	-456.713363	29.854967	-3.216382	-423.873634	45.777176	0.000000	-420.000000	0	34.297320	1.293511	0.639959	32.237019	-7.551173	-440.293499	13.540157	7.551173	20.293499	3.216382	3.873634	9.713363	0	1	0	1	0
mm	1	61.000000	63	2	42	8.000000	35.000000	0.498430	2.513024	2855.447943	-420.000000	0.000000	72.000000	2902.275913	1527.225280	2514.823225	0.000000	0	442.503323	25.213215	34.892973	-11.786098	-456.475307	30.229576	-3.047874	-423.825289	45.777176	0.000000	-420.000000	0	34.119313	0.178007	0.324642	32.561275	-7.416986	-440.150298	13.215901	7.416986	20.150298	3.047874	3.825289	9.475307	0	1	0	1	0
mm	1	61.000000	63	2	42	8.000000	35.000000	0.498430	2.513024	2902.375574	-420.000000	0.000000	73.000000	2949.460610	1527.225280	2514.823225	0.000000	0	442.290282	25.033745	35.213141	-11.891793	-456.252866	30.339915	-3.120255	-423.813636	45.777176	0.000000	-420.000000	0	33.955734	0.163579	0.179471	32.776528	-7.506024	-440.033251	13.000648	7.506024	20.033251	3.120255	3.813636	9.252866	0	1	0	1	0
mm	1	61.000000	63	2	42	8.000000	35.000000	0.498430	2.513024	2949.559416	-420.000000	0.000000	74.000000	2996.424170	1527.225280	2514.823225	0.000000	0	442.407026	25.122705	35.199760	-11.895387	-456.245207	30.022834	-3.021865	-423.863587	45.777176	0.000000	-420.000000	0	33.972183	0.016449	0.088960	32.611297	-7.458626	-440.054397	13.165879	7.458626	20.054397	3.021865	3.863587	9.245207	0	1	0	1	0
mm	1	61.000000	63	2	42	8.000000	35.000000	0.498430	2.513024	2996.523832	-420.000000	0.000000	75.000000	3043.710240	1527.225280	2514.823225	0.000000	0	442.680168	25.218577	35.035116	-11.784396	-456.239726	29.784470	-2.726802	-423.991903	45.777176	0.000000	-420.000000	0	33.904740	0.067443	0.095872	32.409793	-7.255599	-440.115814	13.367383	7.255599	20.115814	2.726802	3.991903	9.239726	0	1	0	1	0
mm	1	61.000000	63	2	42	8.000000	35.000000	0.498430	2.513024	3043.808618	-420.000000	0.000000	76.000000	3090.601514	1527.225280	2514.823225	0.000000	0	442.671943	25.203675	35.134324	-11.826483	-456.220069	29.760614	-2.674314	-424.027956	45.777176	0.000000	-420.000000	0	33.896476	0.008264	0.014902	32.447469	-7.250399	-440.124012	13.329707	7.250399	20.124012	2.674314	4.027956	9.220069	0	1	0	1	0
mm	1	61.000000	63	2	42	8.000000	35.000000	0.498430	2.513024	3090.706735	-420.000000	0.000000	77.000000	3138.001359	1527.225280	2514.823225	0.000000	0	442.400233	25.228975	35.038014	-11.956223	-456.198296	30.087269	-3.111308	-424.056871	45.777176	0.000000	-420.000000	0	33.701833	0.194643	0.025300	32.562642	-7.533766	-440.127584	13.214534	7.533766	20.127584	3.111308	4.056871	9.198296	0	1	0	1	0
mm	1	61.000000	63	2	42	8.000000	35.000000	0.498430	2.513024	3138.106581	-420.000000	0.000000	78.000000	3184.926852	1527.225280	2514.823225	0.000000	0	442.269861	25.187728	35.293867	-12.046535	-456.198886	29.962870	-3.227160	-423.961246	45.777176	0.000000	-420.000000	0	33.844739	0.142906	0.041247	32.628368	-7.636848	-440.080066	13.148808	7.636848	20.080066	3.227160	3.961246	9.198886	0	1	0	1	0
mm	1	61.000000	63	2	42	8.000000	35.000000	0.498430	2.513024	3185.031218	-420.000000	0.000000	79.000000	3231.782624	1527.225280	2514.823225	0.000000	0	442.130251	25.171320	35.355528	-12.122057	-456.188894	30.186206	-3.382835	-424.027067	45.777176	0.000000	-420.000000	0	33.726533	0.118206	0.016408	32.770867	-7.752446	-440.107980	13.006309	7.752446	20.107980	3.382835	4.027067	9.188894	0	1	0	1	0
mm	1	61.000000	63	2	42	8.000000	35.000000	0.498430	2.513024	3231.934040	-420.000000	0.000000	80.000000	3278.936097	1527.225280	2514.823225	0.000000	0	442.233323	25.233170	35.228788	-12.094220	-456.187313	30.119305	-3.294814	-424.102400	45.777176	0.000000	-420.000000	0	33.659739	0.066794	0.061849	32.674046	-7.694517	-440.144857	13.103129	7.694517	20.144857	3.294814	4.102400	9.187313	0	1	0	1	0
mm	1	61.000000	63	2	42	8.000000	35.000000	0.498430	2.513024	3279.040891	-420.000000	0.000000	81.000000	3325.496307	1527.225280	2514.823225	0.000000	0	442.130806	25.204796	35.177091	-12.113835	-456.154609	30.326605	-3.433699	-424.104112	45.777176	0.000000	-420.000000	0	33.557508	0.102231	0.028373	32.751848	-7.773767	-440.129360	13.025328	7.773767	20.129360	3.433699	4.104112	9.154609	0	1	0	1	0
mm	1	61.000000	63	2	42	8.000000	35.000000	0.498430	2.513024	3325.601101	-420.000000	0.000000	82.000000	3373.151936	1527.225280	2514.823225	0.000000	0	441.944235	25.157518	35.249020	-12.248380	-456.101112	30.255024	-3.631934	-423.908887	45.777176	0.000000	-420.000000	0	33.697515	0.140007	0.047278	32.752022	-7.940157	-440.005000	13.025154	7.940157	20.005000	3.631934	3.908887	9.101112	0	1	0	1	0
mm	1	61.000000	63	2	42	8.000000	35.000000	0.498430	2.513024	3373.256730	-420.000000	0.000000	83.000000	3420.055614	1527.225280	2514.823225	0.000000	0	441.828982	25.300577	34.943767	-12.459715	-456.119612	30.336848	-3.853562	-423.930913	45.777176	0.000000	-420.000000	0	33.636319	0.061196	0.143058	32.640307	-8.156638	-440.025262	13.136869	8.156638	20.025262	3.853562	3.930913	9.119612	0	1	0	1	0
mm	1	61.000000	63	2	42	8.000000	35.000000	0.498430	2.513024	3420.159552	-420.000000	0.000000	84.000000	3467.379751	1527.225280	2514.823225	0.000000	0	441.815138	25.181236	35.339638	-12.401287	-456.091856	30.299657	-3.753567	-423.955730	45.777176	0.000000	-420.000000	0	33.658804	0.022485	0.119341	32.819648	-8.077427	-440.023793	12.957528	8.077427	20.023793	3.753567	3.955730	9.091856	0	1	0	1	0
mm	1	61.000000	63	2	42	8.000000	35.000000	0.498430	2.513024	3467.484545	-420.000000	0.000000	85.000000	3514.332190	1527.225280	2514.823225	0.000000	0	441.956332	25.194825	35.191927	-12.260972	-456.104091	30.253314	-3.645320	-423.951133	45.777176	0.000000	-420.000000	0	33.651628	0.007176	0.013588	32.722621	-7.953146	-440.027612	13.054555	7.953146	20.027612	3.645320	3.951133	9.104091	0	1	0	1	0
mm	1	61.000000	63	2	42	8.000000	35.000000	0.498430	2.513024	3514.432707	-420.000000	0.000000	86.000000	3561.442035	1527.225280	2514.823225	0.000000	0	441.896460	25.186805	35.244712	-12.285300	-456.094949	30.343023	-3.715368	-423.995125	45.777176	0.000000	-420.000000	0	33.583760	0.067868	0.008020	32.793868	-8.000334	-440.045037	12.983308	8.000334	20.045037	3.715368	3.995125	9.094949	0	1	0	1	0
mm	1	61.000000	63	2	42	8.000000	35.000000	0.498430	2.513024	3561.542551	-420.000000	0.000000	87.000000	3608.223382	1527.225280	2514.823225	0.000000	0	441.787191	25.151519	35.425914	-12.364824	-456.103163	30.445829	-3.780255	-424.023332	45.777176	0.000000	-420.000000	0	33.579929	0.003832	0.035286	32.935871	-8.072540	-440.063248	12.841304	8.072540	20.063248	3.780255	4.023332	9.103163	0	1	0	1	0
mm	1	61.000000	63	2	42	8.000000	35.000000	0.498430	2.513024	3608.327748	-420.000000	0.000000	88.000000	3655.515011	1527.225280	2514.823225	0.000000	0	441.748609	25.174462	35.379295	-12.368278	-456.135862	30.717474	-3.849277	-424.161986	45.777176	0.000000	-420.000000	0	33.416085	0.163843	0.022943	33.048385	-8.108777	-440.148924	12.728791	8.108777	20.148924	3.849277	4.161986	9.135862	0	1	0	1	0
mm	1	61.000000	63	2	42	8.000000	35.000000	0.498430	2.513024	3655.620233	-420.000000	0.000000	89.000000	3702.772423	1527.225280	2514.823225	0.000000	0	441.849717	25.179825	35.372075	-12.333769	-456.122302	30.440873	-3.723005	-424.072903	45.777176	0.000000	-420.000000	0	33.550350	0.134265	0.005363	32.906474	-8.028387	-440.097602	12.870702	8.028387	20.097602	3.723005	4.072903	9.122302	0	1	0	1	0
mm	1	61.000000	63	2	42	8.000000	35.000000	0.498430	2.513024	3702.876361	-420.000000	0.000000	90.000000	3738.045672	1527.225280	2514.823225	3738.041395	0	441.786508	25.146164	  35.382953  -12.324617 -456.110447	  30.551224   -3.806644 -424.048080	45.777176	0.000000	-420.000000	0	33.524571	0.025779	0.033661	0
