subjName	sessionNR	IOD	trialN	textureType	texnum	visualAngle	simulatedDepth	light_intensity	ambient_intensity	time	displayDistance	isRotated	frameN	timTote	startTime	touchTime	endTime	fingersOccluded	distanceToHome	distanceToObject	indexXraw	indexYraw	indexZraw	thumbXraw	thumbYraw	thumbZraw	targetX	targetY	targetZ	failCause	gripAperture	gripApertureVel	distFromObjVel	gripOriginX	gripOriginY	gripOriginZ	distFromObjX	distFromObjY	distFromObjZ	y_dist_thm	z_dist_thm	z_dist_ind	handOnObj	handnearObj	handfarObj	handTouchObj	framesOccluded
mm	2	61.000000	11	1	48	8.000000	25.000000	0.753560	1.770940	886.529003	-420.000000	0.000000	30.000000	933.516088	0.000000	0.000000	0.000000	0	3.234870	438.884621	225.216727	-354.399802	-246.222948	231.524571	-358.756332	-234.560557	46.127213	0.000000	-420.000000	0	13.956346	0.074678	0.013008	228.370649	-356.578067	-240.391752	182.243436	356.578067	179.608248	358.756332	185.439443	190.777052	0	0	1	0	0
mm	2	61.000000	11	1	48	8.000000	25.000000	0.753560	1.770940	933.798391	-420.000000	0.000000	31.000000	980.461256	0.000000	0.000000	0.000000	0	3.252258	438.881038	225.321687	-354.408414	-246.226194	231.397429	-358.779487	-234.615389	46.127213	0.000000	-420.000000	0	13.814185	0.142162	0.003583	228.359558	-356.593951	-240.420791	182.232345	356.593951	179.579209	358.779487	185.384611	190.773806	0	0	1	0	0
mm	2	61.000000	11	1	48	8.000000	25.000000	0.753560	1.770940	980.572894	-420.000000	0.000000	32.000000	1027.540732	0.000000	0.000000	0.000000	0	3.260802	438.890087	225.179390	-354.416748	-246.211885	231.509527	-358.773591	-234.559671	46.127213	0.000000	-420.000000	0	13.958038	0.143853	0.009049	228.344459	-356.595170	-240.385778	182.217246	356.595170	179.614222	358.773591	185.440329	190.788115	0	0	1	0	0
mm	2	61.000000	11	1	48	8.000000	25.000000	0.753560	1.770940	1027.645526	-420.000000	0.000000	33.000000	1074.300264	0.000000	0.000000	0.000000	0	3.332071	438.858374	225.105851	-354.404561	-246.200290	231.442403	-358.791248	-234.594428	46.127213	0.000000	-420.000000	0	13.931653	0.026385	0.031713	228.274127	-356.597905	-240.397359	182.146915	356.597905	179.602641	358.791248	185.405572	190.799710	0	0	1	0	0
mm	2	61.000000	11	1	48	8.000000	25.000000	0.753560	1.770940	1074.437566	-420.000000	0.000000	34.000000	1121.688134	0.000000	0.000000	0.000000	0	3.298251	438.879963	225.251196	-354.422152	-246.206306	231.373120	-358.801350	-234.615039	46.127213	0.000000	-420.000000	0	13.820738	0.110915	0.021589	228.312158	-356.611751	-240.410672	182.184946	356.611751	179.589328	358.801350	185.384961	190.793694	0	0	1	0	0
mm	2	61.000000	11	1	48	8.000000	25.000000	0.753560	1.770940	1121.788223	-420.000000	0.000000	35.000000	1168.767609	0.000000	0.000000	0.000000	0	3.321397	438.873521	225.202406	-354.423277	-246.195846	231.372092	-358.802219	-234.610412	46.127213	0.000000	-420.000000	0	13.836996	0.016258	0.006443	228.287249	-356.612748	-240.403129	182.160036	356.612748	179.596871	358.802219	185.389588	190.804154	0	0	1	0	0
mm	2	61.000000	11	1	48	8.000000	25.000000	0.753560	1.770940	1168.866843	-420.000000	0.000000	36.000000	1215.486935	0.000000	0.000000	0.000000	0	3.259422	438.904082	225.258200	-354.418004	-246.184074	231.435013	-358.801942	-234.582226	46.127213	0.000000	-420.000000	0	13.855497	0.018502	0.030561	228.346606	-356.609973	-240.383150	182.219394	356.609973	179.616850	358.801942	185.417774	190.815926	0	0	1	0	0
mm	2	61.000000	11	1	48	8.000000	25.000000	0.753560	1.770940	1215.596434	-420.000000	0.000000	37.000000	1262.960351	0.000000	0.000000	0.000000	0	3.268618	438.911132	225.201967	-354.426588	-246.170150	231.465230	-358.801108	-234.550691	46.127213	0.000000	-420.000000	0	13.905995	0.050498	0.007050	228.333599	-356.613848	-240.360421	182.206386	356.613848	179.639579	358.801108	185.449309	190.829850	0	0	1	0	0
mm	2	61.000000	11	1	48	8.000000	25.000000	0.753560	1.770940	1263.063434	-420.000000	0.000000	38.000000	1310.186965	0.000000	0.000000	0.000000	0	3.278846	438.907774	225.178842	-354.428839	-246.143096	231.462665	-358.791091	-234.552685	46.127213	0.000000	-420.000000	0	13.887163	0.018833	0.003358	228.320753	-356.609965	-240.347890	182.193541	356.609965	179.652110	358.791091	185.447315	190.856904	0	0	1	0	0
mm	2	61.000000	11	1	48	8.000000	25.000000	0.753560	1.770940	1310.336671	-420.000000	0.000000	39.000000	1357.113313	0.000000	0.000000	0.000000	0	3.437619	438.847198	225.078877	-354.402123	-246.111839	231.236207	-358.822323	-234.557982	46.127213	0.000000	-420.000000	0	13.818194	0.068969	0.060576	228.157542	-356.612223	-240.334910	182.030330	356.612223	179.665090	358.822323	185.442018	190.888161	0	0	1	0	0
mm	2	61.000000	11	1	48	8.000000	25.000000	0.753560	1.770940	1357.216396	-420.000000	0.000000	40.000000	1404.191505	0.000000	0.000000	0.000000	0	3.315280	438.883801	225.161797	-354.376489	-246.112011	231.386628	-358.785531	-234.491578	46.127213	0.000000	-420.000000	0	13.900455	0.082261	0.036604	228.274212	-356.581010	-240.301795	182.147000	356.581010	179.698205	358.785531	185.508422	190.887989	0	0	1	0	0
mm	2	61.000000	11	1	48	8.000000	25.000000	0.753560	1.770940	1404.290739	-420.000000	0.000000	41.000000	1451.480997	0.000000	0.000000	0.000000	0	3.223227	438.958650	225.321006	-354.398705	-246.195187	231.445132	-358.896354	-234.527544	46.127213	0.000000	-420.000000	0	13.923636	0.023182	0.074849	228.383069	-356.647530	-240.361366	182.255856	356.647530	179.638634	358.896354	185.472456	190.804813	0	0	1	0	0
mm	2	61.000000	11	1	48	8.000000	25.000000	0.753560	1.770940	1451.579802	-420.000000	0.000000	42.000000	1498.406489	0.000000	0.000000	0.000000	0	3.421663	438.800190	225.114021	-354.164813	-245.839189	231.150888	-358.688055	-234.272520	46.127213	0.000000	-420.000000	0	13.809103	0.114533	0.158461	228.132454	-356.426434	-240.055854	182.005242	356.426434	179.944146	358.688055	185.727480	191.160811	0	0	1	0	0
mm	2	61.000000	11	1	48	8.000000	25.000000	0.753560	1.770940	1498.508717	-420.000000	0.000000	43.000000	1546.387193	0.000000	0.000000	0.000000	0	5.095067	436.395310	224.427200	-351.044791	-244.982387	230.993816	-355.161850	-232.877206	46.127213	0.000000	-420.000000	0	14.373797	0.564694	2.404879	227.710508	-353.103320	-238.929796	181.583296	353.103320	181.070204	355.161850	187.122794	192.017613	0	0	1	0	0
mm	2	61.000000	11	1	48	8.000000	25.000000	0.753560	1.770940	1546.485571	-420.000000	0.000000	44.000000	1593.080000	1581.708776	0.000000	0.000000	0	15.294678	427.152818	225.018306	-340.774846	-245.511722	229.117759	-342.761681	-231.641733	46.127213	0.000000	-420.000000	0	14.598960	0.225163	9.242492	227.068032	-341.768263	-238.576727	180.940820	341.768263	181.423273	342.761681	188.358267	191.488278	0	0	1	0	0
mm	2	61.000000	11	1	48	8.000000	25.000000	0.753560	1.770940	1593.192921	-420.000000	0.000000	45.000000	1640.338267	1581.708776	0.000000	0.000000	0	34.121655	410.579854	222.351256	-323.887023	-247.362539	222.608544	-323.037221	-230.158211	46.127213	0.000000	-420.000000	0	17.227225	2.628265	16.572964	222.479900	-323.462122	-238.760375	176.352687	323.462122	181.239625	323.037221	189.841789	189.637461	0	0	1	0	0
mm	2	61.000000	11	1	48	8.000000	25.000000	0.753560	1.770940	1640.443916	-420.000000	0.000000	46.000000	1687.626902	1581.708776	0.000000	0.000000	0	56.592254	388.659710	214.446164	-304.695236	-254.219283	213.406526	-300.626917	-231.966674	46.127213	0.000000	-420.000000	0	22.645324	5.418099	21.920144	213.926345	-302.661077	-243.092979	167.799132	302.661077	176.907021	300.626917	188.033326	182.780717	0	0	1	0	0
mm	2	61.000000	11	1	48	8.000000	25.000000	0.753560	1.770940	1687.726564	-420.000000	0.000000	47.000000	1734.593029	1581.708776	0.000000	0.000000	0	85.221505	360.060312	208.079498	-278.941179	-267.571791	204.452269	-273.233332	-239.112374	46.127213	0.000000	-420.000000	0	29.251918	6.606594	28.599398	206.265883	-276.087256	-253.342082	160.138671	276.087256	166.657918	273.233332	180.887626	169.428209	0	0	1	0	0
mm	2	61.000000	11	1	48	8.000000	25.000000	0.753560	1.770940	1734.714932	-420.000000	0.000000	48.000000	1781.392769	1581.708776	0.000000	0.000000	0	119.592563	325.812666	199.221486	-248.018248	-284.726732	193.539840	-242.640260	-249.388643	46.127213	0.000000	-420.000000	0	36.193707	6.941789	34.247646	196.380663	-245.329254	-267.057687	150.253451	245.329254	152.942313	242.640260	170.611357	152.273268	0	0	1	0	0
mm	2	61.000000	11	1	48	8.000000	25.000000	0.753560	1.770940	1781.554451	-420.000000	0.000000	49.000000	1828.625799	1581.708776	0.000000	0.000000	0	157.194870	288.242825	187.065444	-215.840036	-303.250913	179.840019	-209.989602	-261.846139	46.127213	0.000000	-420.000000	0	42.435713	6.242006	37.569841	183.452731	-212.914819	-282.548526	137.325519	212.914819	137.451474	209.989602	158.153861	133.749087	0	0	1	0	0
mm	2	61.000000	11	1	48	8.000000	25.000000	0.753560	1.770940	1828.734443	-420.000000	0.000000	50.000000	1875.493120	1581.708776	0.000000	0.000000	0	195.202750	249.327399	173.125703	-184.918725	-326.619774	163.796278	-179.824666	-277.251758	46.127213	0.000000	-420.000000	0	50.499392	8.063679	38.915425	168.460991	-182.371696	-301.935766	122.333778	182.371696	118.064234	179.824666	142.748242	110.380226	0	0	0	0	0
mm	2	61.000000	11	1	48	8.000000	25.000000	0.753560	1.770940	1875.596631	-420.000000	0.000000	51.000000	1922.157697	1581.708776	0.000000	0.000000	0	232.070168	211.334762	158.626360	-156.166605	-350.948823	147.514537	-152.946668	-295.786882	46.127213	0.000000	-420.000000	0	56.362046	5.862654	37.992638	153.070448	-154.556637	-323.367853	106.943236	154.556637	96.632147	152.946668	124.213118	86.051177	0	0	0	0	0
mm	2	61.000000	11	1	48	8.000000	25.000000	0.753560	1.770940	1922.261635	-420.000000	0.000000	52.000000	1969.260697	1581.708776	0.000000	0.000000	0	267.871024	174.598739	143.720963	-130.196051	-374.665808	130.746283	-127.876609	-316.552915	46.127213	0.000000	-420.000000	0	59.588845	3.226799	36.736023	137.233623	-129.036330	-345.609362	91.106410	129.036330	74.390638	127.876609	103.447085	62.334192	0	0	0	0	0
mm	2	61.000000	11	1	48	8.000000	25.000000	0.753560	1.770940	1969.365491	-420.000000	0.000000	53.000000	2016.559599	1581.708776	0.000000	0.000000	0	301.800739	140.662184	130.706318	-106.528274	-399.541402	115.868409	-104.966562	-337.509198	46.127213	0.000000	-420.000000	0	63.801230	4.212385	33.936554	123.287364	-105.747418	-368.525300	77.160151	105.747418	51.474700	104.966562	82.490802	37.458598	0	0	0	0	0
mm	2	61.000000	11	1	48	8.000000	25.000000	0.753560	1.770940	2016.665248	-420.000000	0.000000	54.000000	2063.462849	1581.708776	0.000000	0.000000	0	333.942548	109.759170	119.663854	-84.016674	-422.704542	100.948169	-83.669278	-357.345056	46.127213	0.000000	-420.000000	0	67.987204	4.185974	30.903014	110.306012	-83.842976	-390.024799	64.178799	83.842976	29.975201	83.669278	62.654944	14.295458	0	0	0	0	0
mm	2	61.000000	11	1	48	8.000000	25.000000	0.753560	1.770940	2063.568071	-420.000000	0.000000	55.000000	2110.591513	1581.708776	0.000000	0.000000	0	362.517295	83.558026	107.820267	-64.649238	-442.364582	88.059556	-64.371157	-374.326842	46.127213	0.000000	-420.000000	0	70.849821	2.862617	26.201144	97.939911	-64.510198	-408.345712	51.812699	64.510198	11.654288	64.371157	45.673158	5.364582	0	0	0	0	0
mm	2	61.000000	11	1	48	8.000000	25.000000	0.753560	1.770940	2110.689464	-420.000000	0.000000	56.000000	2157.646180	1581.708776	0.000000	0.000000	0	386.091042	62.637799	96.183381	-49.073557	-457.207119	73.814713	-49.081593	-386.725292	46.127213	0.000000	-420.000000	0	73.946233	3.096412	20.920228	84.999047	-49.077575	-421.966206	38.871834	49.077575	1.966206	49.081593	33.274708	20.207119	0	0	0	0	0
mm	2	61.000000	11	1	48	8.000000	25.000000	0.753560	1.770940	2157.745414	-420.000000	0.000000	57.000000	2204.740626	1581.708776	0.000000	0.000000	0	404.378283	47.567638	85.809905	-35.737103	-466.438776	63.776928	-36.933178	-395.532708	46.127213	0.000000	-420.000000	0	74.260037	0.313804	15.070160	74.793416	-36.335141	-430.985742	28.666204	36.335141	10.985742	36.933178	24.467292	29.438776	0	0	0	0	0
mm	2	61.000000	11	1	48	8.000000	25.000000	0.753560	1.770940	2204.839004	-420.000000	0.000000	58.000000	2251.976651	1581.708776	0.000000	0.000000	0	419.188562	36.282905	78.055574	-24.369524	-472.169265	56.233550	-24.853059	-400.633452	46.127213	0.000000	-420.000000	0	74.791758	0.531721	11.284733	67.144562	-24.611291	-436.401358	21.017349	24.611291	16.401358	24.853059	19.366548	35.169265	0	1	0	0	0
mm	2	61.000000	11	1	48	8.000000	25.000000	0.753560	1.770940	2252.131062	-420.000000	0.000000	59.000000	2298.522318	1581.708776	0.000000	0.000000	0	430.138974	27.749277	72.021993	-15.003885	-473.763267	50.519491	-14.350546	-402.307510	46.127213	0.000000	-420.000000	0	74.623788	0.167970	8.533628	61.270742	-14.677216	-438.035388	15.143530	14.677216	18.035388	14.350546	17.692490	36.763267	0	1	0	0	0
mm	2	61.000000	11	1	48	8.000000	25.000000	0.753560	1.770940	2298.629251	-420.000000	0.000000	60.000000	2345.270302	1581.708776	0.000000	0.000000	0	438.118016	21.908455	67.167507	-7.227028	-472.311056	47.355967	-5.726498	-403.132099	46.127213	0.000000	-420.000000	0	71.975529	2.648259	5.840822	57.261737	-6.476763	-437.721578	11.134525	6.476763	17.721578	5.726498	16.867901	35.311056	0	1	0	0	0
mm	2	61.000000	11	1	48	8.000000	25.000000	0.753560	1.770940	2345.373385	-420.000000	0.000000	61.000000	2392.445162	1581.708776	2380.687269	0.000000	0	443.351157	19.537003	62.999786	-2.757949	-470.577581	44.597451	-0.741389	-405.187356	46.127213	0.000000	-420.000000	0	67.960238	4.015290	2.371452	53.798618	-1.749669	-437.882469	7.671406	1.749669	17.882469	0.741389	14.812644	33.577581	0	1	0	1	0
mm	2	61.000000	11	1	48	8.000000	25.000000	0.753560	1.770940	2392.547389	-420.000000	0.000000	62.000000	2439.715405	1581.708776	2380.687269	0.000000	0	446.738106	19.354554	59.020391	-1.196077	-467.817395	43.143780	2.525226	-409.578131	46.127213	0.000000	-420.000000	0	60.479143	7.481095	0.182449	51.082086	0.664574	-438.697763	4.954873	0.664574	18.697763	2.525226	10.421869	30.817395	0	1	0	1	0
mm	2	61.000000	11	1	48	8.000000	25.000000	0.753560	1.770940	2439.815066	-420.000000	0.000000	63.000000	2486.751680	1581.708776	2380.687269	0.000000	0	447.379787	19.116716	54.565521	-3.157513	-463.330679	42.109912	2.972647	-414.645838	46.127213	0.000000	-420.000000	0	50.625436	9.853707	0.237838	48.337717	-0.092433	-438.988259	2.210504	0.092433	18.988259	2.972647	5.354162	26.330679	0	1	0	1	0
mm	2	61.000000	11	1	48	8.000000	25.000000	0.753560	1.770940	2486.851769	-420.000000	0.000000	64.000000	2533.888471	1581.708776	2380.687269	0.000000	0	445.818920	17.532051	48.230370	-7.199174	-457.572832	39.948097	0.741813	-416.649680	46.127213	0.000000	-420.000000	0	42.501291	8.124146	1.584665	44.089233	-3.228680	-437.111256	2.037979	3.228680	17.111256	0.741813	3.350320	20.572832	0	1	0	1	0
mm	2	61.000000	11	1	48	8.000000	25.000000	0.753560	1.770940	2533.990699	-420.000000	0.000000	65.000000	2580.942710	1581.708776	2380.687269	0.000000	0	444.922296	18.659197	42.883983	-11.126533	-454.909140	36.344121	-1.524629	-417.693399	46.127213	0.000000	-420.000000	0	38.986891	3.514399	1.127146	39.614052	-6.325581	-436.301269	6.513161	6.325581	16.301269	1.524629	2.306601	17.909140	0	1	0	1	0
mm	2	61.000000	11	1	48	8.000000	25.000000	0.753560	1.770940	2581.047932	-420.000000	0.000000	66.000000	2627.923380	1581.708776	2380.687269	0.000000	0	444.710861	19.078059	37.679887	-12.460999	-450.624162	35.047144	-2.427004	-418.580591	46.127213	0.000000	-420.000000	0	33.680897	5.305994	0.418862	36.363515	-7.444002	-434.602376	9.763697	7.444002	14.602376	2.427004	1.419409	13.624162	0	1	0	1	0
mm	2	61.000000	11	1	48	8.000000	25.000000	0.753560	1.770940	2628.022186	-420.000000	0.000000	67.000000	2674.876675	1581.708776	2380.687269	0.000000	0	445.547063	17.693525	36.169344	-11.642487	-447.269790	33.906129	-0.213971	-417.625225	46.127213	0.000000	-420.000000	0	31.851740	1.829157	1.384534	35.037736	-5.928229	-432.447507	11.089476	5.928229	12.447507	0.213971	2.374775	10.269790	0	1	0	1	0
mm	2	61.000000	11	1	48	8.000000	25.000000	0.753560	1.770940	2674.975908	-420.000000	0.000000	68.000000	2722.098584	1581.708776	2380.687269	0.000000	0	446.434118	15.954633	37.162861	-10.033233	-446.423703	35.982375	2.413052	-417.968365	46.127213	0.000000	-420.000000	0	31.080699	0.771041	1.738892	36.572618	-3.810091	-432.196034	9.554594	3.810091	12.196034	2.413052	2.031635	9.423703	0	1	0	1	0
mm	2	61.000000	11	1	48	8.000000	25.000000	0.753560	1.770940	2722.197390	-420.000000	0.000000	69.000000	2768.867527	1581.708776	2380.687269	0.000000	0	446.029493	15.458724	37.690399	-10.321470	-445.370095	37.134399	2.627121	-418.979314	46.127213	0.000000	-420.000000	0	29.401505	1.679193	0.495909	37.412399	-3.847175	-432.174704	8.714813	3.847175	12.174704	2.627121	1.020686	8.370095	0	1	0	1	0
mm	2	61.000000	11	1	48	8.000000	25.000000	0.753560	1.770940	2769.053162	-420.000000	0.000000	70.000000	2815.690792	1581.708776	2380.687269	0.000000	0	445.574094	15.003039	38.823842	-10.063060	-445.026225	38.018178	2.229272	-419.498339	46.127213	0.000000	-420.000000	0	28.344726	1.056780	0.455685	38.421010	-3.916894	-432.262282	7.706203	3.916894	12.262282	2.229272	0.501661	8.026225	0	1	0	1	0
mm	2	61.000000	11	1	48	8.000000	25.000000	0.753560	1.770940	2815.797297	-420.000000	0.000000	71.000000	2863.152658	1581.708776	2380.687269	0.000000	0	445.578905	14.952244	39.095672	-9.980652	-444.949735	37.959779	2.252660	-419.617472	46.127213	0.000000	-420.000000	0	28.154355	0.190370	0.050796	38.527725	-3.863996	-432.283604	7.599487	3.863996	12.283604	2.252660	0.382528	7.949735	1	1	0	1	0
mm	2	61.000000	11	1	48	8.000000	25.000000	0.753560	1.770940	2863.256597	-420.000000	0.000000	72.000000	2910.028534	1581.708776	2380.687269	0.000000	0	445.658033	15.062564	38.946336	-10.043004	-444.886711	37.900108	2.323285	-419.822060	46.127213	0.000000	-420.000000	0	27.968848	0.185508	0.110320	38.423222	-3.859859	-432.354386	7.703991	3.859859	12.354386	2.323285	0.177940	7.886711	1	1	0	1	0
mm	2	61.000000	11	1	48	8.000000	25.000000	0.753560	1.770940	2910.128195	-420.000000	0.000000	73.000000	2957.139661	1581.708776	2380.687269	0.000000	0	445.594936	15.087756	38.852356	-10.087128	-444.867346	37.977953	2.199833	-419.839916	46.127213	0.000000	-420.000000	0	27.894556	0.074292	0.025192	38.415155	-3.943647	-432.353631	7.712058	3.943647	12.353631	2.199833	0.160084	7.867346	1	1	0	1	0
mm	2	61.000000	11	1	48	8.000000	25.000000	0.753560	1.770940	2957.239750	-420.000000	0.000000	74.000000	3004.265332	1581.708776	2380.687269	0.000000	0	445.443104	14.962287	39.230675	-9.995580	-444.861123	38.272967	2.046131	-419.932038	46.127213	0.000000	-420.000000	0	27.701612	0.192944	0.125469	38.751821	-3.974724	-432.396580	7.375391	3.974724	12.396580	2.046131	0.067962	7.861123	1	1	0	1	0
mm	2	61.000000	11	1	48	8.000000	25.000000	0.753560	1.770940	3004.364565	-420.000000	0.000000	75.000000	3051.298184	1581.708776	2380.687269	0.000000	0	445.420584	15.036408	39.147042	-10.158444	-444.818099	38.341957	2.074671	-420.101955	46.127213	0.000000	-420.000000	0	27.589583	0.112029	0.074121	38.744500	-4.041887	-432.460027	7.382713	4.041887	12.460027	2.074671	0.101955	7.818099	1	1	0	1	0
mm	2	61.000000	11	1	48	8.000000	25.000000	0.753560	1.770940	3051.396990	-420.000000	0.000000	76.000000	3098.262172	1581.708776	2380.687269	0.000000	0	445.397928	15.003087	39.275441	-10.108357	-444.835044	38.435033	2.055701	-420.144922	46.127213	0.000000	-420.000000	0	27.536752	0.052831	0.033321	38.855237	-4.026328	-432.489983	7.271975	4.026328	12.489983	2.055701	0.144922	7.835044	1	1	0	1	0
mm	2	61.000000	11	1	48	8.000000	25.000000	0.753560	1.770940	3098.366111	-420.000000	0.000000	77.000000	3145.279627	1581.708776	2380.687269	0.000000	0	445.338620	14.983892	39.318745	-10.112669	-444.819665	38.641650	2.003145	-420.239953	46.127213	0.000000	-420.000000	0	27.411925	0.124827	0.019194	38.980198	-4.054762	-432.529809	7.147015	4.054762	12.529809	2.003145	0.239953	7.819665	1	1	0	1	0
mm	2	61.000000	11	1	48	8.000000	25.000000	0.753560	1.770940	3145.383565	-420.000000	0.000000	78.000000	3192.609325	1581.708776	2380.687269	0.000000	0	445.260798	14.951667	39.326572	-10.150797	-444.785570	38.811689	1.945708	-420.266772	46.127213	0.000000	-420.000000	0	27.345237	0.066688	0.032225	39.069131	-4.102544	-432.526171	7.058082	4.102544	12.526171	1.945708	0.266772	7.785570	1	1	0	1	0
mm	2	61.000000	11	1	48	8.000000	25.000000	0.753560	1.770940	3192.719679	-420.000000	0.000000	79.000000	3239.781618	1581.708776	2380.687269	0.000000	0	445.010685	14.773055	39.631953	-10.108713	-444.722824	39.784539	1.837033	-420.570245	46.127213	0.000000	-420.000000	0	26.945709	0.399529	0.178613	39.708246	-4.135840	-432.646535	6.418967	4.135840	12.646535	1.837033	0.570245	7.722824	1	1	0	1	0
mm	2	61.000000	11	1	48	8.000000	25.000000	0.753560	1.770940	3239.891972	-420.000000	0.000000	80.000000	3286.532168	1581.708776	2380.687269	0.000000	0	444.878505	14.532980	40.315595	-9.954682	-444.644905	40.499199	1.992453	-420.861324	46.127213	0.000000	-420.000000	0	26.616282	0.329426	0.240075	40.407397	-3.981114	-432.753115	5.719815	3.981114	12.753115	1.992453	0.861324	7.644905	1	1	0	1	0
mm	2	61.000000	11	1	48	8.000000	25.000000	0.753560	1.770940	3286.634824	-420.000000	0.000000	81.000000	3333.613354	1581.708776	2380.687269	0.000000	0	444.645812	14.349289	41.160003	-9.885701	-444.534563	41.075208	1.994118	-421.174320	46.127213	0.000000	-420.000000	0	26.207600	0.408682	0.183690	41.117606	-3.945792	-432.854442	5.009607	3.945792	12.854442	1.994118	1.174320	7.534563	1	1	0	1	0
mm	2	61.000000	11	1	48	8.000000	25.000000	0.753560	1.770940	3333.716010	-420.000000	0.000000	82.000000	3380.422504	1581.708776	2380.687269	0.000000	0	444.398223	14.220142	41.509524	-9.843599	-444.438341	41.627803	1.811442	-421.275716	46.127213	0.000000	-420.000000	0	25.929929	0.277671	0.129147	41.568664	-4.016078	-432.857029	4.558549	4.016078	12.857029	1.811442	1.275716	7.438341	1	1	0	1	0
mm	2	61.000000	11	1	48	8.000000	25.000000	0.753560	1.770940	3380.524304	-420.000000	0.000000	83.000000	3427.904902	1581.708776	2380.687269	0.000000	0	444.480615	14.219717	41.564842	-9.819463	-444.423756	41.409103	1.917487	-421.271241	46.127213	0.000000	-420.000000	0	25.958027	0.028099	0.000425	41.486973	-3.950988	-432.847499	4.640240	3.950988	12.847499	1.917487	1.271241	7.423756	1	1	0	1	0
mm	2	61.000000	11	1	48	8.000000	25.000000	0.753560	1.770940	3428.005846	-420.000000	0.000000	84.000000	3474.993787	1581.708776	2380.687269	0.000000	0	444.529434	14.274436	41.388461	-9.835362	-444.377981	41.322262	1.905566	-421.333382	46.127213	0.000000	-420.000000	0	25.863243	0.094785	0.054719	41.355361	-3.964898	-432.855682	4.771851	3.964898	12.855682	1.905566	1.333382	7.377981	1	1	0	1	0
mm	2	61.000000	11	1	48	8.000000	25.000000	0.753560	1.770940	3475.098154	-420.000000	0.000000	85.000000	3521.894043	1581.708776	2380.687269	0.000000	0	444.509127	14.303785	41.329605	-9.917029	-444.341926	41.191193	1.858641	-421.323458	46.127213	0.000000	-420.000000	0	25.856053	0.007190	0.029349	41.260399	-4.029194	-432.832692	4.866813	4.029194	12.832692	1.858641	1.323458	7.341926	1	1	0	1	0
mm	2	61.000000	11	1	48	8.000000	25.000000	0.753560	1.770940	3521.999265	-420.000000	0.000000	86.000000	3569.057782	1581.708776	2380.687269	0.000000	0	444.416912	14.295868	41.495091	-9.938064	-444.367256	41.280996	1.762473	-421.338933	46.127213	0.000000	-420.000000	0	25.831223	0.024830	0.007917	41.388044	-4.087796	-432.853095	4.739169	4.087796	12.853095	1.762473	1.338933	7.367256	1	1	0	1	0
mm	2	61.000000	11	1	48	8.000000	25.000000	0.753560	1.770940	3569.162148	-420.000000	0.000000	87.000000	3615.981991	1581.708776	2380.687269	0.000000	0	444.436143	14.317035	41.308591	-9.963893	-444.358939	41.366645	1.778715	-421.353937	46.127213	0.000000	-420.000000	0	25.828711	0.002512	0.021167	41.337618	-4.092589	-432.856438	4.789594	4.092589	12.856438	1.778715	1.353937	7.358939	1	1	0	1	0
mm	2	61.000000	11	1	48	8.000000	25.000000	0.753560	1.770940	3616.086785	-420.000000	0.000000	88.000000	3663.498179	1581.708776	2380.687269	0.000000	0	444.565842	14.327779	41.325609	-9.921278	-444.364675	41.214801	1.965708	-421.393583	46.127213	0.000000	-420.000000	0	25.864721	0.036010	0.010744	41.270205	-3.977785	-432.879129	4.857008	3.977785	12.879129	1.965708	1.393583	7.364675	1	1	0	1	0
mm	2	61.000000	11	1	48	8.000000	25.000000	0.753560	1.770940	3663.602118	-420.000000	0.000000	89.000000	3710.353096	1581.708776	2380.687269	0.000000	0	444.642310	14.504402	41.197865	-9.988343	-444.324482	41.117696	1.949580	-421.716024	46.127213	0.000000	-420.000000	0	25.566830	0.297891	0.176623	41.157781	-4.019381	-433.020253	4.969432	4.019381	13.020253	1.949580	1.716024	7.324482	1	1	0	1	0
mm	2	61.000000	11	1	48	8.000000	25.000000	0.753560	1.770940	3710.457035	-420.000000	0.000000	90.000000	3757.268751	1581.708776	2380.687269	0.000000	0	444.639766	14.625977	41.245908	-10.014525	-444.402727	41.367691	1.928985	-422.004760	46.127213	0.000000	-420.000000	0	25.383680	0.183150	0.121575	41.306800	-4.042770	-433.203743	4.820413	4.042770	13.203743	1.928985	2.004760	7.402727	1	1	0	1	0
mm	2	61.000000	11	1	48	8.000000	25.000000	0.753560	1.770940	3757.379533	-420.000000	0.000000	91.000000	3804.356781	1581.708776	2380.687269	0.000000	0	444.680744	14.789336	40.972988	-10.119727	-444.324073	41.315661	1.858671	-422.271718	46.127213	0.000000	-420.000000	0	25.097924	0.285755	0.163359	41.144325	-4.130528	-433.297896	4.982888	4.130528	13.297896	1.858671	2.271718	7.324073	1	1	0	1	0
mm	2	61.000000	11	1	48	8.000000	25.000000	0.753560	1.770940	3804.459864	-420.000000	0.000000	92.000000	3851.408026	1581.708776	2380.687269	0.000000	0	444.632188	14.791141	41.032003	-10.144700	-444.330099	41.262463	1.778791	-422.239096	46.127213	0.000000	-420.000000	0	25.104485	0.006561	0.001805	41.147233	-4.182955	-433.284598	4.979980	4.182955	13.284598	1.778791	2.239096	7.330099	1	1	0	1	0
mm	2	61.000000	11	1	48	8.000000	25.000000	0.753560	1.770940	3851.511964	-420.000000	0.000000	93.000000	3898.644051	1581.708776	2380.687269	0.000000	0	444.684928	14.748068	41.269876	-10.063038	-444.362899	41.133336	1.886953	-422.210158	46.127213	0.000000	-420.000000	0	25.170715	0.066230	0.043072	41.201606	-4.088042	-433.286528	4.925606	4.088042	13.286528	1.886953	2.210158	7.362899	1	1	0	1	0
mm	2	61.000000	11	1	48	8.000000	25.000000	0.753560	1.770940	3898.747989	-420.000000	0.000000	94.000000	3945.792818	1581.708776	2380.687269	0.000000	0	444.741280	14.752037	41.174201	-10.059323	-444.336775	40.996675	1.934386	-422.173560	46.127213	0.000000	-420.000000	0	25.200965	0.030250	0.003969	41.085438	-4.062468	-433.255168	5.041775	4.062468	13.255168	1.934386	2.173560	7.336775	1	1	0	1	0
mm	2	61.000000	11	1	48	8.000000	25.000000	0.753560	1.770940	3945.896757	-420.000000	0.000000	95.000000	3980.948442	1581.708776	2380.687269	3980.944164	0	444.649082	14.705483	  41.245784  -10.085249 -444.330187	  41.094430    1.858157 -422.108957	46.127213	0.000000	-420.000000	0	25.227979	0.027014	0.046555	0
