subjName	sessionNR	IOD	trialN	textureType	texnum	visualAngle	simulatedDepth	light_intensity	ambient_intensity	time	displayDistance	isRotated	frameN	timTote	startTime	touchTime	endTime	fingersOccluded	distanceToHome	distanceToObject	indexXraw	indexYraw	indexZraw	thumbXraw	thumbYraw	thumbZraw	targetX	targetY	targetZ	failCause	gripAperture	gripApertureVel	distFromObjVel	gripOriginX	gripOriginY	gripOriginZ	distFromObjX	distFromObjY	distFromObjZ	y_dist_thm	z_dist_thm	z_dist_ind	handOnObj	handnearObj	handfarObj	handTouchObj	framesOccluded
mm	3	61.000000	12	2	42	8.000000	45.000000	0.531527	2.480381	880.187123	-420.000000	0.000000	30.000000	927.410114	0.000000	0.000000	0.000000	0	10.725241	437.622780	230.782157	-353.793444	-248.891537	232.087526	-357.945929	-244.782698	44.659363	0.000000	-420.000000	0	5.985790	0.012287	0.021782	231.434841	-355.869687	-246.837117	186.775478	355.869687	173.162883	357.945929	175.217302	208.108463	0	0	1	0	0
mm	3	61.000000	12	2	42	8.000000	45.000000	0.531527	2.480381	927.638093	-420.000000	0.000000	31.000000	974.560391	0.000000	0.000000	0.000000	0	10.699021	437.610888	230.904879	-353.806879	-248.888694	231.909380	-357.939596	-244.800464	44.659363	0.000000	-420.000000	0	5.899321	0.086469	0.011891	231.407130	-355.873237	-246.844579	186.747767	355.873237	173.155421	357.939596	175.199536	208.111306	0	0	1	0	0
mm	3	61.000000	12	2	42	8.000000	45.000000	0.531527	2.480381	974.662618	-420.000000	0.000000	32.000000	1021.686715	0.000000	0.000000	0.000000	0	10.771790	437.652964	230.973707	-353.820529	-248.893842	231.990936	-357.948691	-244.791598	44.659363	0.000000	-420.000000	0	5.908036	0.008715	0.042076	231.482321	-355.884610	-246.842720	186.822958	355.884610	173.157280	357.948691	175.208402	208.106158	0	0	1	0	0
mm	3	61.000000	12	2	42	8.000000	45.000000	0.531527	2.480381	1021.783810	-420.000000	0.000000	33.000000	1068.819027	0.000000	0.000000	0.000000	0	10.773439	437.646430	230.924696	-353.823874	-248.904866	232.039740	-357.937900	-244.798081	44.659363	0.000000	-420.000000	0	5.918971	0.010935	0.006535	231.482218	-355.880887	-246.851473	186.822855	355.880887	173.148527	357.937900	175.201919	208.095134	0	0	1	0	0
mm	3	61.000000	12	2	42	8.000000	45.000000	0.531527	2.480381	1068.915266	-420.000000	0.000000	34.000000	1115.474422	0.000000	0.000000	0.000000	0	10.672446	437.601477	230.917265	-353.799164	-248.870511	231.848986	-357.928297	-244.775366	44.659363	0.000000	-420.000000	0	5.889657	0.029314	0.044953	231.383125	-355.863730	-246.822939	186.723762	355.863730	173.177061	357.928297	175.224634	208.129489	0	0	1	0	0
mm	3	61.000000	12	2	42	8.000000	45.000000	0.531527	2.480381	1115.583921	-420.000000	0.000000	35.000000	1163.040452	0.000000	0.000000	0.000000	0	10.809974	437.673356	230.976378	-353.844542	-248.898045	232.065820	-357.936972	-244.793266	44.659363	0.000000	-420.000000	0	5.897803	0.008146	0.071879	231.521099	-355.890757	-246.845655	186.861736	355.890757	173.154345	357.936972	175.206734	208.101955	0	0	1	0	0
mm	3	61.000000	12	2	42	8.000000	45.000000	0.531527	2.480381	1163.136263	-420.000000	0.000000	36.000000	1209.984991	0.000000	0.000000	0.000000	0	10.811158	437.689269	230.960410	-353.850546	-248.898508	232.091379	-357.948099	-244.757918	44.659363	0.000000	-420.000000	0	5.934098	0.036295	0.015913	231.525895	-355.899322	-246.828213	186.866532	355.899322	173.171787	357.948099	175.242082	208.101492	0	0	1	0	0
mm	3	61.000000	12	2	42	8.000000	45.000000	0.531527	2.480381	1210.085080	-420.000000	0.000000	37.000000	1257.534339	0.000000	0.000000	0.000000	0	10.694531	437.647209	230.994864	-353.866527	-248.887022	231.822882	-357.945121	-244.756262	44.659363	0.000000	-420.000000	0	5.863763	0.070335	0.042060	231.408873	-355.905824	-246.821642	186.749510	355.905824	173.178358	357.945121	175.243738	208.112978	0	0	1	0	0
mm	3	61.000000	12	2	42	8.000000	45.000000	0.531527	2.480381	1257.630578	-420.000000	0.000000	38.000000	1304.223952	0.000000	0.000000	0.000000	0	10.668040	437.641707	231.073458	-353.883613	-248.890412	231.692555	-357.937412	-244.744166	44.659363	0.000000	-420.000000	0	5.831631	0.032132	0.005502	231.383007	-355.910513	-246.817289	186.723644	355.910513	173.182711	357.937412	175.255834	208.109588	0	0	1	0	0
mm	3	61.000000	12	2	42	8.000000	45.000000	0.531527	2.480381	1304.430973	-420.000000	0.000000	39.000000	1350.909715	0.000000	0.000000	0.000000	0	10.814465	437.714165	231.085677	-353.898078	-248.897157	231.978921	-357.946826	-244.742314	44.659363	0.000000	-420.000000	0	5.869665	0.038034	0.072458	231.532299	-355.922452	-246.819736	186.872936	355.922452	173.180264	357.946826	175.257686	208.102843	0	0	1	0	0
mm	3	61.000000	12	2	42	8.000000	45.000000	0.531527	2.480381	1351.008949	-420.000000	0.000000	40.000000	1398.063414	0.000000	0.000000	0.000000	0	10.675844	437.645656	230.898259	-353.903911	-248.895489	231.879507	-357.936041	-244.770698	44.659363	0.000000	-420.000000	0	5.851053	0.018612	0.068509	231.388883	-355.919976	-246.833094	186.729520	355.919976	173.166906	357.936041	175.229302	208.104511	0	0	1	0	0
mm	3	61.000000	12	2	42	8.000000	45.000000	0.531527	2.480381	1398.158370	-420.000000	0.000000	41.000000	1445.519517	0.000000	0.000000	0.000000	0	10.906956	437.748576	231.199302	-353.905419	-248.902263	232.049238	-357.939236	-244.761272	44.659363	0.000000	-420.000000	0	5.843105	0.007948	0.102920	231.624270	-355.922327	-246.831768	186.964907	355.922327	173.168232	357.939236	175.238728	208.097737	0	0	1	0	0
mm	3	61.000000	12	2	42	8.000000	45.000000	0.531527	2.480381	1445.620034	-420.000000	0.000000	42.000000	1492.343010	0.000000	0.000000	0.000000	0	10.818404	437.683302	230.960413	-353.877544	-248.920478	232.094403	-357.942105	-244.812554	44.659363	0.000000	-420.000000	0	5.889111	0.046006	0.065275	231.527408	-355.909824	-246.866516	186.868045	355.909824	173.133484	357.942105	175.187446	208.079522	0	0	1	0	0
mm	3	61.000000	12	2	42	8.000000	45.000000	0.531527	2.480381	1492.439249	-420.000000	0.000000	43.000000	1539.504408	0.000000	0.000000	0.000000	0	10.769191	437.680918	230.824832	-353.890783	-248.931212	232.133617	-357.971168	-244.796838	44.659363	0.000000	-420.000000	0	5.954453	0.065342	0.002384	231.479225	-355.930976	-246.864025	186.819862	355.930976	173.135975	357.971168	175.203162	208.068788	0	0	1	0	0
mm	3	61.000000	12	2	42	8.000000	45.000000	0.531527	2.480381	1539.600647	-420.000000	0.000000	44.000000	1587.063166	0.000000	0.000000	0.000000	0	10.929201	437.767151	230.872577	-353.904695	-248.936883	232.414225	-357.996056	-244.789362	44.659363	0.000000	-420.000000	0	6.026429	0.071976	0.086233	231.643401	-355.950375	-246.863123	186.984038	355.950375	173.136877	357.996056	175.210638	208.063117	0	0	1	0	0
mm	3	61.000000	12	2	42	8.000000	45.000000	0.531527	2.480381	1587.158549	-420.000000	0.000000	45.000000	1633.885802	0.000000	0.000000	0.000000	0	10.908875	437.756726	230.817973	-353.938913	-248.980740	232.419502	-357.989538	-244.801910	44.659363	0.000000	-420.000000	0	6.036147	0.009719	0.010425	231.618738	-355.964225	-246.891325	186.959375	355.964225	173.108675	357.989538	175.198090	208.019260	0	0	1	0	0
mm	3	61.000000	12	2	42	8.000000	45.000000	0.531527	2.480381	1633.981614	-420.000000	0.000000	46.000000	1680.649412	0.000000	0.000000	0.000000	0	11.050273	437.816018	230.871694	-353.928534	-248.974359	232.656186	-357.981963	-244.785242	44.659363	0.000000	-420.000000	0	6.096179	0.060032	0.059292	231.763940	-355.955249	-246.879801	187.104577	355.955249	173.120199	357.981963	175.214758	208.025641	0	0	1	0	0
mm	3	61.000000	12	2	42	8.000000	45.000000	0.531527	2.480381	1680.745651	-420.000000	0.000000	47.000000	1728.019542	0.000000	0.000000	0.000000	0	10.710845	437.538852	230.393775	-353.787135	-248.969795	232.414722	-357.842906	-244.837967	44.659363	0.000000	-420.000000	0	6.132334	0.036154	0.277166	231.404248	-355.815020	-246.903881	186.744885	355.815020	173.096119	357.842906	175.162033	208.030205	0	0	1	0	0
mm	3	61.000000	12	2	42	8.000000	45.000000	0.531527	2.480381	1728.114926	-420.000000	0.000000	48.000000	1774.859288	0.000000	0.000000	0.000000	0	10.799445	436.967426	230.693189	-353.291096	-249.202830	232.097697	-357.114027	-244.957276	44.659363	0.000000	-420.000000	0	5.883211	0.249122	0.571426	231.395443	-355.202561	-247.080053	186.736080	355.202561	172.919947	357.114027	175.042724	207.797170	0	0	1	0	0
mm	3	61.000000	12	2	42	8.000000	45.000000	0.531527	2.480381	1775.060320	-420.000000	0.000000	49.000000	1822.743548	0.000000	0.000000	0.000000	0	11.413269	432.937906	229.711066	-349.928630	-250.907398	231.127895	-353.137770	-246.439317	44.659363	0.000000	-420.000000	0	5.680645	0.202566	4.029520	230.419481	-351.533200	-248.673358	185.760118	351.533200	171.326642	353.137770	173.560683	206.092602	0	0	1	0	0
mm	3	61.000000	12	2	42	8.000000	45.000000	0.531527	2.480381	1822.847914	-420.000000	0.000000	50.000000	1869.685093	1858.386204	0.000000	0.000000	0	21.132300	419.426429	226.815919	-335.799096	-253.190883	228.280536	-339.205118	-248.800120	44.659363	0.000000	-420.000000	0	5.746729	0.066084	13.511477	227.548228	-337.502107	-250.995502	182.888865	337.502107	169.004498	339.205118	171.199880	203.809117	0	0	1	0	0
mm	3	61.000000	12	2	42	8.000000	45.000000	0.531527	2.480381	1869.800152	-420.000000	0.000000	51.000000	1916.780621	1858.386204	0.000000	0.000000	0	37.934206	400.755808	219.761995	-318.311299	-257.124490	221.263959	-321.717543	-252.593848	44.659363	0.000000	-420.000000	0	5.863882	0.117153	18.670621	220.512977	-320.014421	-254.859169	175.853614	320.014421	165.140831	321.717543	167.406152	199.875510	0	0	1	0	0
mm	3	61.000000	12	2	42	8.000000	45.000000	0.531527	2.480381	1916.878571	-420.000000	0.000000	52.000000	1964.076326	1858.386204	0.000000	0.000000	0	61.111269	376.676691	212.567927	-298.864463	-267.764570	210.069456	-299.005965	-257.607169	44.659363	0.000000	-420.000000	0	10.461127	4.597245	24.079117	211.318691	-298.935214	-262.685870	166.659329	298.935214	157.314130	299.005965	162.392831	189.235430	0	0	1	0	0
mm	3	61.000000	12	2	42	8.000000	45.000000	0.531527	2.480381	1964.177697	-420.000000	0.000000	53.000000	2011.189390	1858.386204	0.000000	0.000000	0	88.666117	348.282088	204.988865	-277.276567	-285.602130	195.177330	-274.149297	-263.700398	44.659363	0.000000	-420.000000	0	24.201899	13.740772	28.394603	200.083097	-275.712932	-274.651264	155.423735	275.712932	145.348736	274.149297	156.299602	171.397870	0	0	1	0	0
mm	3	61.000000	12	2	42	8.000000	45.000000	0.531527	2.480381	2011.291617	-420.000000	0.000000	54.000000	2057.877292	1858.386204	0.000000	0.000000	0	117.794033	318.506658	194.152167	-254.780830	-303.144206	180.907428	-249.299165	-272.202284	44.659363	0.000000	-420.000000	0	34.100943	9.899045	29.775430	187.529797	-252.039998	-287.673245	142.870435	252.039998	132.326755	249.299165	147.797716	153.855794	0	0	1	0	0
mm	3	61.000000	12	2	42	8.000000	45.000000	0.531527	2.480381	2057.979519	-420.000000	0.000000	55.000000	2104.984796	1858.386204	0.000000	0.000000	0	148.831308	287.099104	182.457573	-230.743190	-321.432733	167.531104	-224.277746	-284.664068	44.659363	0.000000	-420.000000	0	40.206171	6.105227	31.407554	174.994339	-227.510468	-303.048401	130.334976	227.510468	116.951599	224.277746	135.335932	135.567267	0	0	1	0	0
mm	3	61.000000	12	2	42	8.000000	45.000000	0.531527	2.480381	2105.086168	-420.000000	0.000000	56.000000	2151.906238	1858.386204	0.000000	0.000000	0	180.041227	255.531078	169.430467	-207.487662	-340.503777	153.013224	-200.498064	-298.536217	44.659363	0.000000	-420.000000	0	45.603251	5.397080	31.568027	161.221846	-203.992863	-319.519997	116.562483	203.992863	100.480003	200.498064	121.463783	116.496223	0	0	1	0	0
mm	3	61.000000	12	2	42	8.000000	45.000000	0.531527	2.480381	2152.002905	-420.000000	0.000000	57.000000	2198.594996	1858.386204	0.000000	0.000000	0	212.094318	223.608252	157.060401	-183.563914	-360.393245	139.966512	-176.333048	-314.276523	44.659363	0.000000	-420.000000	0	49.711553	4.108302	31.922826	148.513457	-179.948481	-337.334884	103.854094	179.948481	82.665116	176.333048	105.723477	96.606755	0	0	0	0	0
mm	3	61.000000	12	2	42	8.000000	45.000000	0.531527	2.480381	2198.695084	-420.000000	0.000000	58.000000	2246.113120	1858.386204	0.000000	0.000000	0	243.869788	192.411465	145.806918	-159.515611	-379.917308	127.984382	-152.210700	-330.139386	44.659363	0.000000	-420.000000	0	53.374582	3.663029	31.196787	136.895650	-155.863156	-355.028347	92.236287	155.863156	64.971653	152.210700	89.860614	77.082692	0	0	0	0	0
mm	3	61.000000	12	2	42	8.000000	45.000000	0.531527	2.480381	2246.214919	-420.000000	0.000000	59.000000	2293.250137	1858.386204	0.000000	0.000000	0	274.117850	163.080913	136.117874	-136.041360	-396.816210	117.570349	-127.943490	-344.816092	44.659363	0.000000	-420.000000	0	55.799628	2.425046	29.330552	126.844112	-131.992425	-370.816151	82.184749	131.992425	49.183849	127.943490	75.183908	60.183790	0	0	0	0	0
mm	3	61.000000	12	2	42	8.000000	45.000000	0.531527	2.480381	2293.349798	-420.000000	0.000000	60.000000	2340.205798	1858.386204	0.000000	0.000000	0	301.554279	136.853755	127.570309	-113.993295	-411.616881	108.778558	-105.751476	-357.600538	44.659363	0.000000	-420.000000	0	57.782547	1.982919	26.227158	118.174434	-109.872386	-384.608709	73.515071	109.872386	35.391291	105.751476	62.399462	45.383119	0	0	0	0	0
mm	3	61.000000	12	2	42	8.000000	45.000000	0.531527	2.480381	2340.302464	-420.000000	0.000000	61.000000	2387.051959	1858.386204	0.000000	0.000000	0	325.387310	114.369192	120.241856	-94.570049	-424.305915	99.864456	-87.076667	-368.573751	44.659363	0.000000	-420.000000	0	59.811899	2.029352	22.484563	110.053156	-90.823358	-396.439833	65.393793	90.823358	23.560167	87.076667	51.426249	32.694085	0	0	0	0	0
mm	3	61.000000	12	2	42	8.000000	45.000000	0.531527	2.480381	2387.147771	-420.000000	0.000000	62.000000	2434.281794	1858.386204	0.000000	0.000000	0	345.671519	95.345361	113.242720	-78.030405	-435.038122	90.858154	-71.707616	-377.275506	44.659363	0.000000	-420.000000	0	62.270107	2.458208	19.023831	102.050437	-74.869010	-406.156814	57.391074	74.869010	13.843186	71.707616	42.724494	21.961878	0	0	0	0	0
mm	3	61.000000	12	2	42	8.000000	45.000000	0.531527	2.480381	2434.377177	-420.000000	0.000000	63.000000	2481.251142	1858.386204	0.000000	0.000000	0	362.519815	79.936622	107.097895	-64.299566	-443.587001	83.197569	-59.099935	-384.763281	44.659363	0.000000	-420.000000	0	63.706294	1.436186	15.408739	95.147732	-61.699750	-414.175141	50.488369	61.699750	5.824859	59.099935	35.236719	13.412999	0	0	0	0	0
mm	3	61.000000	12	2	42	8.000000	45.000000	0.531527	2.480381	2481.351658	-420.000000	0.000000	64.000000	2528.316728	1858.386204	0.000000	0.000000	0	376.683420	66.945188	100.366856	-53.292060	-450.201758	75.895065	-48.524362	-390.762596	44.659363	0.000000	-420.000000	0	64.456291	0.749998	12.991434	88.130961	-50.908211	-420.482177	43.471598	50.908211	0.482177	48.524362	29.237404	6.798242	0	0	0	0	0
mm	3	61.000000	12	2	42	8.000000	45.000000	0.531527	2.480381	2528.417244	-420.000000	0.000000	65.000000	2575.441341	1858.386204	0.000000	0.000000	0	389.421356	55.151880	93.391305	-43.218565	-455.522843	68.877148	-38.836726	-395.068933	44.659363	0.000000	-420.000000	0	65.382105	0.925814	11.793309	81.134227	-41.027645	-425.295888	36.474864	41.027645	5.295888	38.836726	24.931067	1.477157	0	0	0	0	0
mm	3	61.000000	12	2	42	8.000000	45.000000	0.531527	2.480381	2575.542713	-420.000000	0.000000	66.000000	2622.536869	1858.386204	0.000000	0.000000	0	400.838283	45.331101	88.203552	-34.191266	-460.260100	62.609668	-29.632135	-398.835331	44.659363	0.000000	-420.000000	0	66.699585	1.317481	9.820779	75.406610	-31.911700	-429.547716	30.747247	31.911700	9.547716	29.632135	21.164669	3.260100	0	1	0	0	0
mm	3	61.000000	12	2	42	8.000000	45.000000	0.531527	2.480381	2622.636958	-420.000000	0.000000	67.000000	2669.492102	1858.386204	0.000000	0.000000	0	410.922137	36.901288	82.309177	-26.465204	-464.180722	57.202713	-21.220850	-401.383055	44.659363	0.000000	-420.000000	0	67.833507	1.133922	8.429813	69.755945	-23.843027	-432.781889	25.096582	23.843027	12.781889	21.220850	18.616945	7.180722	0	1	0	0	0
mm	3	61.000000	12	2	42	8.000000	45.000000	0.531527	2.480381	2669.587485	-420.000000	0.000000	68.000000	2716.442629	1858.386204	0.000000	0.000000	0	418.742155	31.167365	76.498673	-21.440023	-467.611712	51.596038	-15.633387	-404.131063	44.659363	0.000000	-420.000000	0	68.437205	0.603698	5.733923	64.047356	-18.536705	-435.871387	19.387993	18.536705	15.871387	15.633387	15.868937	10.611712	0	1	0	0	0
mm	3	61.000000	12	2	42	8.000000	45.000000	0.531527	2.480381	2716.591051	-420.000000	0.000000	69.000000	2763.450473	1858.386204	2751.843619	0.000000	0	425.784081	26.630883	71.035156	-16.654545	-470.561081	46.377346	-10.479796	-405.650561	44.659363	0.000000	-420.000000	0	69.710191	1.272985	4.536482	58.706251	-13.567171	-438.105821	14.046888	13.567171	18.105821	10.479796	14.349439	13.561081	0	1	0	1	0
mm	3	61.000000	12	2	42	8.000000	45.000000	0.531527	2.480381	2763.556122	-420.000000	0.000000	70.000000	2810.403139	1858.386204	2751.843619	0.000000	0	431.258375	24.188376	65.590101	-13.791901	-472.975797	41.931157	-6.554962	-406.961443	44.659363	0.000000	-420.000000	0	70.498324	0.788133	2.442507	53.760629	-10.173432	-439.968620	9.101266	10.173432	19.968620	6.554962	13.038557	15.975797	0	1	0	1	0
mm	3	61.000000	12	2	42	8.000000	45.000000	0.531527	2.480381	2810.500661	-420.000000	0.000000	71.000000	2856.983253	1858.386204	2751.843619	0.000000	0	435.908890	22.764314	60.167401	-11.497548	-474.183749	38.437378	-2.867295	-408.009574	44.659363	0.000000	-420.000000	0	70.183307	0.315017	1.424062	49.302390	-7.182422	-441.096661	4.643027	7.182422	21.096661	2.867295	11.990426	17.183749	0	1	0	1	0
mm	3	61.000000	12	2	42	8.000000	45.000000	0.531527	2.480381	2857.079920	-420.000000	0.000000	72.000000	2904.049695	1858.386204	2751.843619	0.000000	0	438.970682	21.867788	54.517507	-10.282382	-473.477235	34.787824	-1.075244	-408.757878	44.659363	0.000000	-420.000000	0	68.283431	1.899877	0.896526	44.652666	-5.678813	-441.117557	0.006697	5.678813	21.117557	1.075244	11.242122	16.477235	0	1	0	1	0
mm	3	61.000000	12	2	42	8.000000	45.000000	0.531527	2.480381	2904.147217	-420.000000	0.000000	73.000000	2951.611020	1858.386204	2751.843619	0.000000	0	441.551837	19.862689	48.536426	-8.513261	-468.994497	32.887250	1.776458	-409.351160	44.659363	0.000000	-420.000000	0	62.514819	5.768611	2.005099	40.711838	-3.368401	-439.172828	3.947525	3.368401	19.172828	1.776458	10.648840	11.994497	0	1	0	1	0
mm	3	61.000000	12	2	42	8.000000	45.000000	0.531527	2.480381	2951.708114	-420.000000	0.000000	74.000000	2998.316031	1858.386204	2751.843619	0.000000	0	442.852867	19.918902	45.695099	-8.319944	-465.378333	31.218543	2.998612	-412.102969	44.659363	0.000000	-420.000000	0	56.355522	6.159297	0.056213	38.456821	-2.660666	-438.740651	6.202542	2.660666	18.740651	2.998612	7.897031	8.378333	0	1	0	1	0
mm	3	61.000000	12	2	42	8.000000	45.000000	0.531527	2.480381	2998.417403	-420.000000	0.000000	75.000000	3045.540733	1858.386204	2751.843619	0.000000	0	444.954686	20.269761	44.530964	-7.357303	-464.410034	31.898124	6.525196	-414.016750	44.659363	0.000000	-420.000000	0	53.775417	2.580105	0.350859	38.214544	-0.416053	-439.213392	6.444819	0.416053	19.213392	6.525196	5.983250	7.410034	1	1	0	1	0
mm	3	61.000000	12	2	42	8.000000	45.000000	0.531527	2.480381	3045.643388	-420.000000	0.000000	76.000000	3092.805214	1858.386204	2751.843619	0.000000	0	445.488277	22.339654	44.468363	-7.286981	-463.370871	31.898029	5.402841	-419.348300	44.659363	0.000000	-420.000000	0	47.508228	6.267189	2.069893	38.183196	-0.942070	-441.359585	6.476167	0.942070	21.359585	5.402841	0.651700	6.370871	1	1	0	1	0
mm	3	61.000000	12	2	42	8.000000	45.000000	0.531527	2.480381	3092.907013	-420.000000	0.000000	77.000000	3139.402865	1858.386204	2751.843619	0.000000	0	446.267655	23.765706	44.873922	-7.262848	-463.411724	32.144682	5.908526	-422.480628	44.659363	0.000000	-420.000000	0	44.842761	2.665466	1.426052	38.509302	-0.677161	-442.946176	6.150061	0.677161	22.946176	5.908526	2.480628	6.411724	1	1	0	1	0
mm	3	61.000000	12	2	42	8.000000	45.000000	0.531527	2.480381	3139.498676	-420.000000	0.000000	78.000000	3186.944514	1858.386204	2751.843619	0.000000	0	446.883832	23.857925	44.429957	-6.597904	-462.946238	32.329857	6.577268	-423.087180	44.659363	0.000000	-420.000000	0	43.689153	1.153608	0.092219	38.379907	-0.010318	-443.016709	6.279456	0.010318	23.016709	6.577268	3.087180	5.946238	1	1	0	1	0
mm	3	61.000000	12	2	42	8.000000	45.000000	0.531527	2.480381	3187.041608	-420.000000	0.000000	79.000000	3233.679466	1858.386204	2751.843619	0.000000	0	446.933357	23.906071	44.395121	-6.585912	-462.764652	32.442668	6.662159	-423.389669	44.659363	0.000000	-420.000000	0	43.229178	0.459975	0.048146	38.418894	0.038123	-443.077160	6.240468	0.038123	23.077160	6.662159	3.389669	5.764652	1	1	0	1	0
mm	3	61.000000	12	2	42	8.000000	45.000000	0.531527	2.480381	3233.780410	-420.000000	0.000000	80.000000	3280.181306	1858.386204	2751.843619	0.000000	0	446.252416	23.963769	44.412448	-7.374693	-462.786092	33.042437	5.915849	-423.626945	44.659363	0.000000	-420.000000	0	42.887697	0.341482	0.057698	38.727443	-0.729422	-443.206519	5.931920	0.729422	23.206519	5.915849	3.626945	5.786092	1	1	0	1	0
mm	3	61.000000	12	2	42	8.000000	45.000000	0.531527	2.480381	3280.284816	-420.000000	0.000000	81.000000	3327.830315	1858.386204	2751.843619	0.000000	0	445.886548	23.785168	44.151018	-7.816503	-462.826422	32.188184	5.267680	-422.867915	44.659363	0.000000	-420.000000	0	43.714843	0.827147	0.178601	38.169601	-1.274411	-442.847168	6.489762	1.274411	22.847168	5.267680	2.867915	5.826422	1	1	0	1	0
mm	3	61.000000	12	2	42	8.000000	45.000000	0.531527	2.480381	3327.927409	-420.000000	0.000000	82.000000	3374.441653	1858.386204	2751.843619	0.000000	0	445.801198	23.752463	44.263065	-7.883152	-462.808720	32.211943	5.210444	-422.848849	44.659363	0.000000	-420.000000	0	43.743149	0.028305	0.032705	38.237504	-1.336354	-442.828784	6.421859	1.336354	22.828784	5.210444	2.848849	5.808720	1	1	0	1	0
mm	3	61.000000	12	2	42	8.000000	45.000000	0.531527	2.480381	3374.542597	-420.000000	0.000000	83.000000	3421.978597	1858.386204	2751.843619	0.000000	0	445.859553	23.739547	44.472929	-7.812402	-462.783282	32.208284	5.367890	-422.917725	44.659363	0.000000	-420.000000	0	43.742476	0.000673	0.012916	38.340606	-1.222256	-442.850504	6.318757	1.222256	22.850504	5.367890	2.917725	5.783282	1	1	0	1	0
mm	3	61.000000	12	2	42	8.000000	45.000000	0.531527	2.480381	3422.079969	-420.000000	0.000000	84.000000	3468.680614	1858.386204	2751.843619	0.000000	0	446.060002	23.781315	44.393485	-7.660920	-462.801187	32.186115	5.623389	-422.978361	44.659363	0.000000	-420.000000	0	43.718992	0.023483	0.041768	38.289800	-1.018766	-442.889774	6.369563	1.018766	22.889774	5.623389	2.978361	5.801187	1	1	0	1	0
mm	3	61.000000	12	2	42	8.000000	45.000000	0.531527	2.480381	3468.781131	-420.000000	0.000000	85.000000	3515.929697	1858.386204	2751.843619	0.000000	0	446.042328	23.808266	44.397226	-7.609208	-462.779724	32.517928	5.616141	-423.149714	44.659363	0.000000	-420.000000	0	43.434609	0.284384	0.026951	38.457577	-0.996534	-442.964719	6.201786	0.996534	22.964719	5.616141	3.149714	5.779724	1	1	0	1	0
mm	3	61.000000	12	2	42	8.000000	45.000000	0.531527	2.480381	3516.029785	-420.000000	0.000000	86.000000	3562.960637	1858.386204	2751.843619	0.000000	0	445.927402	23.783270	44.528015	-7.696643	-462.779163	32.531088	5.501588	-423.127907	44.659363	0.000000	-420.000000	0	43.478059	0.043451	0.024996	38.529551	-1.097527	-442.953535	6.129812	1.097527	22.953535	5.501588	3.127907	5.779163	1	1	0	1	0
mm	3	61.000000	12	2	42	8.000000	45.000000	0.531527	2.480381	3563.062009	-420.000000	0.000000	87.000000	3610.068569	1858.386204	2751.843619	0.000000	0	445.872398	23.734306	44.486531	-7.749231	-462.785571	32.315481	5.384208	-422.941966	44.659363	0.000000	-420.000000	0	43.682199	0.204140	0.048964	38.401006	-1.182511	-442.863769	6.258357	1.182511	22.863769	5.384208	2.941966	5.785571	1	1	0	1	0
mm	3	61.000000	12	2	42	8.000000	45.000000	0.531527	2.480381	3610.168658	-420.000000	0.000000	88.000000	3656.874097	1858.386204	2751.843619	0.000000	0	445.797397	23.717975	44.543197	-7.793001	-462.767706	32.435613	5.325707	-422.968585	44.659363	0.000000	-420.000000	0	43.619538	0.062662	0.016331	38.489405	-1.233647	-442.868145	6.169958	1.233647	22.868145	5.325707	2.968585	5.767706	1	1	0	1	0
mm	3	61.000000	12	2	42	8.000000	45.000000	0.531527	2.480381	3656.970763	-420.000000	0.000000	89.000000	3704.192043	1858.386204	2751.843619	0.000000	0	445.747318	23.723784	44.557158	-7.795662	-462.750399	32.577266	5.254907	-423.035615	44.659363	0.000000	-420.000000	0	43.486771	0.132767	0.005809	38.567212	-1.270377	-442.893007	6.092151	1.270377	22.893007	5.254907	3.035615	5.750399	1	1	0	1	0
mm	3	61.000000	12	2	42	8.000000	45.000000	0.531527	2.480381	3704.292988	-420.000000	0.000000	90.000000	3751.285433	1858.386204	2751.843619	0.000000	0	445.698986	23.763111	44.709617	-7.819918	-462.779082	32.830599	5.262166	-423.193370	44.659363	0.000000	-420.000000	0	43.350670	0.136101	0.039326	38.770108	-1.278876	-442.986226	5.889255	1.278876	22.986226	5.262166	3.193370	5.779082	1	1	0	1	0
mm	3	61.000000	12	2	42	8.000000	45.000000	0.531527	2.480381	3751.385521	-420.000000	0.000000	91.000000	3798.170945	1858.386204	2751.843619	0.000000	0	445.721469	23.731549	44.659923	-7.789446	-462.752233	32.693477	5.254882	-423.107909	44.659363	0.000000	-420.000000	0	43.416849	0.066179	0.031562	38.676700	-1.267282	-442.930071	5.982663	1.267282	22.930071	5.254882	3.107909	5.752233	1	1	0	1	0
mm	3	61.000000	12	2	42	8.000000	45.000000	0.531527	2.480381	3798.273600	-420.000000	0.000000	92.000000	3845.065440	1858.386204	2751.843619	0.000000	0	445.706576	23.679892	44.791615	-7.793175	-462.747897	32.531213	5.269252	-422.997895	44.659363	0.000000	-420.000000	0	43.600540	0.183691	0.051657	38.661414	-1.261961	-442.872896	5.997949	1.261961	22.872896	5.269252	2.997895	5.747897	1	1	0	1	0
mm	3	61.000000	12	2	42	8.000000	45.000000	0.531527	2.480381	3845.163390	-420.000000	0.000000	93.000000	3892.464228	1858.386204	2751.843619	0.000000	0	445.644648	23.672436	44.818458	-7.827740	-462.734709	32.702817	5.232314	-423.043243	44.659363	0.000000	-420.000000	0	43.505933	0.094607	0.007456	38.760637	-1.297713	-442.888976	5.898725	1.297713	22.888976	5.232314	3.043243	5.734709	1	1	0	1	0
mm	3	61.000000	12	2	42	8.000000	45.000000	0.531527	2.480381	3892.560895	-420.000000	0.000000	94.000000	3939.348885	1858.386204	2751.843619	0.000000	0	445.637918	23.684786	44.699235	-7.845745	-462.749684	32.629747	5.151618	-422.998147	44.659363	0.000000	-420.000000	0	43.529170	0.023237	0.012350	38.664491	-1.347063	-442.873915	5.994872	1.347063	22.873915	5.151618	2.998147	5.749684	1	1	0	1	0
mm	3	61.000000	12	2	42	8.000000	45.000000	0.531527	2.480381	3939.445552	-420.000000	0.000000	95.000000	3986.321227	1858.386204	2751.843619	0.000000	0	445.527493	23.607051	44.994811	-7.826938	-462.713513	32.714717	5.087287	-422.969004	44.659363	0.000000	-420.000000	0	43.556904	0.027734	0.077734	38.854764	-1.369826	-442.841258	5.804599	1.369826	22.841258	5.087287	2.969004	5.713513	1	1	0	1	0
mm	3	61.000000	12	2	42	8.000000	45.000000	0.531527	2.480381	3986.417466	-420.000000	0.000000	96.000000	4033.773908	1858.386204	2751.843619	0.000000	0	445.466527	23.680675	45.024242	-7.853514	-462.750872	33.092023	5.030978	-423.179898	44.659363	0.000000	-420.000000	0	43.292610	0.264295	0.073624	39.058133	-1.411268	-442.965385	5.601230	1.411268	22.965385	5.030978	3.179898	5.750872	1	1	0	1	0
mm	3	61.000000	12	2	42	8.000000	45.000000	0.531527	2.480381	4033.870575	-420.000000	0.000000	97.000000	4080.800572	1858.386204	2751.843619	0.000000	0	445.449566	23.701941	45.083097	-7.856632	-462.737880	33.211009	5.034178	-423.279721	44.659363	0.000000	-420.000000	0	43.174827	0.117782	0.021266	39.147053	-1.411227	-443.008800	5.512310	1.411227	23.008800	5.034178	3.279721	5.737880	1	1	0	1	0
mm	3	61.000000	12	2	42	8.000000	45.000000	0.531527	2.480381	4080.901944	-420.000000	0.000000	98.000000	4127.642028	1858.386204	2751.843619	0.000000	0	445.420385	23.640480	44.961747	-7.861012	-462.702599	33.067041	4.939567	-423.117611	44.659363	0.000000	-420.000000	0	43.270199	0.095372	0.061462	39.014394	-1.460723	-442.910105	5.644969	1.460723	22.910105	4.939567	3.117611	5.702599	1	1	0	1	0
mm	3	61.000000	12	2	42	8.000000	45.000000	0.531527	2.480381	4127.742545	-420.000000	0.000000	99.000000	4174.849193	1858.386204	2751.843619	0.000000	0	445.400823	23.681149	45.025868	-7.900836	-462.717425	33.200782	4.958722	-423.233604	44.659363	0.000000	-420.000000	0	43.176070	0.094129	0.040669	39.113325	-1.471057	-442.975515	5.546038	1.471057	22.975515	4.958722	3.233604	5.717425	1	1	0	1	0
mm	3	61.000000	12	2	42	8.000000	45.000000	0.531527	2.480381	4174.945432	-420.000000	0.000000	100.000000	4221.978084	1858.386204	2751.843619	0.000000	0	445.404199	23.699653	44.995342	-7.893331	-462.686413	33.366940	4.988392	-423.337622	44.659363	0.000000	-420.000000	0	43.005649	0.170420	0.018504	39.181141	-1.452469	-443.012018	5.478221	1.452469	23.012018	4.988392	3.337622	5.686413	1	1	0	1	0
mm	3	61.000000	12	2	42	8.000000	45.000000	0.531527	2.480381	4222.130783	-420.000000	0.000000	101.000000	4257.404310	1858.386204	2751.843619	4257.400032	0	445.355383	23.726194	  45.168246   -7.894021 -462.696519	  33.570577    4.980024 -423.469523	44.659363	0.000000	-420.000000	0	42.883612	0.122038	0.026541	0
