subjName	sessionNR	IOD	trialN	textureType	texnum	visualAngle	simulatedDepth	light_intensity	ambient_intensity	time	displayDistance	isRotated	frameN	timTote	startTime	touchTime	endTime	fingersOccluded	distanceToHome	distanceToObject	indexXraw	indexYraw	indexZraw	thumbXraw	thumbYraw	thumbZraw	targetX	targetY	targetZ	failCause	gripAperture	gripApertureVel	distFromObjVel	gripOriginX	gripOriginY	gripOriginZ	distFromObjX	distFromObjY	distFromObjZ	y_dist_thm	z_dist_thm	z_dist_ind	handOnObj	handnearObj	handfarObj	handTouchObj	framesOccluded
mm	4	61.000000	49	3	8	8.000000	25.000000	0.255315	3.289331	877.551457	-420.000000	0.000000	30.000000	924.482737	0.000000	0.000000	0.000000	0	7.205123	438.244983	230.094357	-357.151621	-252.220300	225.701063	-360.594815	-240.399502	45.962479	0.000000	-420.000000	0	13.072408	0.015057	0.087313	227.897710	-358.873218	-246.309901	181.935231	358.873218	173.690099	360.594815	179.600498	184.779700	0	0	1	0	0
mm	4	61.000000	49	3	8	8.000000	25.000000	0.255315	3.289331	924.673504	-420.000000	0.000000	31.000000	971.183470	0.000000	0.000000	0.000000	0	7.303176	438.166255	229.896155	-357.148602	-252.225844	225.597541	-360.577832	-240.433968	45.962479	0.000000	-420.000000	0	13.010997	0.061411	0.078728	227.746848	-358.863217	-246.329906	181.784369	358.863217	173.670094	360.577832	179.566032	184.774156	0	0	1	0	0
mm	4	61.000000	49	3	8	8.000000	25.000000	0.255315	3.289331	971.285270	-420.000000	0.000000	32.000000	1018.347863	0.000000	0.000000	0.000000	0	7.306619	438.164089	229.910511	-357.150202	-252.227371	225.594588	-360.572422	-240.447437	45.962479	0.000000	-420.000000	0	13.004062	0.006935	0.002166	227.752550	-358.861312	-246.337404	181.790071	358.861312	173.662596	360.572422	179.552563	184.772629	0	0	1	0	0
mm	4	61.000000	49	3	8	8.000000	25.000000	0.255315	3.289331	1018.445813	-420.000000	0.000000	33.000000	1065.340308	0.000000	0.000000	0.000000	0	7.288905	438.180623	229.994601	-357.155197	-252.224235	225.615281	-360.566463	-240.474847	45.962479	0.000000	-420.000000	0	12.994742	0.009320	0.016535	227.804941	-358.860830	-246.349541	181.842462	358.860830	173.650459	360.566463	179.525153	184.775765	0	0	1	0	0
mm	4	61.000000	49	3	8	8.000000	25.000000	0.255315	3.289331	1065.438685	-420.000000	0.000000	34.000000	1112.918741	0.000000	0.000000	0.000000	0	7.366989	438.110024	229.932946	-357.165388	-252.232547	225.402448	-360.525728	-240.472347	45.962479	0.000000	-420.000000	0	13.042990	0.048248	0.070599	227.667697	-358.845558	-246.352447	181.705218	358.845558	173.647553	360.525728	179.527653	184.767453	0	0	1	0	0
mm	4	61.000000	49	3	8	8.000000	25.000000	0.255315	3.289331	1113.016264	-420.000000	0.000000	35.000000	1159.758059	0.000000	0.000000	0.000000	0	7.395983	438.096064	229.909139	-357.161373	-252.230874	225.397402	-360.535398	-240.525960	45.962479	0.000000	-420.000000	0	12.990182	0.052808	0.013960	227.653270	-358.848385	-246.378417	181.690792	358.848385	173.621583	360.535398	179.474040	184.769126	0	0	1	0	0
mm	4	61.000000	49	3	8	8.000000	25.000000	0.255315	3.289331	1159.855582	-420.000000	0.000000	36.000000	1207.030239	0.000000	0.000000	0.000000	0	7.695694	437.869389	229.882178	-357.162434	-252.235524	224.613086	-360.472801	-240.689772	45.962479	0.000000	-420.000000	0	13.115878	0.125696	0.226675	227.247632	-358.817617	-246.462648	181.285153	358.817617	173.537352	360.472801	179.310228	184.764476	0	0	1	0	0
mm	4	61.000000	49	3	8	8.000000	25.000000	0.255315	3.289331	1207.126906	-420.000000	0.000000	37.000000	1254.054336	0.000000	0.000000	0.000000	0	7.731265	437.848341	229.654163	-357.112417	-252.215045	224.729859	-360.532600	-240.720500	45.962479	0.000000	-420.000000	0	12.964220	0.151658	0.021048	227.192011	-358.822509	-246.467772	181.229533	358.822509	173.532228	360.532600	179.279500	184.784955	0	0	1	0	0
mm	4	61.000000	49	3	8	8.000000	25.000000	0.255315	3.289331	1254.152286	-420.000000	0.000000	38.000000	1301.083138	0.000000	0.000000	0.000000	0	7.584330	437.984613	229.799516	-357.115280	-252.226992	225.058601	-360.614895	-240.692321	45.962479	0.000000	-420.000000	0	12.952691	0.011529	0.136272	227.429058	-358.865088	-246.459656	181.466580	358.865088	173.540344	360.614895	179.307679	184.773008	0	0	1	0	0
mm	4	61.000000	49	3	8	8.000000	25.000000	0.255315	3.289331	1301.285882	-420.000000	0.000000	39.000000	1348.296719	0.000000	0.000000	0.000000	0	7.465856	438.062707	229.672371	-357.040071	-252.227296	225.488582	-360.686496	-240.607140	45.962479	0.000000	-420.000000	0	12.877442	0.075249	0.078094	227.580476	-358.863283	-246.417218	181.617998	358.863283	173.582782	360.686496	179.392860	184.772704	0	0	1	0	0
mm	4	61.000000	49	3	8	8.000000	25.000000	0.255315	3.289331	1348.398946	-420.000000	0.000000	40.000000	1395.331081	0.000000	0.000000	0.000000	0	7.398040	438.082885	229.662425	-356.967305	-252.214524	225.601986	-360.705790	-240.515804	45.962479	0.000000	-420.000000	0	12.935358	0.057915	0.020177	227.632205	-358.836548	-246.365164	181.669727	358.836548	173.634836	360.705790	179.484196	184.785476	0	0	1	0	0
mm	4	61.000000	49	3	8	8.000000	25.000000	0.255315	3.289331	1395.428176	-420.000000	0.000000	41.000000	1442.308984	0.000000	0.000000	0.000000	0	7.390192	438.062190	229.728153	-356.918527	-252.223034	225.501672	-360.696669	-240.455885	45.962479	0.000000	-420.000000	0	13.061520	0.126163	0.020695	227.614912	-358.807598	-246.339459	181.652434	358.807598	173.660541	360.696669	179.544115	184.776966	0	0	1	0	0
mm	4	61.000000	49	3	8	8.000000	25.000000	0.255315	3.289331	1442.406934	-420.000000	0.000000	42.000000	1489.822403	0.000000	0.000000	0.000000	0	7.434601	437.977219	229.561159	-356.821447	-252.236071	225.528910	-360.652078	-240.432646	45.962479	0.000000	-420.000000	0	13.048127	0.013394	0.084971	227.545034	-358.736762	-246.334358	181.582556	358.736762	173.665642	360.652078	179.567354	184.763929	0	0	1	0	0
mm	4	61.000000	49	3	8	8.000000	25.000000	0.255315	3.289331	1489.923774	-420.000000	0.000000	43.000000	1536.546234	0.000000	0.000000	0.000000	0	7.555427	437.782287	229.275670	-356.678669	-252.225155	225.424164	-360.502372	-240.414703	45.962479	0.000000	-420.000000	0	12.997752	0.050374	0.194932	227.349917	-358.590521	-246.319929	181.387438	358.590521	173.680071	360.502372	179.585297	184.774845	0	0	1	0	0
mm	4	61.000000	49	3	8	8.000000	25.000000	0.255315	3.289331	1536.643328	-420.000000	0.000000	44.000000	1583.797883	0.000000	0.000000	0.000000	0	7.686754	437.442576	228.905125	-356.308339	-252.149384	225.390837	-360.187606	-240.367027	45.962479	0.000000	-420.000000	0	12.892744	0.105008	0.339712	227.147981	-358.247972	-246.258206	181.185502	358.247972	173.741794	360.187606	179.632973	184.850616	0	0	1	0	0
mm	4	61.000000	49	3	8	8.000000	25.000000	0.255315	3.289331	1583.894977	-420.000000	0.000000	45.000000	1630.951582	0.000000	0.000000	0.000000	0	7.752711	436.948371	228.656960	-355.681877	-251.897911	225.211745	-359.544579	-240.045549	45.962479	0.000000	-420.000000	0	12.933231	0.040487	0.494205	226.934352	-357.613228	-245.971730	180.971874	357.613228	174.028270	359.544579	179.954451	185.102089	0	0	1	0	0
mm	4	61.000000	49	3	8	8.000000	25.000000	0.255315	3.289331	1631.048676	-420.000000	0.000000	46.000000	1678.702818	0.000000	0.000000	0.000000	0	9.687436	433.614792	228.051244	-351.287922	-250.881882	224.168499	-355.658339	-239.115541	45.962479	0.000000	-420.000000	0	13.138609	0.205378	3.333579	226.109871	-353.473130	-244.998712	180.147393	353.473130	175.001288	355.658339	180.884459	186.118118	0	0	1	0	0
mm	4	61.000000	49	3	8	8.000000	25.000000	0.255315	3.289331	1678.799485	-420.000000	0.000000	47.000000	1725.640086	1714.000725	0.000000	0.000000	0	15.387662	427.754696	228.051304	-344.110343	-250.865223	223.821293	-348.656208	-239.265483	45.962479	0.000000	-420.000000	0	13.157197	0.018588	5.860096	225.936298	-346.383275	-245.065353	179.973820	346.383275	174.934647	348.656208	180.734517	186.134777	0	0	1	0	0
mm	4	61.000000	49	3	8	8.000000	25.000000	0.255315	3.289331	1725.745307	-420.000000	0.000000	48.000000	1772.712088	1714.000725	0.000000	0.000000	0	26.494434	417.365742	227.290772	-333.063209	-253.417051	222.617052	-337.379883	-241.429389	45.962479	0.000000	-420.000000	0	13.571344	0.414147	10.388954	224.953912	-335.221546	-247.423220	178.991434	335.221546	172.576780	337.379883	178.570611	183.582949	0	0	1	0	0
mm	4	61.000000	49	3	8	8.000000	25.000000	0.255315	3.289331	1772.880186	-420.000000	0.000000	49.000000	1819.595035	1714.000725	0.000000	0.000000	0	43.386036	400.614208	222.564168	-319.116483	-260.316709	215.871587	-321.359897	-245.486872	45.962479	0.000000	-420.000000	0	16.423996	2.852652	16.751535	219.217877	-320.238190	-252.901791	173.255399	320.238190	167.098209	321.359897	174.513128	176.683291	0	0	1	0	0
mm	4	61.000000	49	3	8	8.000000	25.000000	0.255315	3.289331	1819.698117	-420.000000	0.000000	50.000000	1866.603306	1714.000725	0.000000	0.000000	0	66.410012	377.572201	214.264848	-300.668327	-270.036826	205.764092	-300.343208	-251.567224	45.962479	0.000000	-420.000000	0	20.334570	3.910574	23.042006	210.014470	-300.505767	-260.802025	164.051991	300.505767	159.197975	300.343208	168.432776	166.963174	0	0	1	0	0
mm	4	61.000000	49	3	8	8.000000	25.000000	0.255315	3.289331	1866.791934	-420.000000	0.000000	51.000000	1913.677447	1714.000725	0.000000	0.000000	0	95.599097	348.533668	205.989426	-277.117180	-283.295989	192.887690	-273.651487	-259.488401	45.962479	0.000000	-420.000000	0	27.394666	7.060096	29.038533	199.438558	-275.384334	-271.392195	153.476079	275.384334	148.607805	273.651487	160.511599	153.704011	0	0	1	0	0
mm	4	61.000000	49	3	8	8.000000	25.000000	0.255315	3.289331	1913.781813	-420.000000	0.000000	52.000000	1960.863226	1714.000725	0.000000	0.000000	0	129.083177	315.304322	193.955917	-249.107468	-296.795095	178.690929	-244.087885	-268.212492	45.962479	0.000000	-420.000000	0	32.789957	5.395291	33.229346	186.323423	-246.597676	-282.503794	140.360944	246.597676	137.496206	244.087885	151.787508	140.204905	0	0	1	0	0
mm	4	61.000000	49	3	8	8.000000	25.000000	0.255315	3.289331	1960.966308	-420.000000	0.000000	53.000000	2007.829579	1714.000725	0.000000	0.000000	0	164.882166	279.638915	178.688534	-219.421159	-311.053204	163.137298	-213.720282	-278.487746	45.962479	0.000000	-420.000000	0	36.535599	3.745642	35.665407	170.912916	-216.570721	-294.770475	124.950438	216.570721	125.229525	213.720282	141.512254	125.946796	0	0	1	0	0
mm	4	61.000000	49	3	8	8.000000	25.000000	0.255315	3.289331	2007.931806	-420.000000	0.000000	54.000000	2054.900299	1714.000725	0.000000	0.000000	0	200.944483	243.544554	165.018663	-189.641373	-328.247058	147.568503	-184.205918	-290.840759	45.962479	0.000000	-420.000000	0	41.632721	5.097123	36.094361	156.293583	-186.923645	-309.543909	110.331105	186.923645	110.456091	184.205918	129.159241	108.752942	0	0	0	0	0
mm	4	61.000000	49	3	8	8.000000	25.000000	0.255315	3.289331	2055.002098	-420.000000	0.000000	55.000000	2101.795221	1714.000725	0.000000	0.000000	0	235.574124	208.719960	151.648655	-161.357663	-345.878792	133.710844	-157.072845	-305.862939	45.962479	0.000000	-420.000000	0	44.061244	2.428523	34.824594	142.679750	-159.215254	-325.870865	96.717271	159.215254	94.129135	157.072845	114.137061	91.121208	0	0	0	0	0
mm	4	61.000000	49	3	8	8.000000	25.000000	0.255315	3.289331	2101.893171	-420.000000	0.000000	56.000000	2148.787239	1714.000725	0.000000	0.000000	0	268.588167	175.554156	139.496994	-135.499074	-364.244308	120.829236	-130.979006	-321.135219	45.962479	0.000000	-420.000000	0	47.194383	3.133138	33.165804	130.163115	-133.239040	-342.689763	84.200636	133.239040	77.310237	130.979006	98.864781	72.755692	0	0	0	0	0
mm	4	61.000000	49	3	8	8.000000	25.000000	0.255315	3.289331	2148.885189	-420.000000	0.000000	57.000000	2195.847265	1714.000725	0.000000	0.000000	0	298.181552	145.784726	127.934196	-113.586504	-382.665694	108.979781	-108.679851	-336.551044	45.962479	0.000000	-420.000000	0	50.098962	2.904579	29.769430	118.456989	-111.133178	-359.608369	72.494510	111.133178	60.391631	108.679851	83.448956	54.334306	0	0	0	0	0
mm	4	61.000000	49	3	8	8.000000	25.000000	0.255315	3.289331	2195.945215	-420.000000	0.000000	58.000000	2242.501804	1714.000725	0.000000	0.000000	0	324.072181	119.655647	115.217750	-95.782493	-398.896363	96.529176	-90.697312	-350.893472	45.962479	0.000000	-420.000000	0	51.762915	1.663953	26.129079	105.873463	-93.239903	-374.894917	59.910984	93.239903	45.105083	90.697312	69.106528	38.103637	0	0	0	0	0
mm	4	61.000000	49	3	8	8.000000	25.000000	0.255315	3.289331	2242.654075	-420.000000	0.000000	59.000000	2289.796653	1714.000725	0.000000	0.000000	0	345.975372	97.749565	103.629929	-81.704694	-413.399099	83.818328	-76.491034	-362.809673	45.962479	0.000000	-420.000000	0	54.579958	2.817043	21.906082	93.724128	-79.097864	-388.104386	47.761650	79.097864	31.895614	76.491034	57.190327	23.600901	0	0	0	0	0
mm	4	61.000000	49	3	8	8.000000	25.000000	0.255315	3.289331	2289.903158	-420.000000	0.000000	60.000000	2336.755308	1714.000725	0.000000	0.000000	0	363.962386	80.355719	93.049752	-71.001857	-425.393587	72.691098	-65.822727	-373.882791	45.962479	0.000000	-420.000000	0	55.629670	1.049712	17.393846	82.870425	-68.412292	-399.638189	36.907946	68.412292	20.361811	65.822727	46.117209	11.606413	0	0	0	0	0
mm	4	61.000000	49	3	8	8.000000	25.000000	0.255315	3.289331	2336.857107	-420.000000	0.000000	61.000000	2383.681027	1714.000725	0.000000	0.000000	0	379.068823	66.429597	83.635298	-61.968036	-435.260354	62.669262	-57.164281	-382.336185	45.962479	0.000000	-420.000000	0	57.128088	1.498418	13.926123	73.152280	-59.566159	-408.798269	27.189801	59.566159	11.201731	57.164281	37.663815	1.739646	0	0	0	0	0
mm	4	61.000000	49	3	8	8.000000	25.000000	0.255315	3.289331	2383.777694	-420.000000	0.000000	62.000000	2431.202145	1714.000725	0.000000	0.000000	0	391.159302	56.429420	76.504964	-55.765290	-443.739098	54.789373	-49.809861	-389.853299	45.962479	0.000000	-420.000000	0	58.401313	1.273225	10.000176	65.647169	-52.787576	-416.796199	19.684690	52.787576	3.203801	49.809861	30.146701	6.739098	0	0	0	0	0
mm	4	61.000000	49	3	8	8.000000	25.000000	0.255315	3.289331	2431.299667	-420.000000	0.000000	63.000000	2478.245490	1714.000725	0.000000	0.000000	0	401.546418	48.658899	71.188081	-50.442242	-450.918578	49.643486	-42.200480	-396.326283	45.962479	0.000000	-420.000000	0	59.265630	0.864317	7.770521	60.415783	-46.321361	-423.622430	14.453305	46.321361	3.622430	42.200480	23.673717	13.918578	0	0	0	0	0
mm	4	61.000000	49	3	8	8.000000	25.000000	0.255315	3.289331	2478.343012	-420.000000	0.000000	64.000000	2525.276858	1714.000725	0.000000	0.000000	0	410.599754	42.184959	66.685157	-44.534842	-456.171849	45.736893	-35.441345	-401.205195	45.962479	0.000000	-420.000000	0	59.521882	0.256253	6.473941	56.211025	-39.988093	-428.688522	10.248546	39.988093	8.688522	35.441345	18.794805	19.171849	0	0	0	0	0
mm	4	61.000000	49	3	8	8.000000	25.000000	0.255315	3.289331	2525.379086	-420.000000	0.000000	65.000000	2572.029775	1714.000725	0.000000	0.000000	0	418.293305	36.330864	64.254422	-38.434974	-459.160191	44.071355	-28.076796	-405.066331	45.962479	0.000000	-420.000000	0	58.658280	0.863603	5.854094	54.162889	-33.255885	-432.113261	8.200410	33.255885	12.113261	28.076796	14.933669	22.160191	0	1	0	0	0
mm	4	61.000000	49	3	8	8.000000	25.000000	0.255315	3.289331	2572.132002	-420.000000	0.000000	66.000000	2618.437515	1714.000725	0.000000	0.000000	0	424.550304	30.823107	60.524281	-32.911303	-459.885483	41.730058	-21.979504	-406.202039	45.962479	0.000000	-420.000000	0	57.919247	0.739032	5.507758	51.127170	-27.445404	-433.043761	5.164691	27.445404	13.043761	21.979504	13.797961	22.885483	0	1	0	0	0
mm	4	61.000000	49	3	8	8.000000	25.000000	0.255315	3.289331	2618.539314	-420.000000	0.000000	67.000000	2665.655373	1714.000725	0.000000	0.000000	0	429.145205	26.283129	55.949136	-28.892420	-458.925445	38.875778	-17.469611	-405.678695	45.962479	0.000000	-420.000000	0	57.071854	0.847394	4.539978	47.412457	-23.181015	-432.302070	1.449978	23.181015	12.302070	17.469611	14.321305	21.925445	0	1	0	0	0
mm	4	61.000000	49	3	8	8.000000	25.000000	0.255315	3.289331	2665.752467	-420.000000	0.000000	68.000000	2712.733364	1714.000725	2700.596554	0.000000	0	432.303244	23.364982	51.312347	-26.114536	-456.306943	35.968275	-14.864109	-405.667369	45.962479	0.000000	-420.000000	0	54.096017	2.975837	2.918146	43.640311	-20.489323	-430.987156	2.322167	20.489323	10.987156	14.864109	14.332631	19.306943	0	1	0	1	0
mm	4	61.000000	49	3	8	8.000000	25.000000	0.255315	3.289331	2712.831314	-420.000000	0.000000	69.000000	2760.221974	1714.000725	2700.596554	0.000000	0	433.523727	22.269370	47.219211	-25.287340	-451.182295	36.250254	-13.597946	-408.821170	45.962479	0.000000	-420.000000	0	45.292658	8.803359	1.095612	41.734732	-19.442643	-430.001732	4.227746	19.442643	10.001732	13.597946	11.178830	14.182295	0	1	0	1	0
mm	4	61.000000	49	3	8	8.000000	25.000000	0.255315	3.289331	2760.415735	-420.000000	0.000000	70.000000	2807.543771	1714.000725	2700.596554	0.000000	0	433.592548	21.249881	44.067919	-25.900566	-445.014212	37.390779	-11.907215	-411.333843	45.962479	0.000000	-420.000000	0	37.077828	8.214830	1.019489	40.729349	-18.903891	-428.174027	5.233129	18.903891	8.174027	11.907215	8.666157	8.014212	0	1	0	1	0
mm	4	61.000000	49	3	8	8.000000	25.000000	0.255315	3.289331	2807.652414	-420.000000	0.000000	71.000000	2853.899755	1714.000725	2700.596554	0.000000	0	434.263527	20.483575	44.024437	-25.344307	-443.817180	39.527393	-10.496346	-414.172978	45.962479	0.000000	-420.000000	0	33.458393	3.619435	0.766306	41.775915	-17.920326	-428.995079	4.186564	17.920326	8.995079	10.496346	5.827022	6.817180	0	1	0	1	0
mm	4	61.000000	49	3	8	8.000000	25.000000	0.255315	3.289331	2854.003693	-420.000000	0.000000	72.000000	2900.730091	1714.000725	2700.596554	0.000000	0	433.926867	22.025889	43.753860	-25.331288	-443.238099	39.698020	-12.770162	-417.183596	45.962479	0.000000	-420.000000	0	29.207343	4.251051	1.542314	41.725940	-19.050725	-430.210848	4.236538	19.050725	10.210848	12.770162	2.816404	6.238099	0	1	0	1	0
mm	4	61.000000	49	3	8	8.000000	25.000000	0.255315	3.289331	2900.830179	-420.000000	0.000000	73.000000	2947.794822	1714.000725	2700.596554	0.000000	0	433.627763	23.174000	44.116951	-25.633583	-443.255354	39.736333	-14.122201	-419.160329	45.962479	0.000000	-420.000000	0	27.060524	2.146819	1.148111	41.926642	-19.877892	-431.207842	4.035836	19.877892	11.207842	14.122201	0.839671	6.255354	0	1	0	1	0
mm	4	61.000000	49	3	8	8.000000	25.000000	0.255315	3.289331	2947.893199	-420.000000	0.000000	74.000000	2995.363846	1714.000725	2700.596554	0.000000	0	433.794827	22.210979	43.964644	-25.500286	-443.064012	40.368683	-12.835845	-418.055140	45.962479	0.000000	-420.000000	0	28.262390	1.201866	0.963021	42.166663	-19.168066	-430.559576	3.795815	19.168066	10.559576	12.835845	1.944860	6.064012	0	1	0	1	0
mm	4	61.000000	49	3	8	8.000000	25.000000	0.255315	3.289331	2995.462223	-420.000000	0.000000	75.000000	3042.201453	1714.000725	2700.596554	0.000000	0	434.127951	20.670128	44.077859	-25.400512	-443.080818	41.910016	-10.419014	-416.686056	45.962479	0.000000	-420.000000	0	30.427426	2.165036	1.540851	42.993937	-17.909763	-429.883437	2.968541	17.909763	9.883437	10.419014	3.313944	6.080818	0	1	0	1	0
mm	4	61.000000	49	3	8	8.000000	25.000000	0.255315	3.289331	3042.300258	-420.000000	0.000000	76.000000	3089.365845	1714.000725	2700.596554	0.000000	0	434.541183	20.236750	44.143606	-25.056336	-442.908008	42.216735	-9.662382	-417.135691	45.962479	0.000000	-420.000000	0	30.081538	0.345888	0.433378	43.180170	-17.359359	-430.021849	2.782308	17.359359	10.021849	9.662382	2.864309	5.908008	0	1	0	1	0
mm	4	61.000000	49	3	8	8.000000	25.000000	0.255315	3.289331	3089.473205	-420.000000	0.000000	77.000000	3136.230827	1714.000725	2700.596554	0.000000	0	434.586704	20.113705	44.263166	-24.904862	-442.881674	43.157906	-9.389865	-417.656858	45.962479	0.000000	-420.000000	0	29.634914	0.446625	0.123045	43.710536	-17.147363	-430.269266	2.251942	17.147363	10.269266	9.389865	2.343142	5.881674	0	1	0	1	0
mm	4	61.000000	49	3	8	8.000000	25.000000	0.255315	3.289331	3136.333909	-420.000000	0.000000	78.000000	3183.506000	1714.000725	2700.596554	0.000000	0	434.832078	19.817694	44.464983	-24.740305	-442.823731	42.786775	-8.934382	-417.551270	45.962479	0.000000	-420.000000	0	29.855333	0.220419	0.296011	43.625879	-16.837344	-430.187500	2.336600	16.837344	10.187500	8.934382	2.448730	5.823731	0	1	0	1	0
mm	4	61.000000	49	3	8	8.000000	25.000000	0.255315	3.289331	3183.614216	-420.000000	0.000000	79.000000	3230.490746	1714.000725	2700.596554	0.000000	0	434.885935	19.742198	44.384282	-24.819993	-442.775852	42.485681	-8.781107	-417.334608	45.962479	0.000000	-420.000000	0	30.134821	0.279488	0.075496	43.434982	-16.800550	-430.055230	2.527497	16.800550	10.055230	8.781107	2.665392	5.775852	0	1	0	1	0
mm	4	61.000000	49	3	8	8.000000	25.000000	0.255315	3.289331	3230.599389	-420.000000	0.000000	80.000000	3277.247085	1714.000725	2700.596554	0.000000	0	434.800169	19.830589	44.406275	-24.968946	-442.793516	42.483702	-8.840602	-417.320471	45.962479	0.000000	-420.000000	0	30.210855	0.076034	0.088391	43.444989	-16.904774	-430.056993	2.517490	16.904774	10.056993	8.840602	2.679529	5.793516	0	1	0	1	0
mm	4	61.000000	49	3	8	8.000000	25.000000	0.255315	3.289331	3277.354017	-420.000000	0.000000	81.000000	3324.608660	1714.000725	2700.596554	0.000000	0	434.661783	19.905678	44.449592	-25.054383	-442.780788	42.605923	-8.986245	-417.280825	45.962479	0.000000	-420.000000	0	30.196561	0.014294	0.075090	43.527758	-17.020314	-430.030806	2.434721	17.020314	10.030806	8.986245	2.719175	5.780788	0	1	0	1	0
mm	4	61.000000	49	3	8	8.000000	25.000000	0.255315	3.289331	3324.711743	-420.000000	0.000000	82.000000	3371.562182	1714.000725	2700.596554	0.000000	0	434.690382	19.952641	44.342336	-25.109949	-442.786539	42.539545	-8.983418	-417.329157	45.962479	0.000000	-420.000000	0	30.189292	0.007269	0.046962	43.440940	-17.046683	-430.057848	2.521538	17.046683	10.057848	8.983418	2.670843	5.786539	0	1	0	1	0
mm	4	61.000000	49	3	8	8.000000	25.000000	0.255315	3.289331	3371.666120	-420.000000	0.000000	83.000000	3418.600821	1714.000725	2700.596554	0.000000	0	434.650242	19.986713	44.235637	-25.126788	-442.750527	42.547748	-9.078397	-417.285548	45.962479	0.000000	-420.000000	0	30.147388	0.041904	0.034072	43.391692	-17.102592	-430.018038	2.570786	17.102592	10.018038	9.078397	2.714452	5.750527	0	1	0	1	0
mm	4	61.000000	49	3	8	8.000000	25.000000	0.255315	3.289331	3418.704760	-420.000000	0.000000	84.000000	3465.703193	1714.000725	2700.596554	0.000000	0	434.514104	20.059977	44.157368	-25.201710	-442.700871	42.784661	-9.230570	-417.279100	45.962479	0.000000	-420.000000	0	30.053754	0.093634	0.073264	43.471014	-17.216140	-429.989985	2.491465	17.216140	9.989985	9.230570	2.720900	5.700871	0	1	0	1	0
mm	4	61.000000	49	3	8	8.000000	25.000000	0.255315	3.289331	3465.805848	-420.000000	0.000000	85.000000	3512.856036	1714.000725	2700.596554	0.000000	0	434.450424	20.122141	44.432073	-25.394749	-442.783650	42.596911	-9.172545	-417.234690	45.962479	0.000000	-420.000000	0	30.319583	0.265829	0.062165	43.514492	-17.283647	-430.009170	2.447986	17.283647	10.009170	9.172545	2.765310	5.783650	0	1	0	1	0
mm	4	61.000000	49	3	8	8.000000	25.000000	0.255315	3.289331	3512.959119	-420.000000	0.000000	86.000000	3560.111535	1714.000725	2700.596554	0.000000	0	434.456459	20.147128	44.355870	-25.406513	-442.773049	42.705583	-9.174497	-417.329864	45.962479	0.000000	-420.000000	0	30.225113	0.094469	0.024987	43.530727	-17.290505	-430.051456	2.431752	17.290505	10.051456	9.174497	2.670136	5.773049	0	1	0	1	0
mm	4	61.000000	49	3	8	8.000000	25.000000	0.255315	3.289331	3560.211195	-420.000000	0.000000	87.000000	3607.056502	1714.000725	2700.596554	0.000000	0	434.494747	20.126127	44.256318	-25.391537	-442.761513	42.657453	-9.147093	-417.293786	45.962479	0.000000	-420.000000	0	30.249686	0.024572	0.021001	43.456886	-17.269315	-430.027649	2.505593	17.269315	10.027649	9.147093	2.706214	5.761513	0	1	0	1	0
mm	4	61.000000	49	3	8	8.000000	25.000000	0.255315	3.289331	3607.160440	-420.000000	0.000000	88.000000	3654.069905	1714.000725	2700.596554	0.000000	0	434.385100	20.146958	44.512281	-25.397249	-442.738937	42.617452	-9.261559	-417.245371	45.962479	0.000000	-420.000000	0	30.230328	0.019358	0.020831	43.564866	-17.329404	-429.992154	2.397613	17.329404	9.992154	9.261559	2.754629	5.738937	0	1	0	1	0
mm	4	61.000000	49	3	8	8.000000	25.000000	0.255315	3.289331	3654.173416	-420.000000	0.000000	89.000000	3701.185109	1714.000725	2700.596554	0.000000	0	434.265701	20.250498	44.677428	-25.532834	-442.797816	42.429471	-9.402980	-417.117150	45.962479	0.000000	-420.000000	0	30.409244	0.178916	0.103540	43.553450	-17.467907	-429.957483	2.409029	17.467907	9.957483	9.402980	2.882850	5.797816	0	1	0	1	0
mm	4	61.000000	49	3	8	8.000000	25.000000	0.255315	3.289331	3701.292469	-420.000000	0.000000	90.000000	3747.819545	1714.000725	2700.596554	0.000000	0	434.316254	20.289240	44.452322	-25.613238	-442.786611	42.166949	-9.402867	-417.020843	45.962479	0.000000	-420.000000	0	30.526609	0.117365	0.038742	43.309636	-17.508052	-429.903727	2.652843	17.508052	9.903727	9.402867	2.979157	5.786611	0	1	0	1	0
mm	4	61.000000	49	3	8	8.000000	25.000000	0.255315	3.289331	3747.921772	-420.000000	0.000000	91.000000	3795.335530	1714.000725	2700.596554	0.000000	0	434.252181	20.222269	44.657602	-25.533315	-442.748235	42.334273	-9.411621	-417.007189	45.962479	0.000000	-420.000000	0	30.461588	0.065021	0.066971	43.495937	-17.472468	-429.877712	2.466541	17.472468	9.877712	9.411621	2.992811	5.748235	0	1	0	1	0
mm	4	61.000000	49	3	8	8.000000	25.000000	0.255315	3.289331	3795.433480	-420.000000	0.000000	92.000000	3842.165010	1714.000725	2700.596554	0.000000	0	434.295682	20.151863	44.776317	-25.540354	-442.754410	42.104625	-9.291112	-416.885275	45.962479	0.000000	-420.000000	0	30.665746	0.204158	0.070406	43.440471	-17.415733	-429.819842	2.522007	17.415733	9.819842	9.291112	3.114725	5.754410	0	1	0	1	0
mm	4	61.000000	49	3	8	8.000000	25.000000	0.255315	3.289331	3842.268093	-420.000000	0.000000	93.000000	3889.167721	1714.000725	2700.596554	0.000000	0	434.353914	20.101186	44.716945	-25.476418	-442.709961	42.218457	-9.211096	-416.990581	45.962479	0.000000	-420.000000	0	30.533419	0.132327	0.050677	43.467701	-17.343757	-429.850271	2.494777	17.343757	9.850271	9.211096	3.009419	5.709961	0	1	0	1	0
mm	4	61.000000	49	3	8	8.000000	25.000000	0.255315	3.289331	3889.270376	-420.000000	0.000000	94.000000	3936.588322	1714.000725	2700.596554	0.000000	0	434.286311	20.101931	44.811196	-25.522713	-442.706857	42.168391	-9.243163	-416.869347	45.962479	0.000000	-420.000000	0	30.652652	0.119234	0.000746	43.489794	-17.382938	-429.788102	2.472685	17.382938	9.788102	9.243163	3.130653	5.706857	0	1	0	1	0
mm	4	61.000000	49	3	8	8.000000	25.000000	0.255315	3.289331	3936.690977	-420.000000	0.000000	95.000000	3983.575635	1714.000725	2700.596554	0.000000	0	434.288329	20.154187	44.604532	-25.597013	-442.672092	42.011081	-9.300368	-416.789376	45.962479	0.000000	-420.000000	0	30.695628	0.042976	0.052256	43.307806	-17.448690	-429.730734	2.654672	17.448690	9.730734	9.300368	3.210624	5.672092	0	1	0	1	0
mm	4	61.000000	49	3	8	8.000000	25.000000	0.255315	3.289331	3983.673585	-420.000000	0.000000	96.000000	4030.754997	1714.000725	2700.596554	0.000000	0	434.233179	20.224335	44.510518	-25.610543	-442.669795	42.291683	-9.400080	-416.928893	45.962479	0.000000	-420.000000	0	30.500761	0.194868	0.070148	43.401100	-17.505312	-429.799344	2.561378	17.505312	9.799344	9.400080	3.071107	5.669795	0	1	0	1	0
mm	4	61.000000	49	3	8	8.000000	25.000000	0.255315	3.289331	4030.852947	-420.000000	0.000000	97.000000	4077.472413	1714.000725	2700.596554	0.000000	0	434.209644	20.267630	44.456862	-25.619252	-442.657730	42.356165	-9.468928	-416.983936	45.962479	0.000000	-420.000000	0	30.403776	0.096984	0.043294	43.406513	-17.544090	-429.820833	2.555965	17.544090	9.820833	9.468928	3.016064	5.657730	0	1	0	1	0
mm	4	61.000000	49	3	8	8.000000	25.000000	0.255315	3.289331	4077.570790	-420.000000	0.000000	98.000000	4112.943977	1714.000725	2700.596554	4112.939272	0	434.146254	20.295149	  44.566707  -25.670007 -442.659464	  42.337837   -9.511861 -416.951855	45.962479	0.000000	-420.000000	0	30.445602	0.041826	0.027519	0
