subjName	sessionNR	IOD	trialN	textureType	texnum	visualAngle	simulatedDepth	light_intensity	ambient_intensity	time	displayDistance	isRotated	frameN	timTote	startTime	touchTime	endTime	fingersOccluded	distanceToHome	distanceToObject	indexXraw	indexYraw	indexZraw	thumbXraw	thumbYraw	thumbZraw	targetX	targetY	targetZ	failCause	gripAperture	gripApertureVel	distFromObjVel	gripOriginX	gripOriginY	gripOriginZ	distFromObjX	distFromObjY	distFromObjZ	y_dist_thm	z_dist_thm	z_dist_ind	handOnObj	handnearObj	handfarObj	handTouchObj	framesOccluded
mm	5	61.000000	107	2	42	8.000000	25.000000	0.477897	2.507851	916.065099	-420.000000	0.000000	30.000000	963.236536	0.000000	0.000000	0.000000	0	1.684452	436.208426	224.376427	-353.060513	-248.255205	223.839846	-360.102586	-239.183084	45.076157	0.000000	-420.000000	0	11.497047	0.013460	0.031860	224.108136	-356.581549	-243.719145	179.031980	356.581549	176.280855	360.102586	180.816916	188.744795	0	0	1	0	0
mm	5	61.000000	107	2	42	8.000000	25.000000	0.477897	2.507851	963.433720	-420.000000	0.000000	31.000000	1009.787764	0.000000	0.000000	0.000000	0	1.750293	436.132681	224.297270	-353.066604	-248.282017	223.671028	-360.091942	-239.270152	45.076157	0.000000	-420.000000	0	11.443831	0.053215	0.075745	223.984149	-356.579273	-243.776085	178.907992	356.579273	176.223915	360.091942	180.729848	188.717983	0	0	1	0	0
mm	5	61.000000	107	2	42	8.000000	25.000000	0.477897	2.507851	1009.893414	-420.000000	0.000000	32.000000	1057.158097	0.000000	0.000000	0.000000	0	1.681344	436.214235	224.302023	-353.072139	-248.283934	223.944707	-360.109449	-239.193944	45.076157	0.000000	-420.000000	0	11.501275	0.057443	0.081554	224.123365	-356.590794	-243.738939	179.047208	356.590794	176.261061	360.109449	180.806056	188.716066	0	0	1	0	0
mm	5	61.000000	107	2	42	8.000000	25.000000	0.477897	2.507851	1057.256475	-420.000000	0.000000	33.000000	1104.478384	0.000000	0.000000	0.000000	0	1.701738	436.189074	224.439005	-353.067541	-248.246043	223.719203	-360.114971	-239.268332	45.076157	0.000000	-420.000000	0	11.436069	0.065206	0.025161	224.079104	-356.591256	-243.757187	179.002947	356.591256	176.242813	360.114971	180.731668	188.753957	0	0	1	0	0
mm	5	61.000000	107	2	42	8.000000	25.000000	0.477897	2.507851	1104.575052	-420.000000	0.000000	34.000000	1151.355971	0.000000	0.000000	0.000000	0	1.739837	436.145608	224.324297	-353.099905	-248.292966	223.664810	-360.105603	-239.311381	45.076157	0.000000	-420.000000	0	11.409803	0.026267	0.043466	223.994554	-356.602754	-243.802173	178.918397	356.602754	176.197827	360.105603	180.688619	188.707034	0	0	1	0	0
mm	5	61.000000	107	2	42	8.000000	25.000000	0.477897	2.507851	1151.452210	-420.000000	0.000000	35.000000	1198.977809	0.000000	0.000000	0.000000	0	1.712738	436.178012	224.397310	-353.042584	-248.250835	223.753615	-360.119255	-239.269072	45.076157	0.000000	-420.000000	0	11.452759	0.042956	0.032404	224.075462	-356.580920	-243.759953	178.999306	356.580920	176.240047	360.119255	180.730928	188.749165	0	0	1	0	0
mm	5	61.000000	107	2	42	8.000000	25.000000	0.477897	2.507851	1199.074048	-420.000000	0.000000	36.000000	1245.477709	0.000000	0.000000	0.000000	0	1.752722	436.132063	224.415714	-353.048560	-248.249501	223.581593	-360.105491	-239.326088	45.076157	0.000000	-420.000000	0	11.407162	0.045598	0.045949	223.998653	-356.577025	-243.787795	178.922497	356.577025	176.212205	360.105491	180.673912	188.750499	0	0	1	0	0
mm	5	61.000000	107	2	42	8.000000	25.000000	0.477897	2.507851	1245.638536	-420.000000	0.000000	37.000000	1292.625194	0.000000	0.000000	0.000000	0	1.779112	436.101759	224.157961	-353.012251	-248.303590	223.730546	-360.118582	-239.264560	45.076157	0.000000	-420.000000	0	11.505941	0.098780	0.030303	223.944254	-356.565417	-243.784075	178.868097	356.565417	176.215925	360.118582	180.735440	188.696410	0	0	1	0	0
mm	5	61.000000	107	2	42	8.000000	25.000000	0.477897	2.507851	1292.722288	-420.000000	0.000000	38.000000	1339.546836	0.000000	0.000000	0.000000	0	1.683349	436.209082	224.442693	-353.060039	-248.250688	223.759201	-360.132050	-239.228398	45.076157	0.000000	-420.000000	0	11.483999	0.021942	0.107323	224.100947	-356.596045	-243.739543	179.024790	356.596045	176.260457	360.132050	180.771602	188.749312	0	0	1	0	0
mm	5	61.000000	107	2	42	8.000000	25.000000	0.477897	2.507851	1339.728622	-420.000000	0.000000	39.000000	1386.930428	0.000000	0.000000	0.000000	0	1.752040	436.131756	224.238294	-353.054954	-248.299877	223.728113	-360.117150	-239.282393	45.076157	0.000000	-420.000000	0	11.465161	0.018838	0.077327	223.983204	-356.586052	-243.791135	178.907047	356.586052	176.208865	360.117150	180.717607	188.700123	0	0	1	0	0
mm	5	61.000000	107	2	42	8.000000	25.000000	0.477897	2.507851	1387.032656	-420.000000	0.000000	40.000000	1434.034712	0.000000	0.000000	0.000000	0	1.775538	436.106353	224.346712	-353.036767	-248.264143	223.554412	-360.110116	-239.326555	45.076157	0.000000	-420.000000	0	11.425432	0.039729	0.025402	223.950562	-356.573442	-243.795349	178.874406	356.573442	176.204651	360.110116	180.673445	188.735857	0	0	1	0	0
mm	5	61.000000	107	2	42	8.000000	25.000000	0.477897	2.507851	1434.132235	-420.000000	0.000000	41.000000	1481.325486	0.000000	0.000000	0.000000	0	1.850602	436.027676	224.136090	-353.002278	-248.266906	223.439719	-360.115133	-239.323473	45.076157	0.000000	-420.000000	0	11.448258	0.022826	0.078677	223.787905	-356.558705	-243.795189	178.711748	356.558705	176.204811	360.115133	180.676527	188.733094	0	0	1	0	0
mm	5	61.000000	107	2	42	8.000000	25.000000	0.477897	2.507851	1481.422154	-420.000000	0.000000	42.000000	1528.355345	0.000000	0.000000	0.000000	0	1.775254	436.103317	224.315575	-352.978229	-248.175102	223.562998	-360.100635	-239.270122	45.076157	0.000000	-420.000000	0	11.427761	0.020497	0.075641	223.939287	-356.539432	-243.722612	178.863130	356.539432	176.277388	360.100635	180.729878	188.824898	0	0	1	0	0
mm	5	61.000000	107	2	42	8.000000	25.000000	0.477897	2.507851	1528.456717	-420.000000	0.000000	43.000000	1575.496414	0.000000	0.000000	0.000000	0	1.716158	436.176263	224.580979	-352.988450	-248.013751	223.566486	-360.015235	-239.191483	45.076157	0.000000	-420.000000	0	11.324192	0.103569	0.072946	224.073733	-356.501842	-243.602617	178.997576	356.501842	176.397383	360.015235	180.808517	188.986249	0	0	1	0	0
mm	5	61.000000	107	2	42	8.000000	25.000000	0.477897	2.507851	1575.594364	-420.000000	0.000000	44.000000	1622.358602	0.000000	0.000000	0.000000	0	1.763505	436.229535	224.835618	-352.956936	-248.062583	224.022701	-359.736508	-238.974406	45.076157	0.000000	-420.000000	0	11.367427	0.043234	0.053272	224.429159	-356.346722	-243.518494	179.353003	356.346722	176.481506	359.736508	181.025594	188.937417	0	0	1	0	0
mm	5	61.000000	107	2	42	8.000000	25.000000	0.477897	2.507851	1622.455269	-420.000000	0.000000	45.000000	1669.169462	0.000000	0.000000	0.000000	0	2.094019	436.163277	225.067900	-352.906558	-247.831728	224.439284	-358.978826	-238.562711	45.076157	0.000000	-420.000000	0	11.098751	0.268676	0.066259	224.753592	-355.942692	-243.197220	179.677435	355.942692	176.802780	358.978826	181.437289	189.168272	0	0	1	0	0
mm	5	61.000000	107	2	42	8.000000	25.000000	0.477897	2.507851	1669.266557	-420.000000	0.000000	46.000000	1717.329813	1704.771637	0.000000	0.000000	0	6.227867	433.214794	224.995966	-349.424336	-248.217370	226.407468	-354.379325	-238.429740	45.076157	0.000000	-420.000000	0	11.060830	0.037921	2.948483	225.701717	-351.901830	-243.323555	180.625560	351.901830	176.676445	354.379325	181.570260	188.782630	0	0	1	0	0
mm	5	61.000000	107	2	42	8.000000	25.000000	0.477897	2.507851	1717.440596	-420.000000	0.000000	47.000000	1776.261710	1704.771637	0.000000	0.000000	0	20.910374	424.457213	231.018746	-335.131095	-247.397266	230.609535	-340.987384	-238.307503	45.076157	0.000000	-420.000000	0	10.820691	0.240139	8.757581	230.814140	-338.059239	-242.852384	185.737984	338.059239	177.147616	340.987384	181.692497	189.602734	0	0	1	0	0
mm	5	61.000000	107	2	42	8.000000	25.000000	0.477897	2.507851	1776.368215	-420.000000	0.000000	48.000000	1823.306111	1704.771637	0.000000	0.000000	0	34.318057	412.178362	229.391921	-321.039924	-248.325168	228.785826	-326.973598	-239.254966	45.076157	0.000000	-420.000000	0	10.855616	0.034926	12.278851	229.088874	-324.006761	-243.790067	184.012717	324.006761	176.209933	326.973598	180.745034	188.674832	0	0	1	0	0
mm	5	61.000000	107	2	42	8.000000	25.000000	0.477897	2.507851	1823.512277	-420.000000	0.000000	49.000000	1870.486531	1704.771637	0.000000	0.000000	0	51.026333	393.100041	221.631728	-305.935285	-255.811649	219.281219	-309.129691	-242.468259	45.076157	0.000000	-420.000000	0	13.920315	3.064699	19.078321	220.456474	-307.532488	-249.139954	175.380317	307.532488	170.860046	309.129691	177.531741	181.188351	0	0	1	0	0
mm	5	61.000000	107	2	42	8.000000	25.000000	0.477897	2.507851	1870.594319	-420.000000	0.000000	50.000000	1917.398336	1704.771637	0.000000	0.000000	0	73.888341	367.685988	211.740042	-288.103251	-270.528130	204.172746	-287.810167	-248.573459	45.076157	0.000000	-420.000000	0	23.224070	9.303754	25.414053	207.956394	-287.956709	-259.550795	162.880238	287.956709	160.449205	287.810167	171.426541	166.471870	0	0	1	0	0
mm	5	61.000000	107	2	42	8.000000	25.000000	0.477897	2.507851	1917.502274	-420.000000	0.000000	51.000000	1964.488505	1704.771637	0.000000	0.000000	0	103.821910	337.044536	201.021988	-264.320184	-286.127564	190.355928	-260.706635	-257.214295	45.076157	0.000000	-420.000000	0	31.029014	7.804944	30.641452	195.688958	-262.513410	-271.670930	150.612801	262.513410	148.329070	260.706635	162.785705	150.872436	0	0	1	0	0
mm	5	61.000000	107	2	42	8.000000	25.000000	0.477897	2.507851	1964.587310	-420.000000	0.000000	52.000000	2011.422979	1704.771637	0.000000	0.000000	0	139.513406	300.885971	188.581323	-235.575770	-305.754042	174.763276	-229.984474	-268.258922	45.076157	0.000000	-420.000000	0	40.349536	9.320522	36.158565	181.672300	-232.780122	-287.006482	136.596143	232.780122	132.993518	229.984474	151.741078	131.245958	0	0	1	0	0
mm	5	61.000000	107	2	42	8.000000	25.000000	0.477897	2.507851	2011.524779	-420.000000	0.000000	53.000000	2058.040933	1704.771637	0.000000	0.000000	0	177.701157	262.324048	173.651676	-204.530759	-325.619292	160.423895	-198.837297	-284.052074	45.076157	0.000000	-420.000000	0	43.991174	3.641638	38.561923	167.037785	-201.684028	-304.835683	121.961629	201.684028	115.164317	198.837297	135.947926	111.380708	0	0	1	0	0
mm	5	61.000000	107	2	42	8.000000	25.000000	0.477897	2.507851	2132.600402	-420.000000	0.000000	54.000000	2175.744326	1704.771637	0.000000	0.000000	0	277.679158	163.192845	140.508759	-125.176350	-385.079956	127.055967	-119.953996	-332.594380	45.076157	0.000000	-420.000000	0	54.433319	10.442145	99.131203	133.782363	-122.565173	-358.837168	88.706206	122.565173	61.162832	119.953996	87.405620	51.920044	0	0	0	0	0
mm	5	61.000000	107	2	42	8.000000	25.000000	0.477897	2.507851	2175.888044	-420.000000	0.000000	55.000000	2222.691633	1704.771637	0.000000	0.000000	0	312.989680	129.122855	129.756302	-97.909122	-408.078988	113.018172	-94.067308	-351.036076	45.076157	0.000000	-420.000000	0	59.571959	5.138640	34.069990	121.387237	-95.988215	-379.557532	76.311081	95.988215	40.442468	94.067308	68.963924	28.921012	0	0	0	0	0
mm	5	61.000000	107	2	42	8.000000	25.000000	0.477897	2.507851	2222.789583	-420.000000	0.000000	56.000000	2269.786507	1704.771637	0.000000	0.000000	0	342.287496	100.743502	117.556660	-75.714103	-426.323428	97.785727	-75.130686	-367.090012	45.076157	0.000000	-420.000000	0	62.448601	2.876642	28.379353	107.671194	-75.422394	-396.706720	62.595037	75.422394	23.293280	75.130686	52.909988	10.676572	0	0	0	0	0
mm	5	61.000000	107	2	42	8.000000	25.000000	0.477897	2.507851	2269.884457	-420.000000	0.000000	57.000000	2316.701306	1704.771637	0.000000	0.000000	0	366.145062	78.731346	107.448678	-59.321780	-441.436928	86.116314	-57.919285	-379.725605	45.076157	0.000000	-420.000000	0	65.309449	2.860848	22.012156	96.782496	-58.620532	-410.581267	51.706339	58.620532	9.418733	57.919285	40.274395	4.436928	0	0	0	0	0
mm	5	61.000000	107	2	42	8.000000	25.000000	0.477897	2.507851	2316.804817	-420.000000	0.000000	58.000000	2363.874454	1704.771637	0.000000	0.000000	0	385.237532	61.401899	97.361386	-46.964119	-452.323546	75.526836	-43.775641	-389.032366	45.076157	0.000000	-420.000000	0	67.027513	1.718064	17.329447	86.444111	-45.369880	-420.677956	41.367954	45.369880	0.677956	43.775641	30.967634	15.323546	0	0	0	0	0
mm	5	61.000000	107	2	42	8.000000	25.000000	0.477897	2.507851	2363.977537	-420.000000	0.000000	59.000000	2411.160524	1704.771637	0.000000	0.000000	0	400.201000	47.122957	86.775928	-37.627375	-457.811956	67.020865	-30.826657	-394.259419	45.076157	0.000000	-420.000000	0	66.898709	0.128804	14.278942	76.898396	-34.227016	-426.035688	31.822240	34.227016	6.035688	30.826657	25.740581	20.811956	0	0	0	0	0
mm	5	61.000000	107	2	42	8.000000	25.000000	0.477897	2.507851	2411.260613	-420.000000	0.000000	60.000000	2458.238288	1704.771637	0.000000	0.000000	0	411.466030	36.505918	78.136693	-30.304456	-461.648151	57.763982	-22.991156	-398.286573	45.076157	0.000000	-420.000000	0	66.956861	0.058152	10.617039	67.950338	-26.647806	-429.967362	22.874181	26.647806	9.967362	22.991156	21.713427	24.648151	0	1	0	0	0
mm	5	61.000000	107	2	42	8.000000	25.000000	0.477897	2.507851	2458.336666	-420.000000	0.000000	61.000000	2504.700976	1704.771637	0.000000	0.000000	0	420.089805	28.751554	69.589569	-25.249352	-463.738125	49.848470	-17.405626	-401.351842	45.076157	0.000000	-420.000000	0	65.903592	1.053270	7.754364	59.719020	-21.327489	-432.544984	14.642863	21.327489	12.544984	17.405626	18.648158	26.738125	0	1	0	0	0
mm	5	61.000000	107	2	42	8.000000	25.000000	0.477897	2.507851	2504.798498	-420.000000	0.000000	62.000000	2551.504137	1704.771637	0.000000	0.000000	0	426.088031	23.028467	61.419116	-22.195368	-463.725717	43.616996	-12.989405	-401.998696	45.076157	0.000000	-420.000000	0	64.899079	1.004513	5.723087	52.518056	-17.592387	-432.862206	7.441900	17.592387	12.862206	12.989405	18.001304	26.725717	0	1	0	0	0
mm	5	61.000000	107	2	42	8.000000	25.000000	0.477897	2.507851	2551.606364	-420.000000	0.000000	63.000000	2598.645205	1704.771637	0.000000	0.000000	0	430.877034	19.292826	54.378624	-18.349490	-461.901296	39.315152	-10.465222	-403.515686	45.076157	0.000000	-420.000000	0	60.810766	4.088313	3.735641	46.846888	-14.407356	-432.708491	1.770731	14.407356	12.708491	10.465222	16.484314	24.901296	0	1	0	0	0
mm	5	61.000000	107	2	42	8.000000	25.000000	0.477897	2.507851	2598.747861	-420.000000	0.000000	64.000000	2645.755477	1704.771637	2633.545901	0.000000	0	433.712540	17.614845	49.475794	-16.661045	-459.315748	37.176920	-8.277379	-405.320786	45.076157	0.000000	-420.000000	0	56.008963	4.801802	1.677982	43.326357	-12.469212	-432.318267	1.749800	12.469212	12.318267	8.277379	14.679214	22.315748	0	1	0	1	0
mm	5	61.000000	107	2	42	8.000000	25.000000	0.477897	2.507851	2645.857705	-420.000000	0.000000	65.000000	2692.571898	1704.771637	2633.545901	0.000000	0	435.057350	18.351817	44.112369	-16.547471	-456.025065	36.565720	-8.450700	-409.124236	45.076157	0.000000	-420.000000	0	48.189184	7.819779	0.736973	40.339045	-12.499086	-432.574650	4.737112	12.499086	12.574650	8.450700	10.875764	19.025065	0	1	0	1	0
mm	5	61.000000	107	2	42	8.000000	25.000000	0.477897	2.507851	2692.669849	-420.000000	0.000000	66.000000	2739.733498	1704.771637	2633.545901	0.000000	0	435.294254	19.677287	41.487173	-17.668901	-453.696460	36.866590	-8.793264	-412.936800	45.076157	0.000000	-420.000000	0	41.969948	6.219236	1.325470	39.176882	-13.231082	-433.316630	5.899275	13.231082	13.316630	8.793264	7.063200	16.696460	0	1	0	1	0
mm	5	61.000000	107	2	42	8.000000	25.000000	0.477897	2.507851	2739.831021	-420.000000	0.000000	67.000000	2786.879272	1704.771637	2633.545901	0.000000	0	435.787609	19.603314	39.425989	-17.098439	-451.033564	37.124366	-8.798455	-415.071938	45.076157	0.000000	-420.000000	0	36.978719	4.991229	0.073973	38.275177	-12.948447	-433.052751	6.800979	12.948447	13.052751	8.798455	4.928062	14.033564	0	1	0	1	0
mm	5	61.000000	107	2	42	8.000000	25.000000	0.477897	2.507851	2786.977650	-420.000000	0.000000	68.000000	2834.499827	1704.771637	2633.545901	0.000000	0	436.892006	20.402904	38.859456	-16.607716	-451.826333	35.684062	-8.632908	-416.180639	45.076157	0.000000	-420.000000	0	36.664645	0.314075	0.799591	37.271759	-12.620312	-434.003486	7.804398	12.620312	14.003486	8.632908	3.819361	14.826333	0	1	0	1	0
mm	5	61.000000	107	2	42	8.000000	25.000000	0.477897	2.507851	2834.602910	-420.000000	0.000000	69.000000	2881.385112	1704.771637	2633.545901	0.000000	0	437.903405	21.788009	37.212930	-16.228877	-451.032974	34.339386	-9.228593	-419.047363	45.076157	0.000000	-420.000000	0	32.868533	3.796111	1.385105	35.776158	-12.728735	-435.040168	9.299998	12.728735	15.040168	9.228593	0.952637	14.032974	0	1	0	1	0
mm	5	61.000000	107	2	42	8.000000	25.000000	0.477897	2.507851	2881.539951	-420.000000	0.000000	70.000000	2928.260988	1704.771637	2633.545901	0.000000	0	438.062617	21.867307	35.569784	-16.567198	-447.559993	32.661702	-9.067497	-420.279837	45.076157	0.000000	-420.000000	0	28.441332	4.427201	0.079298	34.115743	-12.817348	-433.919915	10.960414	12.817348	13.919915	9.067497	0.279837	10.559993	0	1	0	1	0
mm	5	61.000000	107	2	42	8.000000	25.000000	0.477897	2.507851	2928.368348	-420.000000	0.000000	71.000000	2975.350301	1704.771637	2633.545901	0.000000	0	438.460905	21.243943	35.227797	-16.529384	-447.027271	31.980134	-7.773534	-419.205226	45.076157	0.000000	-420.000000	0	29.347545	0.906213	0.623364	33.603966	-12.151459	-433.116249	11.472191	12.151459	13.116249	7.773534	0.794774	10.027271	0	1	0	1	0
mm	5	61.000000	107	2	42	8.000000	25.000000	0.477897	2.507851	2975.447823	-420.000000	0.000000	72.000000	3022.475971	1704.771637	2633.545901	0.000000	0	438.787047	19.737822	34.852711	-16.162490	-446.881266	34.199954	-5.724240	-418.300121	45.076157	0.000000	-420.000000	0	30.434602	1.087057	1.506121	34.526332	-10.943365	-432.590694	10.549824	10.943365	12.590694	5.724240	1.699879	9.881266	0	1	0	1	0
mm	5	61.000000	107	2	42	8.000000	25.000000	0.477897	2.507851	3022.573922	-420.000000	0.000000	73.000000	3069.318484	1704.771637	2633.545901	0.000000	0	438.318422	19.460846	35.903292	-16.233943	-446.857038	35.101845	-5.989412	-418.724329	45.076157	0.000000	-420.000000	0	29.950660	0.483942	0.276975	35.502569	-11.111677	-432.790684	9.573588	11.111677	12.790684	5.989412	1.275671	9.857038	0	1	0	1	0
mm	5	61.000000	107	2	42	8.000000	25.000000	0.477897	2.507851	3069.424989	-420.000000	0.000000	74.000000	3116.513874	1704.771637	2633.545901	0.000000	0	438.235898	19.511702	35.723059	-16.216899	-446.824695	35.627163	-6.172108	-419.021772	45.076157	0.000000	-420.000000	0	29.561961	0.388699	0.050856	35.675111	-11.194504	-432.923233	9.401045	11.194504	12.923233	6.172108	0.978228	9.824695	0	1	0	1	0
mm	5	61.000000	107	2	42	8.000000	25.000000	0.477897	2.507851	3116.615674	-420.000000	0.000000	75.000000	3163.281534	1704.771637	2633.545901	0.000000	0	437.981344	19.423761	36.054167	-16.448391	-446.673581	35.629267	-6.243402	-418.882497	45.076157	0.000000	-420.000000	0	29.608558	0.046597	0.087941	35.841717	-11.345896	-432.778039	9.234439	11.345896	12.778039	6.243402	1.117503	9.673581	0	1	0	1	0
mm	5	61.000000	107	2	42	8.000000	25.000000	0.477897	2.507851	3163.383761	-420.000000	0.000000	76.000000	3210.535096	1704.771637	2633.545901	0.000000	0	438.014451	19.392950	36.000582	-16.446189	-446.583940	35.573055	-6.165625	-418.869640	45.076157	0.000000	-420.000000	0	29.562733	0.045825	0.030811	35.786818	-11.305907	-432.726790	9.289338	11.305907	12.726790	6.165625	1.130360	9.583940	0	1	0	1	0
mm	5	61.000000	107	2	42	8.000000	25.000000	0.477897	2.507851	3210.632618	-420.000000	0.000000	77.000000	3257.459305	1704.771637	2633.545901	0.000000	0	438.123542	19.385717	35.992233	-16.467440	-446.536950	35.359611	-5.971874	-418.884373	45.076157	0.000000	-420.000000	0	29.584153	0.021420	0.007233	35.675922	-11.219657	-432.710661	9.400235	11.219657	12.710661	5.971874	1.115627	9.536950	0	1	0	1	0
mm	5	61.000000	107	2	42	8.000000	25.000000	0.477897	2.507851	3257.563671	-420.000000	0.000000	78.000000	3304.774460	1704.771637	2633.545901	0.000000	0	438.137296	19.368557	35.794226	-16.403248	-446.438938	35.423527	-6.005758	-418.856970	45.076157	0.000000	-420.000000	0	29.478979	0.105173	0.017160	35.608877	-11.204503	-432.647954	9.467280	11.204503	12.647954	6.005758	1.143030	9.438938	0	1	0	1	0
mm	5	61.000000	107	2	42	8.000000	25.000000	0.477897	2.507851	3304.877115	-420.000000	0.000000	79.000000	3351.868050	1704.771637	2633.545901	0.000000	0	438.031373	19.391242	35.708214	-16.452488	-446.336331	35.609740	-6.152910	-418.929138	45.076157	0.000000	-420.000000	0	29.278750	0.200229	0.022685	35.658977	-11.302699	-432.632735	9.417180	11.302699	12.632735	6.152910	1.070862	9.336331	0	1	0	1	0
mm	5	61.000000	107	2	42	8.000000	25.000000	0.477897	2.507851	3351.974983	-420.000000	0.000000	80.000000	3398.872245	1704.771637	2633.545901	0.000000	0	437.975858	19.341016	35.855444	-16.498681	-446.317262	35.635145	-6.128224	-418.903024	45.076157	0.000000	-420.000000	0	29.311011	0.032260	0.050226	35.745295	-11.313452	-432.610143	9.330862	11.313452	12.610143	6.128224	1.096976	9.317262	0	1	0	1	0
mm	5	61.000000	107	2	42	8.000000	25.000000	0.477897	2.507851	3398.978750	-420.000000	0.000000	81.000000	3445.879006	1704.771637	2633.545901	0.000000	0	437.900558	19.239548	36.123392	-16.589731	-446.279083	35.715930	-6.017308	-418.904184	45.076157	0.000000	-420.000000	0	29.348377	0.037367	0.101468	35.919661	-11.303520	-432.591633	9.156496	11.303520	12.591633	6.017308	1.095816	9.279083	0	1	0	1	0
mm	5	61.000000	107	2	42	8.000000	25.000000	0.477897	2.507851	3445.982089	-420.000000	0.000000	82.000000	3493.066697	1704.771637	2633.545901	0.000000	0	437.930056	19.210458	36.080067	-16.583587	-446.218460	35.645856	-5.951825	-418.857226	45.076157	0.000000	-420.000000	0	29.357453	0.009076	0.029090	35.862961	-11.267706	-432.537843	9.213195	11.267706	12.537843	5.951825	1.142774	9.218460	0	1	0	1	0
mm	5	61.000000	107	2	42	8.000000	25.000000	0.477897	2.507851	3493.169780	-420.000000	0.000000	83.000000	3539.700905	1704.771637	2633.545901	0.000000	0	438.042490	19.168379	36.005210	-16.573786	-446.177428	35.526579	-5.741874	-418.822461	45.076157	0.000000	-420.000000	0	29.425390	0.067937	0.042078	35.765895	-11.157830	-432.499945	9.310262	11.157830	12.499945	5.741874	1.177539	9.177428	0	1	0	1	0
mm	5	61.000000	107	2	42	8.000000	25.000000	0.477897	2.507851	3539.798855	-420.000000	0.000000	84.000000	3587.119143	1704.771637	2633.545901	0.000000	0	438.037631	19.092886	36.213753	-16.587486	-446.160204	35.408132	-5.643076	-418.751210	45.076157	0.000000	-420.000000	0	29.524263	0.098872	0.075493	35.810942	-11.115281	-432.455707	9.265214	11.115281	12.455707	5.643076	1.248790	9.160204	0	1	0	1	0
mm	5	61.000000	107	2	42	8.000000	25.000000	0.477897	2.507851	3587.217521	-420.000000	0.000000	85.000000	3634.319239	1704.771637	2633.545901	0.000000	0	438.020021	19.154002	35.978387	-16.568208	-446.129349	35.593136	-5.765719	-418.839694	45.076157	0.000000	-420.000000	0	29.352470	0.171793	0.061116	35.785761	-11.166964	-432.484521	9.290395	11.166964	12.484521	5.765719	1.160306	9.129349	0	1	0	1	0
mm	5	61.000000	107	2	42	8.000000	25.000000	0.477897	2.507851	3634.422322	-420.000000	0.000000	86.000000	3681.018461	1704.771637	2633.545901	0.000000	0	437.980337	19.094464	36.224809	-16.623736	-446.099125	35.501100	-5.696103	-418.814458	45.076157	0.000000	-420.000000	0	29.400509	0.048040	0.059538	35.862955	-11.159920	-432.456791	9.213202	11.159920	12.456791	5.696103	1.185542	9.099125	0	1	0	1	0
mm	5	61.000000	107	2	42	8.000000	25.000000	0.477897	2.507851	3681.120261	-420.000000	0.000000	87.000000	3728.133011	1704.771637	2633.545901	0.000000	0	437.943295	19.132948	36.133701	-16.612220	-446.068122	35.554469	-5.817196	-418.837210	45.076157	0.000000	-420.000000	0	29.298305	0.102205	0.038485	35.844085	-11.214708	-432.452666	9.232072	11.214708	12.452666	5.817196	1.162790	9.068122	0	1	0	1	0
mm	5	61.000000	107	2	42	8.000000	25.000000	0.477897	2.507851	3728.232244	-420.000000	0.000000	88.000000	3775.371602	1704.771637	2633.545901	0.000000	0	438.062460	19.038497	36.194190	-16.546400	-445.996336	35.478884	-5.576013	-418.882853	45.076157	0.000000	-420.000000	0	29.257512	0.040792	0.094451	35.836537	-11.061206	-432.439595	9.239620	11.061206	12.439595	5.576013	1.117147	8.996336	0	1	0	1	0
mm	5	61.000000	107	2	42	8.000000	25.000000	0.477897	2.507851	3775.469980	-420.000000	0.000000	89.000000	3822.679913	1704.771637	2633.545901	0.000000	0	438.014997	19.062977	36.155727	-16.576168	-446.003033	35.558418	-5.650566	-418.888624	45.076157	0.000000	-420.000000	0	29.238959	0.018553	0.024479	35.857072	-11.113367	-432.445828	9.219084	11.113367	12.445828	5.650566	1.111376	9.003033	0	1	0	1	0
mm	5	61.000000	107	2	42	8.000000	25.000000	0.477897	2.507851	3822.782996	-420.000000	0.000000	90.000000	3869.573753	1704.771637	2633.545901	0.000000	0	437.959606	19.059821	36.322254	-16.621107	-445.999722	35.529749	-5.682998	-418.914784	45.076157	0.000000	-420.000000	0	29.220954	0.018005	0.003156	35.926002	-11.152052	-432.457253	9.150155	11.152052	12.457253	5.682998	1.085216	8.999722	0	1	0	1	0
mm	5	61.000000	107	2	42	8.000000	25.000000	0.477897	2.507851	3869.678975	-420.000000	0.000000	91.000000	3904.914584	1704.771637	2633.545901	3904.909452	0	438.033854	19.061684	  36.287489  -16.529115 -446.008882	  35.484141   -5.658698 -418.955946	45.076157	0.000000	-420.000000	0	29.166294	0.054660	0.001864	0
