subjName	sessionNR	IOD	trialN	textureType	texnum	visualAngle	simulatedDepth	light_intensity	ambient_intensity	time	displayDistance	isRotated	frameN	timTote	startTime	touchTime	endTime	fingersOccluded	distanceToHome	distanceToObject	indexXraw	indexYraw	indexZraw	thumbXraw	thumbYraw	thumbZraw	targetX	targetY	targetZ	failCause	gripAperture	gripApertureVel	distFromObjVel	gripOriginX	gripOriginY	gripOriginZ	distFromObjX	distFromObjY	distFromObjZ	y_dist_thm	z_dist_thm	z_dist_ind	handOnObj	handnearObj	handfarObj	handTouchObj	framesOccluded
mm	5	61.000000	55	1	13	8.000000	45.000000	0.731608	1.780429	931.729029	-420.000000	0.000000	30.000000	979.441546	0.000000	0.000000	0.000000	0	4.671889	438.410151	228.685453	-353.271042	-249.115647	229.351391	-360.066477	-237.862544	45.076157	0.000000	-420.000000	0	13.162588	0.008932	0.022018	229.018422	-356.668760	-243.489096	183.942266	356.668760	176.510904	360.066477	182.137456	207.884353	0	0	1	0	0
mm	5	61.000000	55	1	13	8.000000	45.000000	0.731608	1.780429	979.652417	-420.000000	0.000000	31.000000	1026.009455	0.000000	0.000000	0.000000	0	4.629384	438.389742	228.594925	-353.266251	-249.122484	229.351536	-360.069748	-237.859837	45.076157	0.000000	-420.000000	0	13.179805	0.017217	0.020409	228.973230	-356.668000	-243.491160	183.897074	356.668000	176.508840	360.069748	182.140163	207.877516	0	0	1	0	0
mm	5	61.000000	55	1	13	8.000000	45.000000	0.731608	1.780429	1026.118527	-420.000000	0.000000	32.000000	1073.167633	0.000000	0.000000	0.000000	0	4.700415	438.431968	228.711660	-353.269763	-249.111915	229.390295	-360.075070	-237.840535	45.076157	0.000000	-420.000000	0	13.183958	0.004154	0.042225	229.050978	-356.672416	-243.476225	183.974821	356.672416	176.523775	360.075070	182.159465	207.888085	0	0	1	0	0
mm	5	61.000000	55	1	13	8.000000	45.000000	0.731608	1.780429	1073.268578	-420.000000	0.000000	33.000000	1120.435310	0.000000	0.000000	0.000000	0	4.693441	438.424859	228.619583	-353.254536	-249.117287	229.464599	-360.073842	-237.818708	45.076157	0.000000	-420.000000	0	13.224026	0.040068	0.007109	229.042091	-356.664189	-243.467997	183.965934	356.664189	176.532003	360.073842	182.181292	207.882713	0	0	1	0	0
mm	5	61.000000	55	1	13	8.000000	45.000000	0.731608	1.780429	1120.533688	-420.000000	0.000000	34.000000	1167.477573	0.000000	0.000000	0.000000	0	4.643220	438.378273	228.661263	-353.265022	-249.131375	229.305282	-360.081303	-237.949719	45.076157	0.000000	-420.000000	0	13.111287	0.112739	0.046585	228.983272	-356.673162	-243.540547	183.907116	356.673162	176.459453	360.081303	182.050281	207.868625	0	0	1	0	0
mm	5	61.000000	55	1	13	8.000000	45.000000	0.731608	1.780429	1167.575523	-420.000000	0.000000	35.000000	1214.419319	0.000000	0.000000	0.000000	0	4.686196	438.421558	228.729260	-353.290586	-249.132296	229.342702	-360.093074	-237.919072	45.076157	0.000000	-420.000000	0	13.129606	0.018319	0.043285	229.035981	-356.691830	-243.525684	183.959824	356.691830	176.474316	360.093074	182.080928	207.867704	0	0	1	0	0
mm	5	61.000000	55	1	13	8.000000	45.000000	0.731608	1.780429	1214.526679	-420.000000	0.000000	36.000000	1261.265253	0.000000	0.000000	0.000000	0	4.670029	438.412015	228.576412	-353.256561	-249.134902	229.459366	-360.107082	-237.885710	45.076157	0.000000	-420.000000	0	13.200514	0.070907	0.009543	229.017889	-356.681821	-243.510306	183.941732	356.681821	176.489694	360.107082	182.114290	207.865098	0	0	1	0	0
mm	5	61.000000	55	1	13	8.000000	45.000000	0.731608	1.780429	1261.361921	-420.000000	0.000000	37.000000	1308.751073	0.000000	0.000000	0.000000	0	4.707937	438.423831	228.559411	-353.230521	-249.136621	229.552045	-360.106592	-237.850556	45.076157	0.000000	-420.000000	0	13.252960	0.052446	0.011816	229.055728	-356.668557	-243.493589	183.979571	356.668557	176.506411	360.106592	182.149444	207.863379	0	0	1	0	0
mm	5	61.000000	55	1	13	8.000000	45.000000	0.731608	1.780429	1308.848596	-420.000000	0.000000	38.000000	1355.789914	0.000000	0.000000	0.000000	0	4.714894	438.438661	228.651613	-353.255273	-249.126127	229.482569	-360.118620	-237.885387	45.076157	0.000000	-420.000000	0	13.196600	0.056359	0.014831	229.067091	-356.686947	-243.505757	183.990935	356.686947	176.494243	360.118620	182.114613	207.873873	0	0	1	0	0
mm	5	61.000000	55	1	13	8.000000	45.000000	0.731608	1.780429	1356.069222	-420.000000	0.000000	39.000000	1402.740642	0.000000	0.000000	0.000000	0	4.679030	438.424530	228.553756	-353.268719	-249.171980	229.507210	-360.132818	-237.889293	45.076157	0.000000	-420.000000	0	13.240996	0.044395	0.014131	229.030483	-356.700768	-243.530636	183.954326	356.700768	176.469364	360.132818	182.110707	207.828020	0	0	1	0	0
mm	5	61.000000	55	1	13	8.000000	45.000000	0.731608	1.780429	1402.844153	-420.000000	0.000000	40.000000	1450.050665	0.000000	0.000000	0.000000	0	4.539315	438.273982	228.329083	-353.160695	-249.242305	229.381076	-360.125490	-237.968265	45.076157	0.000000	-420.000000	0	13.293571	0.052575	0.150548	228.855080	-356.643092	-243.605285	183.778923	356.643092	176.394715	360.125490	182.031735	207.757695	0	0	1	0	0
mm	5	61.000000	55	1	13	8.000000	45.000000	0.731608	1.780429	1450.148615	-420.000000	0.000000	41.000000	1496.788811	0.000000	0.000000	0.000000	0	4.203314	437.886760	227.649387	-352.861017	-249.373151	229.161228	-360.033413	-238.032919	45.076157	0.000000	-420.000000	0	13.502954	0.209384	0.387222	228.405308	-356.447215	-243.703035	183.329151	356.447215	176.296965	360.033413	181.967081	207.626849	0	0	1	0	0
mm	5	61.000000	55	1	13	8.000000	45.000000	0.731608	1.780429	1496.885050	-420.000000	0.000000	42.000000	1544.326814	0.000000	0.000000	0.000000	0	4.714780	437.960494	228.396477	-352.845810	-249.506732	229.401963	-359.754625	-237.967349	45.076157	0.000000	-420.000000	0	13.487033	0.015921	0.073734	228.899220	-356.300217	-243.737041	183.823063	356.300217	176.262959	359.754625	182.032651	207.493268	0	0	1	0	0
mm	5	61.000000	55	1	13	8.000000	45.000000	0.731608	1.780429	1544.428614	-420.000000	0.000000	43.000000	1591.499962	0.000000	0.000000	0.000000	0	4.550182	436.596213	227.465503	-352.298282	-249.966209	228.568938	-358.515239	-238.836664	45.076157	0.000000	-420.000000	0	12.795894	0.691140	1.364280	228.017221	-355.406760	-244.401437	182.941064	355.406760	175.598563	358.515239	181.163336	207.033791	0	0	1	0	0
mm	5	61.000000	55	1	13	8.000000	45.000000	0.731608	1.780429	1591.609034	-420.000000	0.000000	44.000000	1638.436575	1627.056797	0.000000	0.000000	0	9.106875	431.101939	226.773938	-347.696290	-250.239230	227.312155	-351.366777	-240.105854	45.076157	0.000000	-420.000000	0	10.791083	2.004811	5.494274	227.043046	-349.531534	-245.172542	181.966890	349.531534	174.827458	351.366777	179.894146	206.760770	0	0	1	0	0
mm	5	61.000000	55	1	13	8.000000	45.000000	0.731608	1.780429	1638.564895	-420.000000	0.000000	45.000000	1698.019906	1627.056797	0.000000	0.000000	0	25.102142	418.699182	231.976314	-330.774117	-253.684818	226.203833	-336.302874	-238.752496	45.076157	0.000000	-420.000000	0	16.937028	6.145945	12.402757	229.090073	-333.538496	-246.218657	184.013917	333.538496	173.781343	336.302874	181.247504	203.315182	0	0	1	0	0
mm	5	61.000000	55	1	13	8.000000	45.000000	0.731608	1.780429	1698.120850	-420.000000	0.000000	46.000000	1745.059602	1627.056797	0.000000	0.000000	0	38.328366	406.425667	230.089993	-320.088755	-255.311054	222.390473	-319.732645	-238.171734	45.076157	0.000000	-420.000000	0	18.792704	1.855676	12.273514	226.240233	-319.910700	-246.741394	181.164077	319.910700	173.258606	319.732645	181.828266	201.688946	0	0	1	0	0
mm	5	61.000000	55	1	13	8.000000	45.000000	0.731608	1.780429	1776.544440	-420.000000	0.000000	47.000000	1827.496590	1627.056797	0.000000	0.000000	0	70.060681	371.650354	215.502653	-295.776667	-272.669010	204.060050	-286.748543	-243.835834	45.076157	0.000000	-420.000000	0	32.307773	13.515070	34.775314	209.781351	-291.262605	-258.252422	164.705195	291.262605	161.747578	286.748543	176.164166	184.330990	0	0	1	0	0
mm	5	61.000000	55	1	13	8.000000	45.000000	0.731608	1.780429	1827.597962	-420.000000	0.000000	48.000000	1874.617983	1627.056797	0.000000	0.000000	0	99.567795	341.364889	204.396893	-271.788511	-288.182466	191.343551	-260.444963	-252.713250	45.076157	0.000000	-420.000000	0	39.460500	7.152727	30.285465	197.870222	-266.116737	-270.447858	152.794065	266.116737	149.552142	260.444963	167.286750	168.817534	0	0	1	0	0
mm	5	61.000000	55	1	13	8.000000	45.000000	0.731608	1.780429	1874.821583	-420.000000	0.000000	49.000000	1921.529788	1627.056797	0.000000	0.000000	0	137.562292	303.492087	192.474894	-238.096816	-307.565172	178.081174	-228.613305	-264.134277	45.076157	0.000000	-420.000000	0	46.726425	7.265925	37.872801	185.278034	-233.355060	-285.849724	140.201878	233.355060	134.150276	228.613305	155.865723	149.434828	0	0	1	0	0
mm	5	61.000000	55	1	13	8.000000	45.000000	0.731608	1.780429	1921.633299	-420.000000	0.000000	50.000000	1968.150736	1627.056797	0.000000	0.000000	0	178.833701	262.068576	177.781688	-202.279947	-328.551170	162.215427	-195.699181	-279.263684	45.076157	0.000000	-420.000000	0	52.104427	5.378002	41.423511	169.998558	-198.989564	-303.907427	124.922401	198.989564	116.092573	195.699181	140.736316	128.448830	0	0	1	0	0
mm	5	61.000000	55	1	13	8.000000	45.000000	0.731608	1.780429	1968.248686	-420.000000	0.000000	51.000000	2015.149798	1627.056797	0.000000	0.000000	0	219.782804	220.621129	162.761848	-168.772355	-352.786535	145.369243	-164.935377	-297.954036	45.076157	0.000000	-420.000000	0	57.652650	5.548224	41.447447	154.065546	-166.853866	-325.370285	108.989389	166.853866	94.629715	164.935377	122.045964	104.213465	0	0	0	0	0
mm	5	61.000000	55	1	13	8.000000	45.000000	0.731608	1.780429	2015.248176	-420.000000	0.000000	52.000000	2061.977340	1627.056797	0.000000	0.000000	0	260.339669	180.178672	149.362289	-137.188918	-378.285844	129.821959	-134.212998	-318.657023	45.076157	0.000000	-420.000000	0	62.819400	5.166749	40.442457	139.592124	-135.700958	-348.471434	94.515968	135.700958	71.528566	134.212998	101.342977	78.714156	0	0	0	0	0
mm	5	61.000000	55	1	13	8.000000	45.000000	0.731608	1.780429	2062.075290	-420.000000	0.000000	53.000000	2109.264265	1627.056797	0.000000	0.000000	0	297.656679	143.453836	136.028464	-109.249752	-402.750579	114.978230	-106.838128	-338.517921	45.076157	0.000000	-420.000000	0	67.636992	4.817592	36.724836	125.503347	-108.043940	-370.634250	80.427190	108.043940	49.365750	106.838128	81.482079	54.249421	0	0	0	0	0
mm	5	61.000000	55	1	13	8.000000	45.000000	0.731608	1.780429	2109.361359	-420.000000	0.000000	54.000000	2156.310377	1627.056797	0.000000	0.000000	0	329.847672	112.037810	122.647652	-84.905997	-421.732260	100.531121	-84.301553	-355.956835	45.076157	0.000000	-420.000000	0	69.396778	1.759786	31.416027	111.589386	-84.603775	-388.844547	66.513230	84.603775	31.155453	84.301553	64.043165	35.267740	0	0	0	0	0
mm	5	61.000000	55	1	13	8.000000	45.000000	0.731608	1.780429	2156.408755	-420.000000	0.000000	55.000000	2203.312005	1627.056797	0.000000	0.000000	0	357.699585	85.370428	110.451166	-64.054035	-438.483476	86.571418	-65.338970	-370.073946	45.076157	0.000000	-420.000000	0	72.469009	3.072231	26.667381	98.511292	-64.696502	-404.278711	53.435136	64.696502	15.721289	65.338970	49.926054	18.516524	0	0	0	0	0
mm	5	61.000000	55	1	13	8.000000	45.000000	0.731608	1.780429	2203.408672	-420.000000	0.000000	56.000000	2250.619033	1627.056797	0.000000	0.000000	0	379.535203	64.762110	98.544968	-48.733705	-450.412972	73.820194	-51.039025	-381.651465	45.076157	0.000000	-420.000000	0	73.107960	0.638951	20.608319	86.182581	-49.886365	-416.032218	41.106424	49.886365	3.967782	51.039025	38.348535	6.587028	0	0	0	0	0
mm	5	61.000000	55	1	13	8.000000	45.000000	0.731608	1.780429	2250.715701	-420.000000	0.000000	57.000000	2297.566768	1627.056797	0.000000	0.000000	0	397.842181	47.455852	87.677241	-35.893402	-458.391684	63.186461	-36.747791	-388.362263	45.076157	0.000000	-420.000000	0	74.193316	1.085356	17.306258	75.431851	-36.320597	-423.376973	30.355695	36.320597	3.376973	36.747791	31.637737	1.391684	0	0	0	0	0
mm	5	61.000000	55	1	13	8.000000	45.000000	0.731608	1.780429	2297.663435	-420.000000	0.000000	58.000000	2344.496110	1627.056797	0.000000	0.000000	0	411.877451	33.467278	77.448876	-25.691368	-462.404958	52.822339	-25.999932	-391.691780	45.076157	0.000000	-420.000000	0	74.879336	0.686021	13.988574	65.135608	-25.845650	-427.048369	20.059451	25.845650	7.048369	25.999932	28.308220	5.404958	0	1	0	0	0
mm	5	61.000000	55	1	13	8.000000	45.000000	0.731608	1.780429	2344.626995	-420.000000	0.000000	59.000000	2391.496027	1627.056797	0.000000	0.000000	0	423.079893	22.105942	67.944276	-17.746429	-464.333288	44.466652	-16.453916	-392.683795	45.076157	0.000000	-420.000000	0	75.409013	0.529677	11.361337	56.205464	-17.100173	-428.508541	11.129307	17.100173	8.508541	16.453916	27.316205	7.333288	0	1	0	0	0
mm	5	61.000000	55	1	13	8.000000	45.000000	0.731608	1.780429	2391.596544	-420.000000	0.000000	60.000000	2438.333407	1627.056797	0.000000	0.000000	0	430.439308	16.032325	59.700386	-13.347231	-465.062557	36.570915	-11.738701	-393.947855	45.076157	0.000000	-420.000000	0	74.798801	0.610211	6.073617	48.135651	-12.542966	-429.505206	3.059494	12.542966	9.505206	11.738701	26.052145	8.062557	0	1	0	0	0
mm	5	61.000000	55	1	13	8.000000	45.000000	0.731608	1.780429	2438.430502	-420.000000	0.000000	61.000000	2485.929153	1627.056797	0.000000	0.000000	0	435.636220	14.899486	53.774722	-10.930493	-465.956129	31.502242	-8.504300	-396.100583	45.076157	0.000000	-420.000000	0	73.360392	1.438410	1.132839	42.638482	-9.717397	-431.028356	2.437675	9.717397	11.028356	8.504300	23.899417	8.956129	0	1	0	0	0
mm	5	61.000000	55	1	13	8.000000	45.000000	0.731608	1.780429	2486.026676	-420.000000	0.000000	62.000000	2532.244274	1627.056797	0.000000	0.000000	0	439.355488	17.913874	49.214652	-10.437224	-467.459446	28.294261	-7.252475	-401.015919	45.076157	0.000000	-420.000000	0	69.731970	3.628421	3.014388	38.754456	-8.844850	-434.237683	6.321700	8.844850	14.237683	7.252475	18.984081	10.459446	0	1	0	0	0
mm	5	61.000000	55	1	13	8.000000	45.000000	0.731608	1.780429	2532.346929	-420.000000	0.000000	63.000000	2579.307923	1627.056797	0.000000	0.000000	0	441.092515	20.602831	46.771865	-10.694492	-468.501342	26.271902	-7.403574	-404.326456	45.076157	0.000000	-420.000000	0	67.449941	2.282030	2.688958	36.521883	-9.049033	-436.413899	8.554273	9.049033	16.413899	7.403574	15.673544	11.501342	0	1	0	0	0
mm	5	61.000000	55	1	13	8.000000	45.000000	0.731608	1.780429	2579.411434	-420.000000	0.000000	64.000000	2626.946015	1627.056797	2615.221913	0.000000	0	441.632191	24.327661	45.315394	-11.702309	-469.332565	26.797454	-9.498902	-410.572656	45.076157	0.000000	-420.000000	0	61.648164	5.801777	3.724830	36.056424	-10.600606	-439.952611	9.019733	10.600606	19.952611	9.498902	9.427344	12.332565	0	1	0	1	0
mm	5	61.000000	55	1	13	8.000000	45.000000	0.731608	1.780429	2627.043110	-420.000000	0.000000	65.000000	2673.570385	1627.056797	2615.221913	0.000000	0	441.263429	26.072302	44.912900	-13.849764	-467.655002	31.893698	-8.710659	-417.422474	45.076157	0.000000	-420.000000	0	52.146112	9.502052	1.744641	38.403299	-11.280211	-442.538738	6.672858	11.280211	22.538738	8.710659	2.577526	10.655002	0	1	0	1	0
mm	5	61.000000	55	1	13	8.000000	45.000000	0.731608	1.780429	2673.668335	-420.000000	0.000000	66.000000	2720.095949	1627.056797	2615.221913	0.000000	0	441.209946	26.118363	45.286040	-14.602939	-466.480157	36.506260	-6.557586	-420.541305	45.076157	0.000000	-420.000000	0	47.457247	4.688864	0.046061	40.896150	-10.580262	-443.510731	4.180007	10.580262	23.510731	6.557586	0.541305	9.480157	0	1	0	1	0
mm	5	61.000000	55	1	13	8.000000	45.000000	0.731608	1.780429	2720.193043	-420.000000	0.000000	67.000000	2767.160453	1627.056797	2615.221913	0.000000	0	440.647083	26.902791	45.714605	-14.759895	-465.864965	37.759319	-7.748217	-422.548097	45.076157	0.000000	-420.000000	0	44.595978	2.861269	0.784428	41.736962	-11.254056	-444.206531	3.339195	11.254056	24.206531	7.748217	2.548097	8.864965	0	1	0	1	0
mm	5	61.000000	55	1	13	8.000000	45.000000	0.731608	1.780429	2767.258404	-420.000000	0.000000	68.000000	2814.579119	1627.056797	2615.221913	0.000000	0	440.687549	26.323054	46.477532	-14.859221	-465.308480	39.056946	-6.232986	-422.706175	45.076157	0.000000	-420.000000	0	44.095730	0.500248	0.579737	42.767239	-10.546103	-444.007328	2.308917	10.546103	24.007328	6.232986	2.706175	8.308480	0	1	0	1	0
mm	5	61.000000	55	1	13	8.000000	45.000000	0.731608	1.780429	2814.677925	-420.000000	0.000000	69.000000	2861.641913	1627.056797	2615.221913	0.000000	0	440.690409	25.452747	47.176639	-14.816631	-464.935020	40.580126	-4.537531	-422.086751	45.076157	0.000000	-420.000000	0	44.555000	0.459270	0.870308	43.878382	-9.677081	-443.510886	1.197774	9.677081	23.510886	4.537531	2.086751	7.935020	1	1	0	1	0
mm	5	61.000000	55	1	13	8.000000	45.000000	0.731608	1.780429	2861.869038	-420.000000	0.000000	70.000000	2908.653379	1627.056797	2615.221913	0.000000	0	441.040829	24.798661	47.317080	-14.427089	-464.621432	41.458290	-3.135872	-421.741708	45.076157	0.000000	-420.000000	0	44.726812	0.171812	0.654086	44.387685	-8.781481	-443.181570	0.688472	8.781481	23.181570	3.135872	1.741708	7.621432	1	1	0	1	0
mm	5	61.000000	55	1	13	8.000000	45.000000	0.731608	1.780429	2908.755607	-420.000000	0.000000	71.000000	2955.567751	1627.056797	2615.221913	0.000000	0	441.126669	24.922944	47.477192	-14.228013	-464.515808	41.710830	-3.111640	-422.206983	45.076157	0.000000	-420.000000	0	44.123251	0.603561	0.124283	44.594011	-8.669826	-443.361395	0.482146	8.669826	23.361395	3.111640	2.206983	7.515808	1	1	0	1	0
mm	5	61.000000	55	1	13	8.000000	45.000000	0.731608	1.780429	2955.664418	-420.000000	0.000000	72.000000	3002.720368	1627.056797	2615.221913	0.000000	0	440.977169	24.805417	47.652506	-14.296500	-464.360761	41.724095	-3.157214	-422.071997	45.076157	0.000000	-420.000000	0	44.131274	0.008022	0.117527	44.688301	-8.726857	-443.216379	0.387856	8.726857	23.216379	3.157214	2.071997	7.360761	1	1	0	1	0
mm	5	61.000000	55	1	13	8.000000	45.000000	0.731608	1.780429	3002.817891	-420.000000	0.000000	73.000000	3049.810537	1627.056797	2615.221913	0.000000	0	440.701200	24.945053	47.643436	-14.747011	-464.267621	41.740540	-3.415608	-422.192595	45.076157	0.000000	-420.000000	0	43.972181	0.159093	0.139636	44.691988	-9.081310	-443.230108	0.384169	9.081310	23.230108	3.415608	2.192595	7.267621	1	1	0	1	0
mm	5	61.000000	55	1	13	8.000000	45.000000	0.731608	1.780429	3049.907632	-420.000000	0.000000	74.000000	3096.918670	1627.056797	2615.221913	0.000000	0	440.507392	25.106897	47.566577	-15.177826	-464.266932	41.690898	-3.598494	-422.295650	45.076157	0.000000	-420.000000	0	43.933962	0.038218	0.161844	44.628737	-9.388160	-443.281291	0.447419	9.388160	23.281291	3.598494	2.295650	7.266932	1	1	0	1	0
mm	5	61.000000	55	1	13	8.000000	45.000000	0.731608	1.780429	3097.021325	-420.000000	0.000000	75.000000	3143.746212	1627.056797	2615.221913	0.000000	0	440.560936	25.063765	47.368880	-15.123577	-464.258414	41.651556	-3.596441	-422.228670	45.076157	0.000000	-420.000000	0	43.955227	0.021265	0.043132	44.510218	-9.360009	-443.243542	0.565938	9.360009	23.243542	3.596441	2.228670	7.258414	1	1	0	1	0
mm	5	61.000000	55	1	13	8.000000	45.000000	0.731608	1.780429	3143.844590	-420.000000	0.000000	76.000000	3190.860761	1627.056797	2615.221913	0.000000	0	440.541287	25.058118	47.328342	-15.138998	-464.218016	41.645693	-3.634574	-422.234128	45.076157	0.000000	-420.000000	0	43.900925	0.054303	0.005647	44.487018	-9.386786	-443.226072	0.589139	9.386786	23.226072	3.634574	2.234128	7.218016	1	1	0	1	0
mm	5	61.000000	55	1	13	8.000000	45.000000	0.731608	1.780429	3190.964700	-420.000000	0.000000	77.000000	3238.035621	1627.056797	2615.221913	0.000000	0	440.535802	24.969914	47.411003	-15.049845	-464.062750	41.676167	-3.600107	-422.251731	45.076157	0.000000	-420.000000	0	43.728094	0.172831	0.088204	44.543585	-9.324976	-443.157241	0.532571	9.324976	23.157241	3.600107	2.251731	7.062750	1	1	0	1	0
mm	5	61.000000	55	1	13	8.000000	45.000000	0.731608	1.780429	3238.137848	-420.000000	0.000000	78.000000	3285.172412	1627.056797	2615.221913	0.000000	0	440.365839	24.984650	47.445924	-15.172637	-464.027818	41.747353	-3.796985	-422.190843	45.076157	0.000000	-420.000000	0	43.728842	0.000748	0.014736	44.596638	-9.484811	-443.109330	0.479518	9.484811	23.109330	3.796985	2.190843	7.027818	1	1	0	1	0
mm	5	61.000000	55	1	13	8.000000	45.000000	0.731608	1.780429	3285.274640	-420.000000	0.000000	79.000000	3332.147521	1627.056797	2615.221913	0.000000	0	440.420007	24.908626	47.420404	-15.113316	-463.934732	41.699374	-3.699078	-422.182362	45.076157	0.000000	-420.000000	0	43.660914	0.067928	0.076024	44.559889	-9.406197	-443.058547	0.516267	9.406197	23.058547	3.699078	2.182362	6.934732	1	1	0	1	0
mm	5	61.000000	55	1	13	8.000000	45.000000	0.731608	1.780429	3332.281828	-420.000000	0.000000	80.000000	3379.222291	1627.056797	2615.221913	0.000000	0	440.366840	24.973103	47.317337	-15.135229	-463.993314	41.811662	-3.846965	-422.193834	45.076157	0.000000	-420.000000	0	43.645548	0.015366	0.064477	44.564500	-9.491097	-443.093574	0.511657	9.491097	23.093574	3.846965	2.193834	6.993314	1	1	0	1	0
mm	5	61.000000	55	1	13	8.000000	45.000000	0.731608	1.780429	3379.324091	-420.000000	0.000000	81.000000	3426.290218	1627.056797	2615.221913	0.000000	0	440.524951	24.842735	47.316073	-15.019327	-463.906094	41.681643	-3.561550	-422.159771	45.076157	0.000000	-420.000000	0	43.655274	0.009725	0.130368	44.498858	-9.290439	-443.032932	0.577299	9.290439	23.032932	3.561550	2.159771	6.906094	1	1	0	1	0
mm	5	61.000000	55	1	13	8.000000	45.000000	0.731608	1.780429	3426.386885	-420.000000	0.000000	82.000000	3473.425298	1627.056797	2615.221913	0.000000	0	440.635128	24.856711	47.207740	-14.923460	-464.007643	41.726129	-3.471194	-422.161355	45.076157	0.000000	-420.000000	0	43.730015	0.074741	0.013976	44.466934	-9.197327	-443.084499	0.609222	9.197327	23.084499	3.471194	2.161355	7.007643	1	1	0	1	0
mm	5	61.000000	55	1	13	8.000000	45.000000	0.731608	1.780429	3473.522821	-420.000000	0.000000	83.000000	3520.401263	1627.056797	2615.221913	0.000000	0	440.607710	24.818388	47.375115	-14.749580	-463.863955	41.850688	-3.543418	-422.269734	45.076157	0.000000	-420.000000	0	43.430135	0.299880	0.038323	44.612902	-9.146499	-443.066845	0.463255	9.146499	23.066845	3.543418	2.269734	6.863955	1	1	0	1	0
mm	5	61.000000	55	1	13	8.000000	45.000000	0.731608	1.780429	3520.498785	-420.000000	0.000000	84.000000	3567.608630	1627.056797	2615.221913	0.000000	0	440.585012	24.781710	47.304835	-14.691817	-463.768982	41.826819	-3.649625	-422.264509	45.076157	0.000000	-420.000000	0	43.296189	0.133947	0.036677	44.565827	-9.170721	-443.016746	0.510330	9.170721	23.016746	3.649625	2.264509	6.768982	1	1	0	1	0
mm	5	61.000000	55	1	13	8.000000	45.000000	0.731608	1.780429	3567.706152	-420.000000	0.000000	85.000000	3614.589727	1627.056797	2615.221913	0.000000	0	440.478312	24.654345	47.652582	-14.782108	-463.569510	42.163680	-3.368100	-422.275924	45.076157	0.000000	-420.000000	0	43.192220	0.103969	0.127366	44.908131	-9.075104	-442.922717	0.168026	9.075104	22.922717	3.368100	2.275924	6.569510	1	1	0	1	0
mm	5	61.000000	55	1	13	8.000000	45.000000	0.731608	1.780429	3614.688105	-420.000000	0.000000	86.000000	3661.568686	1627.056797	2615.221913	0.000000	0	440.342946	24.628002	47.869786	-14.836987	-463.491807	42.404652	-3.373574	-422.274059	45.076157	0.000000	-420.000000	0	43.129808	0.062412	0.026343	45.137219	-9.105280	-442.882933	0.061063	9.105280	22.882933	3.373574	2.274059	6.491807	1	1	0	1	0
mm	5	61.000000	55	1	13	8.000000	45.000000	0.731608	1.780429	3661.666208	-420.000000	0.000000	87.000000	3708.734563	1627.056797	2615.221913	0.000000	0	440.356475	24.499938	48.041765	-14.777461	-463.322364	42.318863	-3.240422	-422.244076	45.076157	0.000000	-420.000000	0	43.049746	0.080062	0.128064	45.180314	-9.008941	-442.783220	0.104158	9.008941	22.783220	3.240422	2.244076	6.322364	1	1	0	1	0
mm	5	61.000000	55	1	13	8.000000	45.000000	0.731608	1.780429	3708.832513	-420.000000	0.000000	88.000000	3755.823020	1627.056797	2615.221913	0.000000	0	440.577105	24.553903	47.834229	-14.559494	-463.369433	42.495548	-3.070520	-422.464263	45.076157	0.000000	-420.000000	0	42.822085	0.227661	0.053965	45.164889	-8.815007	-442.916848	0.088732	8.815007	22.916848	3.070520	2.464263	6.369433	1	1	0	1	0
mm	5	61.000000	55	1	13	8.000000	45.000000	0.731608	1.780429	3783.522440	-420.000000	0.000000	89.000000	3826.402027	1627.056797	2615.221913	0.000000	0	440.684687	24.623078	47.570094	-14.729791	-463.501880	42.248333	-2.962338	-422.455285	45.076157	0.000000	-420.000000	0	43.030420	0.208335	0.069175	44.909214	-8.846064	-442.978582	0.166943	8.846064	22.978582	2.962338	2.455285	6.501880	1	1	0	1	0
mm	5	61.000000	55	1	13	8.000000	45.000000	0.731608	1.780429	3826.559432	-420.000000	0.000000	90.000000	3873.640618	1627.056797	2615.221913	0.000000	0	440.407454	24.705259	47.864797	-14.909058	-463.332070	42.412088	-3.245409	-422.622246	45.076157	0.000000	-420.000000	0	42.697337	0.333083	0.082181	45.138443	-9.077233	-442.977158	0.062286	9.077233	22.977158	3.245409	2.622246	6.332070	1	1	0	1	0
mm	5	61.000000	55	1	13	8.000000	45.000000	0.731608	1.780429	3873.742846	-420.000000	0.000000	91.000000	3920.634975	1627.056797	2615.221913	0.000000	0	440.260081	24.895958	47.683893	-15.120648	-463.477294	42.478417	-3.576119	-422.671007	45.076157	0.000000	-420.000000	0	42.726176	0.028839	0.190699	45.081155	-9.348384	-443.074150	0.004998	9.348384	23.074150	3.576119	2.671007	6.477294	1	1	0	1	0
mm	5	61.000000	55	1	13	8.000000	45.000000	0.731608	1.780429	3920.738914	-420.000000	0.000000	92.000000	3967.438992	1627.056797	2615.221913	0.000000	0	440.220014	24.896562	47.678864	-15.034334	-463.402685	42.559638	-3.713263	-422.726216	45.076157	0.000000	-420.000000	0	42.531732	0.194444	0.000604	45.119251	-9.373798	-443.064450	0.043094	9.373798	23.064450	3.713263	2.726216	6.402685	1	1	0	1	0
mm	5	61.000000	55	1	13	8.000000	45.000000	0.731608	1.780429	3967.537370	-420.000000	0.000000	93.000000	4014.823439	1627.056797	2615.221913	0.000000	0	440.289423	24.810160	47.776910	-15.090073	-463.389278	42.383408	-3.461176	-422.632752	45.076157	0.000000	-420.000000	0	42.724882	0.193150	0.086403	45.080159	-9.275624	-443.011015	0.004002	9.275624	23.011015	3.461176	2.632752	6.389278	1	1	0	1	0
mm	5	61.000000	55	1	13	8.000000	45.000000	0.731608	1.780429	4014.922673	-420.000000	0.000000	94.000000	4049.723280	1627.056797	2615.221913	4049.719002	0	440.402320	24.785810	  47.585364  -14.955955 -463.439874	  42.349775   -3.433087 -422.594259	45.076157	0.000000	-420.000000	0	42.761574	0.036691	0.024350	0
