subjName	sessionNR	IOD	trialN	textureType	texnum	visualAngle	simulatedDepth	light_intensity	ambient_intensity	time	displayDistance	isRotated	frameN	timTote	startTime	touchTime	endTime	fingersOccluded	distanceToHome	distanceToObject	indexXraw	indexYraw	indexZraw	thumbXraw	thumbYraw	thumbZraw	targetX	targetY	targetZ	failCause	gripAperture	gripApertureVel	distFromObjVel	gripOriginX	gripOriginY	gripOriginZ	distFromObjX	distFromObjY	distFromObjZ	y_dist_thm	z_dist_thm	z_dist_ind	handOnObj	handnearObj	handfarObj	handTouchObj	framesOccluded
hl	2	65.500000	81	3	31	8.000000	45.000000	0.212961	3.229499	886.824678	-420.000000	0.000000	30.000000	933.735226	0.000000	0.000000	0.000000	0	8.109363	429.656725	218.770651	-352.859791	-247.807894	221.523219	-351.592525	-246.346867	45.105789	0.000000	-420.000000	0	3.364104	0.172673	0.050278	220.146935	-352.226158	-247.077380	175.041146	352.226158	172.922620	351.592525	173.653133	209.192106	0	0	1	0	0
hl	2	65.500000	81	3	31	8.000000	45.000000	0.212961	3.229499	934.069281	-420.000000	0.000000	31.000000	980.806172	0.000000	0.000000	0.000000	0	8.105970	429.694963	218.685102	-352.906080	-247.837505	221.578759	-351.650559	-246.309365	45.105789	0.000000	-420.000000	0	3.504967	0.140863	0.038238	220.131930	-352.278319	-247.073435	175.026141	352.278319	172.926565	351.650559	173.690635	209.162495	0	0	1	0	0
hl	2	65.500000	81	3	31	8.000000	45.000000	0.212961	3.229499	981.131244	-420.000000	0.000000	32.000000	1027.942132	0.000000	0.000000	0.000000	0	8.120217	429.710667	218.677813	-352.913927	-247.827433	221.574391	-351.669403	-246.283971	45.105789	0.000000	-420.000000	0	3.510169	0.005202	0.015704	220.126102	-352.291665	-247.055702	175.020313	352.291665	172.944298	351.669403	173.716029	209.172567	0	0	1	0	0
hl	2	65.500000	81	3	31	8.000000	45.000000	0.212961	3.229499	1028.163267	-420.000000	0.000000	33.000000	1075.218815	0.000000	0.000000	0.000000	0	8.224083	429.570853	218.422560	-352.916977	-247.908814	221.340682	-351.594903	-246.257243	45.105789	0.000000	-420.000000	0	3.604303	0.094135	0.139814	219.881621	-352.255940	-247.083029	174.775831	352.255940	172.916971	351.594903	173.742757	209.091186	0	0	1	0	0
hl	2	65.500000	81	3	31	8.000000	45.000000	0.212961	3.229499	1075.430112	-420.000000	0.000000	34.000000	1121.798730	0.000000	0.000000	0.000000	0	8.272275	429.643599	218.418474	-352.980323	-247.896906	221.273094	-351.685471	-246.148842	45.105789	0.000000	-420.000000	0	3.589043	0.015260	0.072747	219.845784	-352.332897	-247.022874	174.739995	352.332897	172.977126	351.685471	173.851158	209.103094	0	0	1	0	0
hl	2	65.500000	81	3	31	8.000000	45.000000	0.212961	3.229499	1122.010455	-420.000000	0.000000	35.000000	1169.266606	0.000000	0.000000	0.000000	0	8.527399	429.577755	218.581946	-353.136287	-247.757309	220.543164	-351.517879	-246.020159	45.105789	0.000000	-420.000000	0	3.079498	0.509544	0.065845	219.562555	-352.327083	-246.888734	174.456766	352.327083	173.111266	351.517879	173.979841	209.242691	0	0	1	0	0
hl	2	65.500000	81	3	31	8.000000	45.000000	0.212961	3.229499	1169.477903	-420.000000	0.000000	36.000000	1216.358938	0.000000	0.000000	0.000000	0	8.711204	429.171520	218.135055	-352.773102	-247.730694	220.990972	-350.837476	-245.940509	45.105789	0.000000	-420.000000	0	3.886859	0.807360	0.406235	219.563014	-351.805289	-246.835602	174.457224	351.805289	173.164398	350.837476	174.059491	209.269306	0	0	1	0	0
hl	2	65.500000	81	3	31	8.000000	45.000000	0.212961	3.229499	1216.568952	-420.000000	0.000000	37.000000	1264.305014	0.000000	0.000000	0.000000	0	10.046152	425.629138	218.167374	-350.176514	-250.043596	219.563406	-346.384725	-245.466204	45.105789	0.000000	-420.000000	0	6.105661	2.218802	3.542382	218.865390	-348.280619	-247.754900	173.759601	348.280619	172.245100	346.384725	174.533796	206.956404	0	0	1	0	0
hl	2	65.500000	81	3	31	8.000000	45.000000	0.212961	3.229499	1264.517167	-420.000000	0.000000	38.000000	1311.502139	1300.079258	0.000000	0.000000	0	20.493631	413.567741	218.899948	-338.257119	-255.807743	215.623011	-332.563733	-244.189079	45.105789	0.000000	-420.000000	0	13.347146	7.241486	12.061398	217.261480	-335.410426	-249.998411	172.155691	335.410426	170.001589	332.563733	175.810921	201.192257	0	0	1	0	0
hl	2	65.500000	81	3	31	8.000000	45.000000	0.212961	3.229499	1311.870412	-420.000000	0.000000	39.000000	1357.351924	1300.079258	0.000000	0.000000	1	20.493631	413.567741	218.899948	-338.257119	-255.807743	215.623011	-332.563733	-244.189079	45.105789	0.000000	-420.000000	0	13.347146	0.000000	0.000000	217.261480	-335.410426	-249.998411	172.155691	335.410426	170.001589	332.563733	175.810921	201.192257	0	0	1	0	1
hl	2	65.500000	81	3	31	8.000000	45.000000	0.212961	3.229499	1357.586746	-420.000000	0.000000	40.000000	1404.839904	1300.079258	0.000000	0.000000	1	20.493631	413.567741	218.899948	-338.257119	-255.807743	215.623011	-332.563733	-244.189079	45.105789	0.000000	-420.000000	0	13.347146	0.000000	0.000000	217.261480	-335.410426	-249.998411	172.155691	335.410426	170.001589	332.563733	175.810921	201.192257	0	0	1	0	2
hl	2	65.500000	81	3	31	8.000000	45.000000	0.212961	3.229499	1414.579251	-420.000000	0.000000	41.000000	1463.261873	1300.079258	0.000000	0.000000	1	20.493631	413.567741	218.899948	-338.257119	-255.807743	215.623011	-332.563733	-244.189079	45.105789	0.000000	-420.000000	0	13.347146	0.000000	0.000000	217.261480	-335.410426	-249.998411	172.155691	335.410426	170.001589	332.563733	175.810921	201.192257	0	0	1	0	3
hl	2	65.500000	81	3	31	8.000000	45.000000	0.212961	3.229499	1463.477875	-420.000000	0.000000	42.000000	1510.520591	1300.079258	0.000000	0.000000	1	20.493631	413.567741	218.899948	-338.257119	-255.807743	215.623011	-332.563733	-244.189079	45.105789	0.000000	-420.000000	0	13.347146	0.000000	0.000000	217.261480	-335.410426	-249.998411	172.155691	335.410426	170.001589	332.563733	175.810921	201.192257	0	0	1	0	4
hl	2	65.500000	81	3	31	8.000000	45.000000	0.212961	3.229499	1510.742581	-420.000000	0.000000	43.000000	1557.821654	1300.079258	0.000000	0.000000	1	20.493631	413.567741	218.899948	-338.257119	-255.807743	215.623011	-332.563733	-244.189079	45.105789	0.000000	-420.000000	0	13.347146	0.000000	0.000000	217.261480	-335.410426	-249.998411	172.155691	335.410426	170.001589	332.563733	175.810921	201.192257	0	0	1	0	5
hl	2	65.500000	81	3	31	8.000000	45.000000	0.212961	3.229499	1558.082995	-420.000000	0.000000	44.000000	1604.625698	1300.079258	0.000000	0.000000	1	20.493631	413.567741	218.899948	-338.257119	-255.807743	215.623011	-332.563733	-244.189079	45.105789	0.000000	-420.000000	0	13.347146	0.000000	0.000000	217.261480	-335.410426	-249.998411	172.155691	335.410426	170.001589	332.563733	175.810921	201.192257	0	0	1	0	6
hl	2	65.500000	81	3	31	8.000000	45.000000	0.212961	3.229499	1604.842128	-420.000000	0.000000	45.000000	1652.153029	1300.079258	0.000000	0.000000	0	238.417636	213.276569	147.260104	-124.401467	-313.465227	121.563163	-145.818224	-248.997816	45.105789	0.000000	-420.000000	0	72.629590	59.282444	200.291172	134.411634	-135.109846	-281.231522	89.305845	135.109846	138.768478	145.818224	171.002184	143.534773	0	0	0	0	6
hl	2	65.500000	81	3	31	8.000000	45.000000	0.212961	3.229499	1652.369886	-420.000000	0.000000	46.000000	1699.282146	1300.079258	0.000000	0.000000	0	268.331514	185.250335	138.085033	-96.396946	-326.940898	108.404792	-120.747643	-256.746629	45.105789	0.000000	-420.000000	0	80.006929	7.377339	28.026234	123.244912	-108.572294	-291.843764	78.139123	108.572294	128.156236	120.747643	163.253371	130.059102	0	0	0	0	6
hl	2	65.500000	81	3	31	8.000000	45.000000	0.212961	3.229499	1699.499859	-420.000000	0.000000	47.000000	1746.201676	1300.079258	0.000000	0.000000	0	294.118879	159.179676	129.225429	-74.052840	-342.471762	96.630331	-99.714342	-267.836489	45.105789	0.000000	-420.000000	0	85.389561	5.382632	26.070658	112.927880	-86.883591	-305.154125	67.822091	86.883591	114.845875	99.714342	152.163511	114.528238	0	0	0	0	6
hl	2	65.500000	81	3	31	8.000000	45.000000	0.212961	3.229499	1746.469433	-420.000000	0.000000	48.000000	1792.850455	1300.079258	0.000000	0.000000	0	316.675512	134.054187	121.242924	-55.692195	-359.446431	86.066476	-82.908614	-283.170651	45.105789	0.000000	-420.000000	0	88.295586	2.906025	25.125489	103.654700	-69.300405	-321.308541	58.548911	69.300405	98.691459	82.908614	136.829349	97.553569	0	0	0	0	6
hl	2	65.500000	81	3	31	8.000000	45.000000	0.212961	3.229499	1793.200764	-420.000000	0.000000	49.000000	1839.975722	1300.079258	0.000000	0.000000	0	336.536460	111.296889	114.356458	-41.756841	-376.699160	77.090155	-67.451490	-297.852969	45.105789	0.000000	-420.000000	0	90.915973	2.620387	22.757298	95.723307	-54.604166	-337.276065	50.617518	54.604166	82.723935	67.451490	122.147031	80.300840	0	0	0	0	6
hl	2	65.500000	81	3	31	8.000000	45.000000	0.212961	3.229499	1840.195574	-420.000000	0.000000	50.000000	1886.688233	1300.079258	0.000000	0.000000	0	353.410507	90.662196	106.849760	-32.306809	-394.538933	68.488182	-55.091624	-311.321025	45.105789	0.000000	-420.000000	0	94.424460	3.508487	20.634693	87.668971	-43.699217	-352.929979	42.563182	43.699217	67.070021	55.091624	108.678975	62.461067	0	0	0	0	6
hl	2	65.500000	81	3	31	8.000000	45.000000	0.212961	3.229499	1886.902524	-420.000000	0.000000	51.000000	1934.348587	1300.079258	0.000000	0.000000	0	368.223686	72.642222	100.001050	-24.643161	-409.278128	61.647815	-44.371573	-324.697108	45.105789	0.000000	-420.000000	0	94.942771	0.518311	18.019973	80.824432	-34.507367	-366.987618	35.718643	34.507367	53.012382	44.371573	95.302892	47.721872	0	0	0	0	6
hl	2	65.500000	81	3	31	8.000000	45.000000	0.212961	3.229499	1934.576565	-420.000000	0.000000	52.000000	1981.377615	1300.079258	0.000000	0.000000	0	380.717754	56.843024	95.045204	-18.960416	-423.702297	56.735222	-35.856268	-338.010248	45.105789	0.000000	-420.000000	0	95.374271	0.431500	15.799199	75.890213	-27.408342	-380.856273	30.784424	27.408342	39.143727	35.856268	81.989752	33.297703	0	0	0	0	6
hl	2	65.500000	81	3	31	8.000000	45.000000	0.212961	3.229499	1981.589340	-420.000000	0.000000	53.000000	2028.551643	1300.079258	0.000000	0.000000	0	390.170756	44.091671	90.437547	-16.916489	-437.023019	52.005891	-30.171807	-349.771465	45.105789	0.000000	-420.000000	0	96.257619	0.883348	12.751353	71.221719	-23.544148	-393.397242	26.115930	23.544148	26.602758	30.171807	70.228535	19.976981	0	0	0	0	6
hl	2	65.500000	81	3	31	8.000000	45.000000	0.212961	3.229499	2028.846775	-420.000000	0.000000	54.000000	2075.713267	1300.079258	0.000000	0.000000	0	397.506562	34.623966	86.437343	-15.762055	-447.878036	48.172722	-27.054130	-360.644597	45.105789	0.000000	-420.000000	0	95.923746	0.333873	9.467705	67.305033	-21.408093	-404.261316	22.199244	21.408093	15.738684	27.054130	59.355403	9.121964	0	0	0	0	6
hl	2	65.500000	81	3	31	8.000000	45.000000	0.212961	3.229499	2076.019520	-420.000000	0.000000	55.000000	2122.854360	1300.079258	0.000000	0.000000	0	402.616296	29.038251	82.841544	-16.968210	-457.432153	44.656467	-25.728973	-369.936439	45.105789	0.000000	-420.000000	0	95.866319	0.057428	5.585715	63.749006	-21.348592	-413.684296	18.643216	21.348592	6.315704	25.728973	50.063561	0.432153	0	0	0	0	6
hl	2	65.500000	81	3	31	8.000000	45.000000	0.212961	3.229499	2123.066941	-420.000000	0.000000	56.000000	2169.938993	1300.079258	0.000000	0.000000	0	407.465985	26.596214	79.858973	-17.299946	-465.156778	43.380569	-24.143942	-379.424930	45.105789	0.000000	-420.000000	0	93.420897	2.445421	2.442037	61.619771	-20.721944	-422.290854	16.513982	20.721944	2.290854	24.143942	40.575070	8.156778	0	0	0	0	6
hl	2	65.500000	81	3	31	8.000000	45.000000	0.212961	3.229499	2170.152429	-420.000000	0.000000	57.000000	2216.590339	1300.079258	0.000000	0.000000	0	411.216246	26.725968	77.622349	-17.338646	-469.831898	43.191114	-22.791914	-387.779807	45.105789	0.000000	-420.000000	0	89.150399	4.270498	0.129754	60.406732	-20.065280	-428.805853	15.300942	20.065280	8.805853	22.791914	32.220193	12.831898	0	0	0	0	6
hl	2	65.500000	81	3	31	8.000000	45.000000	0.212961	3.229499	2216.802919	-420.000000	0.000000	58.000000	2263.807995	1300.079258	0.000000	0.000000	0	415.014639	27.234564	75.533112	-15.787116	-472.499468	44.267067	-20.726748	-395.034843	45.105789	0.000000	-420.000000	0	83.682338	5.468062	0.508596	59.900089	-18.256932	-433.767156	14.794300	18.256932	13.767156	20.726748	24.965157	15.499468	0	1	0	0	6
hl	2	65.500000	81	3	31	8.000000	45.000000	0.212961	3.229499	2264.075752	-420.000000	0.000000	59.000000	2310.915298	1300.079258	0.000000	0.000000	0	418.324469	28.466686	73.301495	-14.347197	-475.320575	44.637941	-19.627987	-400.987298	45.105789	0.000000	-420.000000	0	79.843109	3.839228	1.232122	58.969718	-16.987592	-438.153936	13.863929	16.987592	18.153936	19.627987	19.012702	18.320575	0	1	0	0	6
hl	2	65.500000	81	3	31	8.000000	45.000000	0.212961	3.229499	2311.137288	-420.000000	0.000000	60.000000	2357.929356	1300.079258	0.000000	0.000000	0	420.752044	30.814763	72.192796	-13.930185	-477.387901	46.605977	-17.997290	-406.902133	45.105789	0.000000	-420.000000	0	75.096406	4.746704	2.348077	59.399386	-15.963737	-442.145017	14.293597	15.963737	22.145017	17.997290	13.097867	20.387901	0	1	0	0	6
hl	2	65.500000	81	3	31	8.000000	45.000000	0.212961	3.229499	2358.141508	-420.000000	0.000000	61.000000	2404.585834	1300.079258	0.000000	0.000000	0	423.216480	30.787790	69.603762	-12.924499	-477.685478	47.471020	-15.524808	-409.859840	45.105789	0.000000	-420.000000	0	71.392836	3.703570	0.026973	58.537391	-14.224653	-443.772659	13.431602	14.224653	23.772659	15.524808	10.140160	20.685478	0	1	0	0	6
hl	2	65.500000	81	3	31	8.000000	45.000000	0.212961	3.229499	2404.797987	-420.000000	0.000000	62.000000	2451.584922	1300.079258	0.000000	0.000000	0	424.304771	32.450521	68.429030	-13.225698	-478.890511	48.581977	-15.005638	-413.041439	45.105789	0.000000	-420.000000	0	68.798067	2.594769	1.662731	58.505504	-14.115668	-445.965975	13.399715	14.115668	25.965975	15.005638	6.958561	21.890511	0	1	0	0	6
hl	2	65.500000	81	3	31	8.000000	45.000000	0.212961	3.229499	2451.797502	-420.000000	0.000000	63.000000	2498.404792	1300.079258	2487.060612	0.000000	0	425.788983	31.908525	66.092292	-12.919969	-478.875623	48.791411	-13.123220	-413.903676	45.105789	0.000000	-420.000000	0	67.236268	1.561799	0.541996	57.441852	-13.021595	-446.389649	12.336062	13.021595	26.389649	13.123220	6.096324	21.875623	0	1	0	1	6
hl	2	65.500000	81	3	31	8.000000	45.000000	0.212961	3.229499	2498.618655	-420.000000	0.000000	64.000000	2545.907742	1300.079258	2487.060612	0.000000	0	426.578605	30.934159	63.085550	-13.061457	-478.556957	48.525875	-12.297624	-413.660400	45.105789	0.000000	-420.000000	0	66.514139	0.722129	0.974366	55.805712	-12.679541	-446.108679	10.699923	12.679541	26.108679	12.297624	6.339600	21.556957	0	1	0	1	6
hl	2	65.500000	81	3	31	8.000000	45.000000	0.212961	3.229499	2546.131443	-420.000000	0.000000	65.000000	2592.886726	1300.079258	2487.060612	0.000000	0	427.064077	32.011043	60.646754	-13.964325	-479.323450	47.333339	-13.556212	-415.683164	45.105789	0.000000	-420.000000	0	65.019225	1.494914	1.076884	53.990046	-13.760269	-447.503307	8.884257	13.760269	27.503307	13.556212	4.316836	22.323450	0	1	0	1	6
hl	2	65.500000	81	3	31	8.000000	45.000000	0.212961	3.229499	2593.099734	-420.000000	0.000000	66.000000	2639.924309	1300.079258	2487.060612	0.000000	0	427.892995	30.672778	56.791675	-14.351695	-477.779057	46.538288	-12.586982	-415.751242	45.105789	0.000000	-420.000000	0	62.894324	2.124901	1.338265	51.664982	-13.469338	-446.765150	6.559192	13.469338	26.765150	12.586982	4.248758	20.779057	0	1	0	1	6
hl	2	65.500000	81	3	31	8.000000	45.000000	0.212961	3.229499	2640.159559	-420.000000	0.000000	67.000000	2686.824164	1300.079258	2487.060612	0.000000	0	428.502045	30.146313	52.980447	-14.103218	-475.296356	45.085302	-13.654655	-417.647135	45.105789	0.000000	-420.000000	0	58.189065	4.705259	0.526465	49.032874	-13.878936	-446.471746	3.927085	13.878936	26.471746	13.654655	2.352865	18.296356	0	1	0	1	6
hl	2	65.500000	81	3	31	8.000000	45.000000	0.212961	3.229499	2687.040167	-420.000000	0.000000	68.000000	2734.443029	1300.079258	2487.060612	0.000000	0	429.299113	29.637826	51.185292	-13.126902	-472.749415	45.258787	-13.312963	-419.935425	45.105789	0.000000	-420.000000	0	53.145796	5.043269	0.508487	48.222039	-13.219933	-446.342420	3.116250	13.219933	26.342420	13.312963	0.064575	15.749415	0	1	0	1	6
hl	2	65.500000	81	3	31	8.000000	45.000000	0.212961	3.229499	2734.657320	-420.000000	0.000000	69.000000	2781.211144	1300.079258	2487.060612	0.000000	0	430.094662	27.379311	48.670251	-11.449838	-469.251322	45.501569	-12.220015	-419.968199	45.105789	0.000000	-420.000000	0	49.390889	3.754907	2.258515	47.085910	-11.834926	-444.609761	1.980121	11.834926	24.609761	12.220015	0.031801	12.251322	0	1	0	1	6
hl	2	65.500000	81	3	31	8.000000	45.000000	0.212961	3.229499	2781.581128	-420.000000	0.000000	70.000000	2827.853079	1300.079258	2487.060612	0.000000	0	430.605262	25.603451	46.591326	-10.439072	-465.798802	44.753489	-11.714494	-420.354009	45.105789	0.000000	-420.000000	0	45.499819	3.891070	1.775860	45.672407	-11.076783	-443.076406	0.566618	11.076783	23.076406	11.714494	0.354009	8.798802	0	1	0	1	6
hl	2	65.500000	81	3	31	8.000000	45.000000	0.212961	3.229499	2828.069509	-420.000000	0.000000	71.000000	2874.865426	1300.079258	2487.060612	0.000000	0	430.824344	24.476421	46.764556	-10.328642	-464.752307	45.711504	-9.815210	-419.806396	45.105789	0.000000	-420.000000	0	44.961178	0.538642	1.127030	46.238030	-10.071926	-442.279351	1.132241	10.071926	22.279351	9.815210	0.193604	7.752307	0	1	0	1	6
hl	2	65.500000	81	3	31	8.000000	45.000000	0.212961	3.229499	2875.089983	-420.000000	0.000000	72.000000	2921.621993	1300.079258	2487.060612	0.000000	0	430.912260	24.743485	46.687775	-10.347234	-464.275431	45.467669	-10.017038	-420.785395	45.105789	0.000000	-420.000000	0	43.508400	1.452778	0.267064	46.077722	-10.182136	-442.530413	0.971933	10.182136	22.530413	10.017038	0.785395	7.275431	0	1	0	1	6
hl	2	65.500000	81	3	31	8.000000	45.000000	0.212961	3.229499	2921.837995	-420.000000	0.000000	73.000000	2969.108262	1300.079258	2487.060612	0.000000	0	431.375496	26.543171	46.250734	-10.204730	-464.502356	45.035772	-11.344882	-424.001442	45.105789	0.000000	-420.000000	0	40.535171	2.973229	1.799686	45.643253	-10.774806	-444.251899	0.537464	10.774806	24.251899	11.344882	4.001442	7.502356	0	1	0	1	6
hl	2	65.500000	81	3	31	8.000000	45.000000	0.212961	3.229499	2969.322553	-420.000000	0.000000	74.000000	3016.003412	1300.079258	2487.060612	0.000000	0	431.524968	27.657813	46.417965	-10.593324	-464.383589	45.477822	-11.480997	-426.308681	45.105789	0.000000	-420.000000	0	38.096856	2.438315	1.114642	45.947893	-11.037160	-445.346135	0.842104	11.037160	25.346135	11.480997	6.308681	7.383589	0	1	0	1	6
hl	2	65.500000	81	3	31	8.000000	45.000000	0.212961	3.229499	3016.233101	-420.000000	0.000000	75.000000	3063.134239	1300.079258	2487.060612	0.000000	0	431.837249	28.616345	46.246935	-10.504589	-464.166899	45.732809	-11.841175	-428.493534	45.105789	0.000000	-420.000000	0	35.702097	2.394759	0.958532	45.989872	-11.172882	-446.330216	0.884082	11.172882	26.330216	11.841175	8.493534	7.166899	0	1	0	1	6
hl	2	65.500000	81	3	31	8.000000	45.000000	0.212961	3.229499	3063.352808	-420.000000	0.000000	76.000000	3110.304418	1300.079258	2487.060612	0.000000	0	432.259654	29.159763	46.200962	-10.416792	-464.085365	45.813324	-11.588026	-429.893384	45.105789	0.000000	-420.000000	0	34.214232	1.487866	0.543419	46.007143	-11.002409	-446.989375	0.901354	11.002409	26.989375	11.588026	9.893384	7.085365	0	1	0	1	6
hl	2	65.500000	81	3	31	8.000000	45.000000	0.212961	3.229499	3110.534107	-420.000000	0.000000	77.000000	3157.162783	1300.079258	2487.060612	0.000000	0	432.660685	30.112809	46.183563	-10.456302	-464.046334	46.209976	-11.502509	-431.990928	45.105789	0.000000	-420.000000	0	32.072485	2.141747	0.953046	46.196770	-10.979406	-448.018631	1.090981	10.979406	28.018631	11.502509	11.990928	7.046334	0	1	0	1	6
hl	2	65.500000	81	3	31	8.000000	45.000000	0.212961	3.229499	3157.378358	-420.000000	0.000000	78.000000	3204.576766	1300.079258	2487.060612	0.000000	0	433.014576	29.614597	46.451239	-10.332755	-463.882815	46.767114	-10.027621	-431.655566	45.105789	0.000000	-420.000000	0	32.230242	0.157757	0.498212	46.609176	-10.180188	-447.769191	1.503387	10.180188	27.769191	10.027621	11.655566	6.882815	0	1	0	1	6
hl	2	65.500000	81	3	31	8.000000	45.000000	0.212961	3.229499	3204.797473	-420.000000	0.000000	79.000000	3251.349158	1300.079258	2487.060612	0.000000	0	433.869643	26.609927	46.666496	-8.819050	-463.954707	45.419812	-7.273811	-426.739060	45.105789	0.000000	-420.000000	0	37.268570	5.038329	3.004670	46.043154	-8.046431	-445.346883	0.937364	8.046431	25.346883	7.273811	6.739060	6.954707	1	1	0	1	6
hl	2	65.500000	81	3	31	8.000000	45.000000	0.212961	3.229499	3251.598096	-420.000000	0.000000	80.000000	3298.583496	1300.079258	2487.060612	0.000000	0	433.921418	25.430250	47.365153	-8.233941	-464.429966	45.364701	-6.289360	-424.247775	45.105789	0.000000	-420.000000	0	40.278923	3.010353	1.179677	46.364927	-7.261650	-444.338871	1.259138	7.261650	24.338871	6.289360	4.247775	7.429966	1	1	0	1	6
hl	2	65.500000	81	3	31	8.000000	45.000000	0.212961	3.229499	3298.800354	-420.000000	0.000000	81.000000	3345.706197	1300.079258	2487.060612	0.000000	0	434.678808	24.662701	47.579947	-7.735549	-463.878865	47.694267	-3.147649	-423.963804	45.105789	0.000000	-420.000000	0	40.178029	0.100894	0.767549	47.637107	-5.441599	-443.921335	2.531318	5.441599	23.921335	3.147649	3.963804	6.878865	1	1	0	1	6
hl	2	65.500000	81	3	31	8.000000	45.000000	0.212961	3.229499	3345.929470	-420.000000	0.000000	82.000000	3392.422985	1300.079258	2487.060612	0.000000	0	435.308325	25.100132	47.522614	-7.359448	-463.551703	48.844311	-2.000038	-425.382725	45.105789	0.000000	-420.000000	0	38.566060	1.611969	0.437431	48.183463	-4.679743	-444.467214	3.077673	4.679743	24.467214	2.000038	5.382725	6.551703	1	1	0	1	6
hl	2	65.500000	81	3	31	8.000000	45.000000	0.212961	3.229499	3392.635993	-420.000000	0.000000	83.000000	3439.817292	1300.079258	2487.060612	0.000000	0	435.751635	25.086429	47.423872	-7.264871	-463.631858	48.151104	-1.485829	-425.480003	45.105789	0.000000	-420.000000	0	38.593914	0.027854	0.013703	47.787488	-4.375350	-444.555931	2.681699	4.375350	24.555931	1.485829	5.480003	6.631858	1	1	0	1	6
hl	2	65.500000	81	3	31	8.000000	45.000000	0.212961	3.229499	3440.032011	-420.000000	0.000000	84.000000	3486.624330	1300.079258	2487.060612	0.000000	0	435.850889	25.153510	47.412652	-7.174698	-463.586529	48.202563	-1.397936	-425.689297	45.105789	0.000000	-420.000000	0	38.343124	0.250790	0.067081	47.807607	-4.286317	-444.637913	2.701818	4.286317	24.637913	1.397936	5.689297	6.586529	1	1	0	1	6
hl	2	65.500000	81	3	31	8.000000	45.000000	0.212961	3.229499	3486.837766	-420.000000	0.000000	85.000000	3533.971160	1300.079258	2487.060612	0.000000	0	436.030002	25.094357	47.273542	-6.915374	-463.369393	48.267761	-1.226939	-425.866811	45.105789	0.000000	-420.000000	0	37.944570	0.398554	0.059153	47.770652	-4.071156	-444.618102	2.664862	4.071156	24.618102	1.226939	5.866811	6.369393	1	1	0	1	6
hl	2	65.500000	81	3	31	8.000000	45.000000	0.212961	3.229499	3534.183740	-420.000000	0.000000	86.000000	3580.712756	1300.079258	2487.060612	0.000000	0	436.008035	25.213414	47.423343	-6.975268	-463.342875	48.409404	-1.187942	-426.100320	45.105789	0.000000	-420.000000	0	37.702432	0.242138	0.119057	47.916374	-4.081605	-444.721597	2.810585	4.081605	24.721597	1.187942	6.100320	6.342875	1	1	0	1	6
hl	2	65.500000	81	3	31	8.000000	45.000000	0.212961	3.229499	3580.925764	-420.000000	0.000000	87.000000	3627.894483	1300.079258	2487.060612	0.000000	0	436.209848	25.318651	47.134167	-6.779821	-463.435104	48.630809	-1.064156	-426.281777	45.105789	0.000000	-420.000000	0	37.620187	0.082245	0.105237	47.882488	-3.921988	-444.858440	2.776699	3.921988	24.858440	1.064156	6.281777	6.435104	1	1	0	1	6
hl	2	65.500000	81	3	31	8.000000	45.000000	0.212961	3.229499	3628.107064	-420.000000	0.000000	88.000000	3675.214366	1300.079258	2487.060612	0.000000	0	436.270610	25.219490	47.173087	-6.807527	-463.420797	48.403445	-0.893386	-426.137288	45.105789	0.000000	-420.000000	0	37.769709	0.149522	0.099162	47.788266	-3.850456	-444.779043	2.682477	3.850456	24.779043	0.893386	6.137288	6.420797	1	1	0	1	6
hl	2	65.500000	81	3	31	8.000000	45.000000	0.212961	3.229499	3675.426947	-420.000000	0.000000	89.000000	3722.100534	1300.079258	2487.060612	0.000000	0	436.177956	25.185560	47.450449	-6.936249	-463.353256	48.381831	-0.809900	-426.100303	45.105789	0.000000	-420.000000	0	37.764827	0.004882	0.033930	47.916140	-3.873075	-444.726780	2.810351	3.873075	24.726780	0.809900	6.100303	6.353256	1	1	0	1	6
hl	2	65.500000	81	3	31	8.000000	45.000000	0.212961	3.229499	3722.377273	-420.000000	0.000000	90.000000	3769.502113	1300.079258	2487.060612	0.000000	0	436.120830	25.283497	47.513263	-7.042856	-463.374290	48.471198	-0.855151	-426.237364	45.105789	0.000000	-420.000000	0	37.661076	0.103752	0.097937	47.992230	-3.949003	-444.805827	2.886441	3.949003	24.805827	0.855151	6.237364	6.374290	1	1	0	1	6
hl	2	65.500000	81	3	31	8.000000	45.000000	0.212961	3.229499	3769.718970	-420.000000	0.000000	91.000000	3816.303163	1300.079258	2487.060612	0.000000	0	436.118313	25.303456	47.504731	-7.013972	-463.347970	48.548387	-0.874453	-426.297863	45.105789	0.000000	-420.000000	0	37.569846	0.091229	0.019959	48.026559	-3.944213	-444.822917	2.920770	3.944213	24.822917	0.874453	6.297863	6.347970	1	1	0	1	6
hl	2	65.500000	81	3	31	8.000000	45.000000	0.212961	3.229499	3816.516171	-420.000000	0.000000	92.000000	3863.481896	1300.079258	2487.060612	0.000000	0	436.153755	25.151829	47.510844	-7.011631	-463.238502	48.301873	-0.765710	-426.143663	45.105789	0.000000	-420.000000	0	37.625314	0.055468	0.151627	47.906358	-3.888671	-444.691083	2.800569	3.888671	24.691083	0.765710	6.143663	6.238502	1	1	0	1	6
hl	2	65.500000	81	3	31	8.000000	45.000000	0.212961	3.229499	3863.694904	-420.000000	0.000000	93.000000	3910.328285	1300.079258	2487.060612	0.000000	0	436.110427	25.328456	47.447168	-7.114962	-463.378982	48.495101	-0.874731	-426.314545	45.105789	0.000000	-420.000000	0	37.600680	0.024634	0.176627	47.971134	-3.994846	-444.846764	2.865345	3.994846	24.846764	0.874731	6.314545	6.378982	1	1	0	1	6
hl	2	65.500000	81	3	31	8.000000	45.000000	0.212961	3.229499	3910.541293	-420.000000	0.000000	94.000000	3957.614377	1300.079258	2487.060612	0.000000	0	436.258948	25.259488	47.242910	-6.926639	-463.379448	48.351106	-0.832856	-426.249038	45.105789	0.000000	-420.000000	0	37.643454	0.042774	0.068968	47.797008	-3.879747	-444.814243	2.691219	3.879747	24.814243	0.832856	6.249038	6.379448	1	1	0	1	6
hl	2	65.500000	81	3	31	8.000000	45.000000	0.212961	3.229499	3957.826958	-420.000000	0.000000	95.000000	4004.486430	1300.079258	2487.060612	0.000000	0	436.283547	25.260872	47.251313	-6.914698	-463.324105	48.398316	-0.760954	-426.314172	45.105789	0.000000	-420.000000	0	37.535575	0.107880	0.001384	47.824814	-3.837826	-444.819139	2.719025	3.837826	24.819139	0.760954	6.314172	6.324105	1	1	0	1	6
hl	2	65.500000	81	3	31	8.000000	45.000000	0.212961	3.229499	4004.699011	-420.000000	0.000000	96.000000	4051.711358	1300.079258	2487.060612	0.000000	0	436.293434	25.320421	47.138700	-6.848898	-463.359368	48.452471	-0.895220	-426.395868	45.105789	0.000000	-420.000000	0	37.462950	0.072625	0.059549	47.795586	-3.872059	-444.877618	2.689796	3.872059	24.877618	0.895220	6.395868	6.359368	1	1	0	1	6
hl	2	65.500000	81	3	31	8.000000	45.000000	0.212961	3.229499	4051.924794	-420.000000	0.000000	97.000000	4098.869132	1300.079258	2487.060612	0.000000	0	436.291868	25.233153	47.303418	-6.862772	-463.180385	48.463040	-0.704765	-426.405136	45.105789	0.000000	-420.000000	0	37.305291	0.157659	0.087268	47.883229	-3.783768	-444.792760	2.777440	3.783768	24.792760	0.704765	6.405136	6.180385	1	1	0	1	6
hl	2	65.500000	81	3	31	8.000000	45.000000	0.212961	3.229499	4099.082140	-420.000000	0.000000	98.000000	4145.853677	1300.079258	2487.060612	0.000000	0	436.276478	25.194692	47.168116	-6.781724	-463.160610	48.446430	-0.860686	-426.351930	45.105789	0.000000	-420.000000	0	37.303775	0.001515	0.038461	47.807273	-3.821205	-444.756270	2.701484	3.821205	24.756270	0.860686	6.351930	6.160610	1	1	0	1	6
hl	2	65.500000	81	3	31	8.000000	45.000000	0.212961	3.229499	4146.076095	-420.000000	0.000000	99.000000	4193.008030	1300.079258	2487.060612	0.000000	0	436.302233	25.170116	47.097600	-6.756686	-463.120382	48.395154	-0.864526	-426.358555	45.105789	0.000000	-420.000000	0	37.253632	0.050143	0.024577	47.746377	-3.810606	-444.739468	2.640588	3.810606	24.739468	0.864526	6.358555	6.120382	1	1	0	1	6
hl	2	65.500000	81	3	31	8.000000	45.000000	0.212961	3.229499	4193.221466	-420.000000	0.000000	100.000000	4240.031926	1300.079258	2487.060612	0.000000	0	436.223305	25.226220	47.168420	-6.841647	-463.088964	48.506856	-0.923528	-426.462009	45.105789	0.000000	-420.000000	0	37.126128	0.127504	0.056105	47.837638	-3.882588	-444.775486	2.731849	3.882588	24.775486	0.923528	6.462009	6.088964	1	1	0	1	6
hl	2	65.500000	81	3	31	8.000000	45.000000	0.212961	3.229499	4240.249211	-420.000000	0.000000	101.000000	4286.821855	1300.079258	2487.060612	0.000000	0	436.310974	25.184113	47.038789	-6.828397	-463.146725	48.331368	-0.850381	-426.364725	45.105789	0.000000	-420.000000	0	37.287035	0.160907	0.042107	47.685078	-3.839389	-444.755725	2.579289	3.839389	24.755725	0.850381	6.364725	6.146725	1	1	0	1	6
hl	2	65.500000	81	3	31	8.000000	45.000000	0.212961	3.229499	4287.038285	-420.000000	0.000000	102.000000	4322.451099	1300.079258	2487.060612	4322.446822	0	436.368204	25.142300	  47.006048   -6.744763 -463.079451	  48.400903   -0.740794 -426.372703	45.105789	0.000000	-420.000000	0	37.220674	0.066360	0.041813	6
