subjName	sessionNR	IOD	trialN	textureType	texnum	visualAngle	simulatedDepth	light_intensity	ambient_intensity	time	displayDistance	isRotated	frameN	timTote	startTime	touchTime	endTime	fingersOccluded	distanceToHome	distanceToObject	indexXraw	indexYraw	indexZraw	thumbXraw	thumbYraw	thumbZraw	targetX	targetY	targetZ	failCause	gripAperture	gripApertureVel	distFromObjVel	gripOriginX	gripOriginY	gripOriginZ	distFromObjX	distFromObjY	distFromObjZ	y_dist_thm	z_dist_thm	z_dist_ind	handOnObj	handnearObj	handfarObj	handTouchObj	framesOccluded
hl	2	65.500000	37	3	21	8.000000	25.000000	0.215525	3.250664	882.919529	-420.000000	0.000000	30.000000	930.051212	0.000000	0.000000	0.000000	0	3.868296	431.126418	222.649130	-353.569823	-251.399893	226.880288	-352.963599	-249.216594	45.105789	0.000000	-420.000000	0	4.799687	0.182346	0.025537	224.764709	-353.266711	-250.308244	179.658920	353.266711	169.691756	352.963599	170.783406	185.600107	0	0	1	0	0
hl	2	65.500000	37	3	21	8.000000	25.000000	0.215525	3.250664	930.375001	-420.000000	0.000000	31.000000	976.932674	0.000000	0.000000	0.000000	0	3.957576	431.258635	222.882796	-353.612512	-251.292005	226.946852	-353.020353	-249.177615	45.105789	0.000000	-420.000000	0	4.619291	0.180397	0.132216	224.914824	-353.316432	-250.234810	179.809035	353.316432	169.765190	353.020353	170.822385	185.707995	0	0	1	0	0
hl	2	65.500000	37	3	21	8.000000	25.000000	0.215525	3.250664	977.143972	-420.000000	0.000000	32.000000	1023.769654	0.000000	0.000000	0.000000	0	3.915349	431.191883	222.739584	-353.568490	-251.344839	226.947080	-353.008045	-249.195263	45.105789	0.000000	-420.000000	0	4.757919	0.138628	0.066752	224.843332	-353.288268	-250.270051	179.737543	353.288268	169.729949	353.008045	170.804737	185.655161	0	0	1	0	0
hl	2	65.500000	37	3	21	8.000000	25.000000	0.215525	3.250664	1023.980951	-420.000000	0.000000	33.000000	1071.066867	0.000000	0.000000	0.000000	0	3.944513	431.292798	222.891936	-353.671796	-251.321890	226.949069	-353.042457	-249.155577	45.105789	0.000000	-420.000000	0	4.642123	0.115796	0.100915	224.920503	-353.357126	-250.238734	179.814714	353.357126	169.761266	353.042457	170.844423	185.678110	0	0	1	0	0
hl	2	65.500000	37	3	21	8.000000	25.000000	0.215525	3.250664	1071.279020	-420.000000	0.000000	34.000000	1118.464169	0.000000	0.000000	0.000000	0	3.989325	431.276577	223.076124	-353.727169	-251.226047	226.685670	-352.938298	-249.148419	45.105789	0.000000	-420.000000	0	4.238829	0.403294	0.016221	224.880897	-353.332733	-250.187233	179.775108	353.332733	169.812767	352.938298	170.851581	185.773953	0	0	1	0	0
hl	2	65.500000	37	3	21	8.000000	25.000000	0.215525	3.250664	1118.675038	-420.000000	0.000000	35.000000	1165.609539	0.000000	0.000000	0.000000	0	4.078251	431.323523	223.150348	-353.756657	-251.105895	226.624468	-352.924887	-249.077391	45.105789	0.000000	-420.000000	0	4.108062	0.130767	0.046946	224.887408	-353.340772	-250.091643	179.781619	353.340772	169.908357	352.924887	170.922609	185.894105	0	0	1	0	0
hl	2	65.500000	37	3	21	8.000000	25.000000	0.215525	3.250664	1165.819125	-420.000000	0.000000	36.000000	1212.759614	0.000000	0.000000	0.000000	0	4.127201	431.246493	222.936133	-353.640071	-251.064975	226.590109	-352.918579	-248.990915	45.105789	0.000000	-420.000000	0	4.263076	0.155013	0.077030	224.763121	-353.279325	-250.027945	179.657332	353.279325	169.972055	352.918579	171.009085	185.935025	0	0	1	0	0
hl	2	65.500000	37	3	21	8.000000	25.000000	0.215525	3.250664	1212.976900	-420.000000	0.000000	37.000000	1259.645782	0.000000	0.000000	0.000000	0	4.148651	431.286148	222.917941	-353.637313	-251.100049	226.733935	-352.942782	-248.932003	45.105789	0.000000	-420.000000	0	4.443490	0.180414	0.039655	224.825938	-353.290048	-250.016026	179.720149	353.290048	169.983974	352.942782	171.067997	185.899951	0	0	1	0	0
hl	2	65.500000	37	3	21	8.000000	25.000000	0.215525	3.250664	1259.856652	-420.000000	0.000000	38.000000	1306.809972	0.000000	0.000000	0.000000	0	4.401827	430.950931	222.094249	-353.187390	-250.977607	226.934248	-352.684220	-248.624819	45.105789	0.000000	-420.000000	0	5.405033	0.961543	0.335217	224.514248	-352.935805	-249.801213	179.408459	352.935805	170.198787	352.684220	171.375181	186.022393	0	0	1	0	0
hl	2	65.500000	37	3	21	8.000000	25.000000	0.215525	3.250664	1307.119219	-420.000000	0.000000	39.000000	1353.941228	0.000000	0.000000	0.000000	0	6.351118	428.752833	221.263977	-351.214242	-250.365142	224.374547	-350.122011	-247.414003	45.105789	0.000000	-420.000000	0	4.424684	0.980349	2.198098	222.819262	-350.668126	-248.889573	177.713473	350.668126	171.110427	350.122011	172.585997	186.634858	0	0	1	0	0
hl	2	65.500000	37	3	21	8.000000	25.000000	0.215525	3.250664	1354.155519	-420.000000	0.000000	40.000000	1401.519458	1389.736430	0.000000	0.000000	0	16.124281	419.295147	217.201138	-342.749843	-252.632218	214.654257	-341.062729	-242.529342	45.105789	0.000000	-420.000000	0	10.554670	6.129985	9.457686	215.927697	-341.906286	-247.580780	170.821908	341.906286	172.419220	341.062729	177.470658	184.367782	0	0	1	0	0
hl	2	65.500000	37	3	21	8.000000	25.000000	0.215525	3.250664	1401.797053	-420.000000	0.000000	41.000000	1447.913739	1389.736430	0.000000	0.000000	1	16.124281	419.295147	217.201138	-342.749843	-252.632218	214.654257	-341.062729	-242.529342	45.105789	0.000000	-420.000000	0	10.554670	0.000000	0.000000	215.927697	-341.906286	-247.580780	170.821908	341.906286	172.419220	341.062729	177.470658	184.367782	0	0	1	0	1
hl	2	65.500000	37	3	21	8.000000	25.000000	0.215525	3.250664	1448.125037	-420.000000	0.000000	42.000000	1494.659613	1389.736430	0.000000	0.000000	1	16.124281	419.295147	217.201138	-342.749843	-252.632218	214.654257	-341.062729	-242.529342	45.105789	0.000000	-420.000000	0	10.554670	0.000000	0.000000	215.927697	-341.906286	-247.580780	170.821908	341.906286	172.419220	341.062729	177.470658	184.367782	0	0	1	0	2
hl	2	65.500000	37	3	21	8.000000	25.000000	0.215525	3.250664	1494.869627	-420.000000	0.000000	43.000000	1541.579998	1389.736430	0.000000	0.000000	1	16.124281	419.295147	217.201138	-342.749843	-252.632218	214.654257	-341.062729	-242.529342	45.105789	0.000000	-420.000000	0	10.554670	0.000000	0.000000	215.927697	-341.906286	-247.580780	170.821908	341.906286	172.419220	341.062729	177.470658	184.367782	0	0	1	0	3
hl	2	65.500000	37	3	21	8.000000	25.000000	0.215525	3.250664	1541.867431	-420.000000	0.000000	44.000000	1588.811342	1389.736430	0.000000	0.000000	1	16.124281	419.295147	217.201138	-342.749843	-252.632218	214.654257	-341.062729	-242.529342	45.105789	0.000000	-420.000000	0	10.554670	0.000000	0.000000	215.927697	-341.906286	-247.580780	170.821908	341.906286	172.419220	341.062729	177.470658	184.367782	0	0	1	0	4
hl	2	65.500000	37	3	21	8.000000	25.000000	0.215525	3.250664	1589.021784	-420.000000	0.000000	45.000000	1636.278363	1389.736430	0.000000	0.000000	1	16.124281	419.295147	217.201138	-342.749843	-252.632218	214.654257	-341.062729	-242.529342	45.105789	0.000000	-420.000000	0	10.554670	0.000000	0.000000	215.927697	-341.906286	-247.580780	170.821908	341.906286	172.419220	341.062729	177.470658	184.367782	0	0	1	0	5
hl	2	65.500000	37	3	21	8.000000	25.000000	0.215525	3.250664	1636.493938	-420.000000	0.000000	46.000000	1683.256492	1389.736430	0.000000	0.000000	1	16.124281	419.295147	217.201138	-342.749843	-252.632218	214.654257	-341.062729	-242.529342	45.105789	0.000000	-420.000000	0	10.554670	0.000000	0.000000	215.927697	-341.906286	-247.580780	170.821908	341.906286	172.419220	341.062729	177.470658	184.367782	0	0	1	0	6
hl	2	65.500000	37	3	21	8.000000	25.000000	0.215525	3.250664	1683.465223	-420.000000	0.000000	47.000000	1730.351818	1389.736430	0.000000	0.000000	1	16.124281	419.295147	217.201138	-342.749843	-252.632218	214.654257	-341.062729	-242.529342	45.105789	0.000000	-420.000000	0	10.554670	0.000000	0.000000	215.927697	-341.906286	-247.580780	170.821908	341.906286	172.419220	341.062729	177.470658	184.367782	0	0	1	0	7
hl	2	65.500000	37	3	21	8.000000	25.000000	0.215525	3.250664	1730.561405	-420.000000	0.000000	48.000000	1777.982659	1389.736430	0.000000	0.000000	0	274.616871	178.049844	110.443505	-98.298193	-322.877524	93.660386	-124.674013	-263.905328	45.105789	0.000000	-420.000000	0	66.746362	56.191692	241.245303	102.051945	-111.486103	-293.391426	56.946156	111.486103	126.608574	124.674013	156.094672	114.122476	0	0	0	0	7
hl	2	65.500000	37	3	21	8.000000	25.000000	0.215525	3.250664	1778.303027	-420.000000	0.000000	49.000000	1824.403887	1389.736430	0.000000	0.000000	0	307.793951	148.835076	99.531864	-67.746765	-337.823213	71.566702	-100.376999	-270.230210	45.105789	0.000000	-420.000000	0	80.097418	13.351057	29.214768	85.549283	-84.061882	-304.026711	40.443494	84.061882	115.973289	100.376999	149.769790	99.176787	0	0	0	0	7
hl	2	65.500000	37	3	21	8.000000	25.000000	0.215525	3.250664	1824.622456	-420.000000	0.000000	50.000000	1871.293905	1389.736430	0.000000	0.000000	0	335.763712	123.176485	89.701032	-42.023331	-352.312340	57.226094	-79.727996	-281.169508	45.105789	0.000000	-420.000000	0	86.819156	6.721738	25.658591	73.463563	-60.875664	-316.740924	28.357774	60.875664	103.259076	79.727996	138.830492	84.687660	0	0	0	0	7
hl	2	65.500000	37	3	21	8.000000	25.000000	0.215525	3.250664	1871.514184	-420.000000	0.000000	51.000000	1918.800704	1389.736430	0.000000	0.000000	0	359.199549	100.928973	82.370169	-22.673562	-368.891528	45.149146	-61.425467	-291.436224	45.105789	0.000000	-420.000000	0	94.267910	7.448753	22.247512	63.759657	-42.049514	-330.163876	18.653868	42.049514	89.836124	61.425467	128.563776	68.108472	0	0	0	0	7
hl	2	65.500000	37	3	21	8.000000	25.000000	0.215525	3.250664	1919.025689	-420.000000	0.000000	52.000000	1965.754025	1389.736430	0.000000	0.000000	0	379.191084	80.845890	77.201775	-7.223736	-384.866030	37.323663	-44.852260	-304.001054	45.105789	0.000000	-420.000000	0	97.700123	3.432213	20.083083	57.262719	-26.037998	-344.433542	12.156930	26.037998	75.566458	44.852260	115.998946	52.133970	0	0	0	0	7
hl	2	65.500000	37	3	21	8.000000	25.000000	0.215525	3.250664	1965.967461	-420.000000	0.000000	53.000000	2012.758673	1389.736430	0.000000	0.000000	0	396.705433	63.246250	74.047969	5.749610	-400.368795	30.484999	-30.443087	-316.401815	45.105789	0.000000	-420.000000	0	101.282266	3.582143	17.599640	52.266484	-12.346738	-358.385305	7.160695	12.346738	61.614695	30.443087	103.598185	36.631205	0	0	0	0	7
hl	2	65.500000	37	3	21	8.000000	25.000000	0.215525	3.250664	2012.972537	-420.000000	0.000000	54.000000	2059.563145	1389.736430	0.000000	0.000000	0	411.028300	47.264830	71.666530	13.977478	-416.083070	26.925117	-17.699278	-329.833036	45.105789	0.000000	-420.000000	0	102.197256	0.914991	15.981420	49.295823	-1.860900	-372.958053	4.190034	1.860900	47.041947	17.699278	90.166964	20.916930	0	0	0	0	7
hl	2	65.500000	37	3	21	8.000000	25.000000	0.215525	3.250664	2059.775726	-420.000000	0.000000	55.000000	2107.016907	1389.736430	0.000000	0.000000	0	422.252600	33.719363	71.132687	19.467843	-430.393586	24.895394	-8.058283	-343.394843	45.105789	0.000000	-420.000000	0	102.295436	0.098180	13.545466	48.014041	5.704780	-386.894215	2.908251	5.704780	33.105785	8.058283	76.605157	6.606414	0	0	0	0	7
hl	2	65.500000	37	3	21	8.000000	25.000000	0.215525	3.250664	2107.243174	-420.000000	0.000000	56.000000	2153.767485	1389.736430	0.000000	0.000000	0	431.035078	22.151303	70.584615	22.335806	-443.899207	23.323668	-1.752357	-357.044720	45.105789	0.000000	-420.000000	0	101.771993	0.523443	11.568061	46.954142	10.291724	-400.471963	1.848353	10.291724	19.528037	1.752357	62.955280	6.899207	0	0	0	0	7
hl	2	65.500000	37	3	21	8.000000	25.000000	0.215525	3.250664	2153.979210	-420.000000	0.000000	57.000000	2201.012088	1389.736430	0.000000	0.000000	0	438.014469	15.191635	70.701359	22.474267	-456.742912	23.730111	4.327152	-369.581582	45.105789	0.000000	-420.000000	0	100.661380	1.110613	6.959668	47.215735	13.400710	-413.162247	2.109946	13.400710	6.837753	4.327152	50.418418	19.742912	0	0	0	0	7
hl	2	65.500000	37	3	21	8.000000	25.000000	0.215525	3.250664	2201.232795	-420.000000	0.000000	58.000000	2248.072341	1389.736430	0.000000	0.000000	0	443.681812	16.455983	70.154069	21.771810	-467.375987	26.116759	9.271572	-381.722990	45.105789	0.000000	-420.000000	0	97.118364	3.543016	1.264348	48.135414	15.521691	-424.549488	3.029625	15.521691	4.549488	9.271572	38.277010	30.375987	0	0	0	0	7
hl	2	65.500000	37	3	21	8.000000	25.000000	0.215525	3.250664	2248.314006	-420.000000	0.000000	59.000000	2295.188626	1389.736430	0.000000	0.000000	0	447.525692	21.501383	70.008566	21.784871	-475.058390	28.087617	11.149230	-391.444741	45.105789	0.000000	-420.000000	0	94.136737	2.981627	5.045401	49.048092	16.467050	-433.251565	3.942302	16.467050	13.251565	11.149230	28.555259	38.058390	0	1	0	0	7
hl	2	65.500000	37	3	21	8.000000	25.000000	0.215525	3.250664	2295.414465	-420.000000	0.000000	60.000000	2342.133820	1389.736430	0.000000	0.000000	0	451.192262	27.297266	68.802389	21.570916	-479.925825	31.079959	14.538287	-399.863175	45.105789	0.000000	-420.000000	0	88.783262	5.353475	5.795882	49.941174	18.054601	-439.894500	4.835385	18.054601	19.894500	14.538287	20.136825	42.925825	0	1	0	0	7
hl	2	65.500000	37	3	21	8.000000	25.000000	0.215525	3.250664	2342.352816	-420.000000	0.000000	61.000000	2389.482788	1389.736430	0.000000	0.000000	0	453.302782	31.059573	66.848553	20.374723	-484.058331	32.151103	15.193869	-406.105732	45.105789	0.000000	-420.000000	0	85.483109	3.300153	3.762307	49.499828	17.784296	-445.082031	4.394039	17.784296	25.082031	15.193869	13.894268	47.058331	0	1	0	0	7
hl	2	65.500000	37	3	21	8.000000	25.000000	0.215525	3.250664	2389.694941	-420.000000	0.000000	62.000000	2436.360401	1389.736430	0.000000	0.000000	0	455.139665	34.187945	64.686885	19.893059	-485.807164	33.802527	16.089324	-411.742884	45.105789	0.000000	-420.000000	0	80.335729	5.147380	3.128373	49.244706	17.991191	-448.775024	4.138917	17.991191	28.775024	16.089324	8.257116	48.807164	0	1	0	0	7
hl	2	65.500000	37	3	21	8.000000	25.000000	0.215525	3.250664	2436.572982	-420.000000	0.000000	63.000000	2482.847072	1389.736430	0.000000	0.000000	0	455.562587	36.041330	61.772490	17.430898	-487.133676	35.595256	15.914628	-416.370459	45.105789	0.000000	-420.000000	0	75.465087	4.870642	1.853385	48.683873	16.672763	-451.752068	3.578084	16.672763	31.752068	15.914628	3.629541	50.133676	0	1	0	0	7
hl	2	65.500000	37	3	21	8.000000	25.000000	0.215525	3.250664	2483.088738	-420.000000	0.000000	64.000000	2529.869684	1389.736430	0.000000	0.000000	0	455.430971	35.675486	59.210571	16.648708	-485.883560	36.481959	15.640571	-417.506683	45.105789	0.000000	-420.000000	0	72.062497	3.402590	0.365844	47.846265	16.144640	-451.695122	2.740476	16.144640	31.695122	15.640571	2.493317	48.883560	0	1	0	0	7
hl	2	65.500000	37	3	21	8.000000	25.000000	0.215525	3.250664	2530.098091	-420.000000	0.000000	65.000000	2577.358092	1389.736430	0.000000	0.000000	0	454.227062	33.411176	53.877736	13.918760	-481.840449	37.702707	15.168023	-418.303645	45.105789	0.000000	-420.000000	0	65.575283	6.487214	2.264310	45.790221	14.543391	-450.072047	0.684432	14.543391	30.072047	15.168023	1.696355	44.840449	0	1	0	0	7
hl	2	65.500000	37	3	21	8.000000	25.000000	0.215525	3.250664	2577.568961	-420.000000	0.000000	66.000000	2624.574893	1389.736430	2612.666113	0.000000	0	452.371322	30.718610	50.580676	11.107590	-477.432158	38.943303	14.752135	-418.293363	45.105789	0.000000	-420.000000	0	60.383013	5.192270	2.692566	44.761989	12.929863	-447.862761	0.343800	12.929863	27.862761	14.752135	1.706637	40.432158	0	1	0	1	7
hl	2	65.500000	37	3	21	8.000000	25.000000	0.215525	3.250664	2624.796883	-420.000000	0.000000	67.000000	2671.535057	1389.736430	2612.666113	0.000000	0	449.287130	27.165959	46.826744	7.121895	-471.822288	40.241274	12.682564	-418.673838	45.105789	0.000000	-420.000000	0	53.842801	6.540212	3.552651	43.534009	9.902229	-445.248063	1.571780	9.902229	25.248063	12.682564	1.326162	34.822288	0	1	0	1	7
hl	2	65.500000	37	3	21	8.000000	25.000000	0.215525	3.250664	2671.761325	-420.000000	0.000000	68.000000	2718.687271	1389.736430	2612.666113	0.000000	0	446.275209	24.350754	44.428021	2.903409	-467.258883	41.457472	10.985240	-419.219362	45.105789	0.000000	-420.000000	0	48.805078	5.037722	2.815205	42.942746	6.944324	-443.239122	2.163043	6.944324	23.239122	10.985240	0.780638	30.258883	0	1	0	1	7
hl	2	65.500000	37	3	21	8.000000	25.000000	0.215525	3.250664	2718.900707	-420.000000	0.000000	69.000000	2765.692347	1389.736430	2612.666113	0.000000	0	444.527221	21.631702	42.557258	2.364900	-461.848974	42.445072	9.470601	-419.436699	45.105789	0.000000	-420.000000	0	43.003542	5.801537	2.719051	42.501165	5.917751	-440.642837	2.604624	5.917751	20.642837	9.470601	0.563301	24.848974	0	1	0	1	7
hl	2	65.500000	37	3	21	8.000000	25.000000	0.215525	3.250664	2765.993039	-420.000000	0.000000	70.000000	2812.649517	1389.736430	2612.666113	0.000000	0	442.989446	19.806450	42.137070	1.209250	-458.434616	42.823020	8.484667	-419.613139	45.105789	0.000000	-420.000000	0	39.503282	3.500260	1.825253	42.480045	4.846958	-439.023877	2.625744	4.846958	19.023877	8.484667	0.386861	21.434616	0	1	0	1	7
hl	2	65.500000	37	3	21	8.000000	25.000000	0.215525	3.250664	2812.867230	-420.000000	0.000000	71.000000	2859.379992	1389.736430	2612.666113	0.000000	0	442.155635	17.988763	41.319370	1.588481	-454.225486	43.672321	7.997562	-420.056330	45.105789	0.000000	-420.000000	0	34.844568	4.658714	1.817687	42.495846	4.793022	-437.140908	2.609944	4.793022	17.140908	7.997562	0.056330	17.225486	0	1	0	1	7
hl	2	65.500000	37	3	21	8.000000	25.000000	0.215525	3.250664	2859.611393	-420.000000	0.000000	72.000000	2907.010833	1389.736430	2612.666113	0.000000	0	441.713578	16.486130	40.443962	1.764459	-450.702033	43.741352	8.044535	-420.195178	45.105789	0.000000	-420.000000	0	31.320606	3.523962	1.502633	42.092657	4.904497	-435.448605	3.013132	4.904497	15.448605	8.044535	0.195178	13.702033	0	1	0	1	7
hl	2	65.500000	37	3	21	8.000000	25.000000	0.215525	3.250664	2907.224269	-420.000000	0.000000	73.000000	2953.698535	1389.736430	2612.666113	0.000000	0	441.994349	15.880412	39.789794	2.700302	-448.637438	43.741051	8.429049	-420.349720	45.105789	0.000000	-420.000000	0	29.131185	2.189421	0.605717	41.765422	5.564675	-434.493579	3.340367	5.564675	14.493579	8.429049	0.349720	11.637438	0	1	0	1	7
hl	2	65.500000	37	3	21	8.000000	25.000000	0.215525	3.250664	2953.921809	-420.000000	0.000000	74.000000	3000.580853	1389.736430	2612.666113	0.000000	0	442.299862	15.689941	39.362892	3.207344	-447.624291	43.518045	8.815933	-420.418524	45.105789	0.000000	-420.000000	0	28.086924	1.044261	0.190472	41.440468	6.011639	-434.021407	3.665321	6.011639	14.021407	8.815933	0.418524	10.624291	0	1	0	1	7
hl	2	65.500000	37	3	21	8.000000	25.000000	0.215525	3.250664	3000.794289	-420.000000	0.000000	75.000000	3047.904158	1389.736430	2612.666113	0.000000	0	442.209858	15.553287	39.516852	3.169037	-447.366330	43.263120	8.719586	-420.401470	45.105789	0.000000	-420.000000	0	27.783931	0.302993	0.136654	41.389986	5.944312	-433.883900	3.715803	5.944312	13.883900	8.719586	0.401470	10.366330	0	1	0	1	7
hl	2	65.500000	37	3	21	8.000000	25.000000	0.215525	3.250664	3048.118450	-420.000000	0.000000	76.000000	3094.845931	1389.736430	2612.666113	0.000000	0	441.874842	15.379266	39.921911	2.756758	-447.203958	43.457794	8.623647	-420.543099	45.105789	0.000000	-420.000000	0	27.526791	0.257140	0.174020	41.689852	5.690202	-433.873529	3.415937	5.690202	13.873529	8.623647	0.543099	10.203958	0	1	0	1	7
hl	2	65.500000	37	3	21	8.000000	25.000000	0.215525	3.250664	3095.059794	-420.000000	0.000000	77.000000	3141.918160	1389.736430	2612.666113	0.000000	0	441.830473	15.268810	39.476517	2.836931	-447.018016	43.414172	8.328100	-420.446377	45.105789	0.000000	-420.000000	0	27.417332	0.109460	0.110456	41.445345	5.582515	-433.732197	3.660444	5.582515	13.732197	8.328100	0.446377	10.018016	0	1	0	1	7
hl	2	65.500000	37	3	21	8.000000	25.000000	0.215525	3.250664	3142.131168	-420.000000	0.000000	78.000000	3188.966008	1389.736430	2612.666113	0.000000	0	441.671931	15.130706	39.695618	2.551850	-446.948092	43.291619	8.362924	-420.336146	45.105789	0.000000	-420.000000	0	27.475360	0.058029	0.138104	41.493619	5.457387	-433.642119	3.612171	5.457387	13.642119	8.362924	0.336146	9.948092	0	1	0	1	7
hl	2	65.500000	37	3	21	8.000000	25.000000	0.215525	3.250664	3189.178161	-420.000000	0.000000	79.000000	3235.804270	1389.736430	2612.666113	0.000000	0	441.669363	15.075977	39.799733	2.463307	-446.870735	43.072155	8.465612	-420.255415	45.105789	0.000000	-420.000000	0	27.479296	0.003935	0.054729	41.435944	5.464460	-433.563075	3.669845	5.464460	13.563075	8.465612	0.255415	9.870735	0	1	0	1	7
hl	2	65.500000	37	3	21	8.000000	25.000000	0.215525	3.250664	3236.023267	-420.000000	0.000000	80.000000	3283.033903	1389.736430	2612.666113	0.000000	0	441.906917	15.209153	39.456815	2.831760	-446.771548	43.123329	8.508326	-420.402650	45.105789	0.000000	-420.000000	0	27.221049	0.258247	0.133176	41.290072	5.670043	-433.587099	3.815717	5.670043	13.587099	8.508326	0.402650	9.771548	0	1	0	1	7
hl	2	65.500000	37	3	21	8.000000	25.000000	0.215525	3.250664	3283.250333	-420.000000	0.000000	81.000000	3329.997917	1389.736430	2612.666113	0.000000	0	441.881151	15.222767	39.532407	2.742231	-446.823972	43.106400	8.526115	-420.426865	45.105789	0.000000	-420.000000	0	27.258650	0.037601	0.013614	41.319404	5.634173	-433.625418	3.786385	5.634173	13.625418	8.526115	0.426865	9.823972	0	1	0	1	7
hl	2	65.500000	37	3	21	8.000000	25.000000	0.215525	3.250664	3330.210925	-420.000000	0.000000	82.000000	3377.178361	1389.736430	2612.666113	0.000000	0	441.836812	15.163891	39.552163	2.798563	-446.713662	43.157434	8.448272	-420.434143	45.105789	0.000000	-420.000000	0	27.120662	0.137988	0.058876	41.354798	5.623417	-433.573903	3.750991	5.623417	13.573903	8.448272	0.434143	9.713662	0	1	0	1	7
hl	2	65.500000	37	3	21	8.000000	25.000000	0.215525	3.250664	3377.390514	-420.000000	0.000000	83.000000	3424.276254	1389.736430	2612.666113	0.000000	0	441.790849	15.119813	39.649042	2.707895	-446.788749	43.030328	8.444675	-420.291151	45.105789	0.000000	-420.000000	0	27.321539	0.200876	0.044078	41.339685	5.576285	-433.539950	3.766104	5.576285	13.539950	8.444675	0.291151	9.788749	0	1	0	1	7
hl	2	65.500000	37	3	21	8.000000	25.000000	0.215525	3.250664	3424.488834	-420.000000	0.000000	84.000000	3471.434456	1389.736430	2612.666113	0.000000	0	441.736774	15.121433	39.519517	2.762492	-446.784788	43.141651	8.212698	-420.366041	45.105789	0.000000	-420.000000	0	27.217178	0.104361	0.001620	41.330584	5.487595	-433.575414	3.775205	5.487595	13.575414	8.212698	0.366041	9.784788	0	1	0	1	7
hl	2	65.500000	37	3	21	8.000000	25.000000	0.215525	3.250664	3471.662007	-420.000000	0.000000	85.000000	3518.269724	1389.736430	2612.666113	0.000000	0	441.666122	15.069873	39.570239	2.653630	-446.827607	42.946579	8.110098	-420.252591	45.105789	0.000000	-420.000000	0	27.338694	0.121516	0.051560	41.258409	5.381864	-433.540099	3.847380	5.381864	13.540099	8.110098	0.252591	9.827607	0	1	0	1	7
hl	2	65.500000	37	3	21	8.000000	25.000000	0.215525	3.250664	3518.482304	-420.000000	0.000000	86.000000	3565.705093	1389.736430	2612.666113	0.000000	0	441.676279	15.129569	39.598845	2.661920	-446.932137	43.074057	8.121800	-420.316628	45.105789	0.000000	-420.000000	0	27.391106	0.052412	0.059696	41.336451	5.391860	-433.624382	3.769338	5.391860	13.624382	8.121800	0.316628	9.932137	0	1	0	1	7
hl	2	65.500000	37	3	21	8.000000	25.000000	0.215525	3.250664	3565.918529	-420.000000	0.000000	87.000000	3612.271749	1389.736430	2612.666113	0.000000	0	441.703733	15.209349	39.530764	2.717789	-447.020649	43.137936	8.037788	-420.415089	45.105789	0.000000	-420.000000	0	27.370968	0.020138	0.079780	41.334350	5.377788	-433.717869	3.771439	5.377788	13.717869	8.037788	0.415089	10.020649	0	1	0	1	7
hl	2	65.500000	37	3	21	8.000000	25.000000	0.215525	3.250664	3612.484329	-420.000000	0.000000	88.000000	3659.799507	1389.736430	2612.666113	0.000000	0	441.769523	15.212681	39.444813	2.797847	-446.940173	43.055370	8.077013	-420.408949	45.105789	0.000000	-420.000000	0	27.291236	0.079732	0.003332	41.250091	5.437430	-433.674561	3.855698	5.437430	13.674561	8.077013	0.408949	9.940173	0	1	0	1	7
hl	2	65.500000	37	3	21	8.000000	25.000000	0.215525	3.250664	3660.021925	-420.000000	0.000000	89.000000	3706.685247	1389.736430	2612.666113	0.000000	0	441.814448	15.251562	39.332909	2.906937	-446.896984	43.203018	8.068103	-420.508735	45.105789	0.000000	-420.000000	0	27.165328	0.125908	0.038881	41.267963	5.487520	-433.702860	3.837826	5.487520	13.702860	8.068103	0.508735	9.896984	0	1	0	1	7
hl	2	65.500000	37	3	21	8.000000	25.000000	0.215525	3.250664	3706.899538	-420.000000	0.000000	90.000000	3753.658243	1389.736430	2612.666113	0.000000	0	441.741404	15.237283	39.391852	2.772331	-446.963451	43.202104	8.025433	-420.497053	45.105789	0.000000	-420.000000	0	27.250382	0.085053	0.014279	41.296978	5.398882	-433.730252	3.808811	5.398882	13.730252	8.025433	0.497053	9.963451	0	1	0	1	7
hl	2	65.500000	37	3	21	8.000000	25.000000	0.215525	3.250664	3753.885367	-420.000000	0.000000	91.000000	3800.932360	1389.736430	2612.666113	0.000000	0	441.738165	15.167163	39.404704	2.790186	-446.856248	43.029348	8.021545	-420.397887	45.105789	0.000000	-420.000000	0	27.213049	0.037333	0.070120	41.217026	5.405866	-433.627068	3.888763	5.405866	13.627068	8.021545	0.397887	9.856248	0	1	0	1	7
hl	2	65.500000	37	3	21	8.000000	25.000000	0.215525	3.250664	3801.158200	-420.000000	0.000000	92.000000	3847.521685	1389.736430	2612.666113	0.000000	0	441.638918	15.165354	39.583957	2.709693	-446.857198	43.247895	7.983947	-420.549691	45.105789	0.000000	-420.000000	0	27.080013	0.133036	0.001809	41.415926	5.346820	-433.703444	3.689863	5.346820	13.703444	7.983947	0.549691	9.857198	0	1	0	1	7
hl	2	65.500000	37	3	21	8.000000	25.000000	0.215525	3.250664	3847.741109	-420.000000	0.000000	93.000000	3883.474291	1389.736430	2612.666113	3883.470441	0	441.710000	15.140980	  39.457248    2.795619 -446.804986	  43.075664    8.011289 -420.420846	45.105789	0.000000	-420.000000	0	27.137041	0.057028	0.024374	7
