subjName	sessionNR	IOD	trialN	textureType	texnum	visualAngle	simulatedDepth	light_intensity	ambient_intensity	time	displayDistance	isRotated	frameN	timTote	startTime	touchTime	endTime	fingersOccluded	distanceToHome	distanceToObject	indexXraw	indexYraw	indexZraw	thumbXraw	thumbYraw	thumbZraw	targetX	targetY	targetZ	failCause	gripAperture	gripApertureVel	distFromObjVel	gripOriginX	gripOriginY	gripOriginZ	distFromObjX	distFromObjY	distFromObjZ	y_dist_thm	z_dist_thm	z_dist_ind	handOnObj	handnearObj	handfarObj	handTouchObj	framesOccluded
hl	2	65.500000	61	1	43	8.000000	25.000000	0.791678	1.733787	885.336615	-420.000000	0.000000	30.000000	932.692855	0.000000	0.000000	0.000000	0	4.932910	428.226595	215.554768	-353.291928	-254.281766	223.294879	-353.359930	-250.148994	45.105789	0.000000	-420.000000	0	8.774607	0.156781	0.059435	219.424824	-353.325929	-252.215380	174.319034	353.325929	167.784620	353.359930	169.851006	182.718234	0	0	1	0	0
hl	2	65.500000	61	1	43	8.000000	25.000000	0.791678	1.733787	933.016644	-420.000000	0.000000	31.000000	979.167977	0.000000	0.000000	0.000000	0	5.192968	428.081736	215.375327	-353.264046	-254.277452	222.941163	-353.286064	-250.124868	45.105789	0.000000	-420.000000	0	8.630546	0.144061	0.144859	219.158245	-353.275055	-252.201160	174.052456	353.275055	167.798840	353.286064	169.875132	182.722548	0	0	1	0	0
hl	2	65.500000	61	1	43	8.000000	25.000000	0.791678	1.733787	979.388256	-420.000000	0.000000	32.000000	1026.557151	0.000000	0.000000	0.000000	0	5.152579	428.147191	215.431860	-353.307314	-254.229256	222.989033	-353.308873	-250.086509	45.105789	0.000000	-420.000000	0	8.618191	0.012355	0.065456	219.210446	-353.308094	-252.157882	174.104657	353.308094	167.842118	353.308873	169.913491	182.770744	0	0	1	0	0
hl	2	65.500000	61	1	43	8.000000	25.000000	0.791678	1.733787	1026.777431	-420.000000	0.000000	33.000000	1073.753849	0.000000	0.000000	0.000000	0	5.120089	428.178710	215.312110	-353.273823	-254.250374	223.175446	-353.380359	-250.053717	45.105789	0.000000	-420.000000	0	8.913772	0.295582	0.031519	219.243778	-353.327091	-252.152045	174.137988	353.327091	167.847955	353.380359	169.946283	182.749626	0	0	1	0	0
hl	2	65.500000	61	1	43	8.000000	25.000000	0.791678	1.733787	1073.966429	-420.000000	0.000000	34.000000	1120.944558	0.000000	0.000000	0.000000	0	5.269147	428.135828	215.311062	-353.317894	-254.199586	222.883141	-353.336435	-250.019380	45.105789	0.000000	-420.000000	0	8.649326	0.264446	0.042882	219.097101	-353.327164	-252.109483	173.991312	353.327164	167.890517	353.336435	169.980620	182.800414	0	0	1	0	0
hl	2	65.500000	61	1	43	8.000000	25.000000	0.791678	1.733787	1121.155856	-420.000000	0.000000	35.000000	1168.011655	0.000000	0.000000	0.000000	0	5.628315	428.059189	215.199022	-353.464123	-254.147125	222.265373	-353.275894	-249.887537	45.105789	0.000000	-420.000000	0	8.253050	0.396276	0.076639	218.732198	-353.370008	-252.017331	173.626408	353.370008	167.982669	353.275894	170.112463	182.852875	0	0	1	0	0
hl	2	65.500000	61	1	43	8.000000	25.000000	0.791678	1.733787	1168.222096	-420.000000	0.000000	36.000000	1215.118530	0.000000	0.000000	0.000000	0	5.843766	428.055460	215.161028	-353.628603	-254.043133	222.126063	-352.888166	-249.358367	45.105789	0.000000	-420.000000	0	8.426565	0.173515	0.003729	218.643545	-353.258384	-251.700750	173.537756	353.258384	168.299250	352.888166	170.641633	182.956867	0	0	1	0	0
hl	2	65.500000	61	1	43	8.000000	25.000000	0.791678	1.733787	1215.329399	-420.000000	0.000000	37.000000	1262.239947	1251.105782	0.000000	0.000000	0	11.731516	421.092545	214.513667	-349.510581	-258.489241	215.905361	-343.957845	-245.897649	45.105789	0.000000	-420.000000	0	13.831770	5.405205	6.962915	215.209514	-346.734213	-252.193445	170.103725	346.734213	167.806555	343.957845	174.102351	178.510759	0	0	1	0	0
hl	2	65.500000	61	1	43	8.000000	25.000000	0.791678	1.733787	1262.545344	-420.000000	0.000000	38.000000	1310.002956	1251.105782	0.000000	0.000000	0	28.269887	404.339669	214.947478	-333.706714	-268.280362	204.054605	-326.452981	-239.984422	45.105789	0.000000	-420.000000	0	31.175816	17.344046	16.752875	209.501042	-330.079848	-254.132392	164.395252	330.079848	165.867608	326.452981	180.015578	168.719638	0	0	1	0	0
hl	2	65.500000	61	1	43	8.000000	25.000000	0.791678	1.733787	1310.358397	-420.000000	0.000000	39.000000	1356.705628	1251.105782	0.000000	0.000000	0	53.363602	381.434452	210.004862	-308.455132	-274.053976	191.822805	-304.037554	-234.710324	45.105789	0.000000	-420.000000	0	43.566331	12.390515	22.905218	200.913833	-306.246343	-254.382150	155.808044	306.246343	165.617850	304.037554	185.289676	162.946024	0	0	1	0	0
hl	2	65.500000	61	1	43	8.000000	25.000000	0.791678	1.733787	1356.922486	-420.000000	0.000000	40.000000	1404.034921	1251.105782	0.000000	0.000000	0	81.558904	356.044359	201.510334	-280.953834	-278.750399	179.849090	-278.893735	-231.289039	45.105789	0.000000	-420.000000	0	52.211438	8.645107	25.390093	190.679712	-279.923785	-255.019719	145.573923	279.923785	164.980281	278.893735	188.710961	158.249601	0	0	1	0	0
hl	2	65.500000	61	1	43	8.000000	25.000000	0.791678	1.733787	1404.287280	-420.000000	0.000000	41.000000	1451.270542	1251.105782	0.000000	0.000000	0	112.568875	328.121623	193.226170	-250.332832	-284.002951	169.246883	-250.233776	-230.479065	45.105789	0.000000	-420.000000	0	58.649999	6.438561	27.922736	181.236527	-250.283304	-257.241008	136.130737	250.283304	162.758992	250.233776	189.520935	152.997049	0	0	1	0	0
hl	2	65.500000	61	1	43	8.000000	25.000000	0.791678	1.733787	1451.485689	-420.000000	0.000000	42.000000	1497.956106	1251.105782	0.000000	0.000000	0	146.060295	297.825746	184.249506	-216.764286	-291.642090	157.936758	-220.101721	-231.407520	45.105789	0.000000	-420.000000	0	65.815671	7.165672	30.295877	171.093132	-218.433003	-261.524805	125.987343	218.433003	158.475195	220.101721	188.592480	145.357910	0	0	1	0	0
hl	2	65.500000	61	1	43	8.000000	25.000000	0.791678	1.733787	1498.169114	-420.000000	0.000000	43.000000	1545.169057	1251.105782	0.000000	0.000000	0	180.706964	266.786002	175.681264	-181.138869	-300.515782	148.562672	-189.137714	-234.815232	45.105789	0.000000	-420.000000	0	71.525952	5.710281	31.039744	162.121968	-185.138292	-267.665507	117.016179	185.138292	152.334493	189.137714	185.184768	136.484218	0	0	1	0	0
hl	2	65.500000	61	1	43	8.000000	25.000000	0.791678	1.733787	1545.383776	-420.000000	0.000000	44.000000	1591.960697	1251.105782	0.000000	0.000000	0	214.430314	236.725867	168.640383	-147.335346	-311.029103	139.184472	-158.433583	-240.342473	45.105789	0.000000	-420.000000	0	77.378429	5.852476	30.060135	153.912428	-152.884465	-275.685788	108.806638	152.884465	144.314212	158.433583	179.657527	125.970897	0	0	0	0	0
hl	2	65.500000	61	1	43	8.000000	25.000000	0.791678	1.733787	1592.174988	-420.000000	0.000000	45.000000	1638.904180	1251.105782	0.000000	0.000000	0	246.489256	207.493533	161.918186	-115.607493	-324.285983	130.091119	-130.079805	-249.012509	45.105789	0.000000	-420.000000	0	82.997024	5.618595	29.232333	146.004653	-122.843649	-286.649246	100.898864	122.843649	133.350754	130.079805	170.987491	112.714017	0	0	0	0	0
hl	2	65.500000	61	1	43	8.000000	25.000000	0.791678	1.733787	1639.127881	-420.000000	0.000000	46.000000	1697.566532	1251.105782	0.000000	0.000000	0	280.947467	173.600698	152.294484	-84.257857	-343.615312	117.973641	-100.916985	-264.352949	45.105789	0.000000	-420.000000	0	87.965726	4.968702	33.892835	135.134062	-92.587421	-303.984131	90.028273	92.587421	116.015869	100.916985	155.647051	93.384688	0	0	0	0	0
hl	2	65.500000	61	1	43	8.000000	25.000000	0.791678	1.733787	1697.780395	-420.000000	0.000000	47.000000	1744.256373	1251.105782	0.000000	0.000000	0	304.291058	148.652913	145.523163	-63.840408	-360.240000	107.067716	-83.748659	-279.157945	45.105789	0.000000	-420.000000	0	91.920942	3.955216	24.947785	126.295439	-73.794533	-319.698973	81.189650	73.794533	100.301027	83.748659	140.842055	76.760000	0	0	0	0	0
hl	2	65.500000	61	1	43	8.000000	25.000000	0.791678	1.733787	1744.476225	-420.000000	0.000000	48.000000	1791.346994	1251.105782	0.000000	0.000000	0	324.791266	125.736725	138.235806	-48.947588	-377.751780	97.668732	-68.076039	-293.968904	45.105789	0.000000	-420.000000	0	95.032392	3.111450	22.916188	117.952269	-58.511814	-335.860342	72.846480	58.511814	84.139658	68.076039	126.031096	59.248220	0	0	0	0	0
hl	2	65.500000	61	1	43	8.000000	25.000000	0.791678	1.733787	1791.650253	-420.000000	0.000000	49.000000	1838.444459	1251.105782	0.000000	0.000000	0	342.222990	105.437974	132.002533	-37.822550	-394.949237	89.034507	-55.537575	-308.532444	45.105789	0.000000	-420.000000	0	98.122044	3.089652	20.298751	110.518520	-46.680062	-351.740840	65.412731	46.680062	68.259160	55.537575	111.467556	42.050763	0	0	0	0	0
hl	2	65.500000	61	1	43	8.000000	25.000000	0.791678	1.733787	1838.661744	-420.000000	0.000000	50.000000	1885.693767	1251.105782	0.000000	0.000000	0	357.985539	87.849607	126.456058	-28.272553	-409.977587	82.253619	-44.093692	-322.358393	45.105789	0.000000	-420.000000	0	99.404664	1.282620	17.588367	104.354838	-36.183122	-366.167990	59.249049	36.183122	53.832010	44.093692	97.641607	27.022413	0	0	0	0	0
hl	2	65.500000	61	1	43	8.000000	25.000000	0.791678	1.733787	1885.906347	-420.000000	0.000000	51.000000	1932.461882	1251.105782	0.000000	0.000000	0	370.942656	72.818156	120.939692	-21.490897	-423.530463	75.549936	-35.897368	-335.096945	45.105789	0.000000	-420.000000	0	100.440349	1.035685	15.031451	98.244814	-28.694133	-379.313704	53.139025	28.694133	40.686296	35.897368	84.903055	13.469537	0	0	0	0	0
hl	2	65.500000	61	1	43	8.000000	25.000000	0.791678	1.733787	1932.675746	-420.000000	0.000000	52.000000	1979.991779	1251.105782	0.000000	0.000000	0	382.954812	59.603943	114.936483	-16.468129	-435.699543	69.879135	-27.377828	-346.523924	45.105789	0.000000	-420.000000	0	100.506105	0.065756	13.214214	92.407809	-21.922978	-391.111733	47.302020	21.922978	28.888267	27.377828	73.476076	1.300457	0	0	0	0	0
hl	2	65.500000	61	1	43	8.000000	25.000000	0.791678	1.733787	1980.204359	-420.000000	0.000000	53.000000	2026.963064	1251.105782	0.000000	0.000000	0	392.577266	47.247803	106.797784	-13.614012	-446.757196	62.571945	-23.527460	-357.411005	45.105789	0.000000	-420.000000	0	100.184545	0.321560	12.356140	84.684864	-18.570736	-402.084101	39.579075	18.570736	17.915899	23.527460	62.588995	9.757196	0	0	0	0	0
hl	2	65.500000	61	1	43	8.000000	25.000000	0.791678	1.733787	2027.176928	-420.000000	0.000000	54.000000	2074.150352	1251.105782	0.000000	0.000000	0	401.241484	37.251733	99.918795	-12.683872	-457.291888	55.905201	-19.164142	-367.493610	45.105789	0.000000	-420.000000	0	100.214376	0.029831	9.996070	77.911998	-15.924007	-412.392749	32.806209	15.924007	7.607251	19.164142	52.506390	20.291888	0	0	0	0	0
hl	2	65.500000	61	1	43	8.000000	25.000000	0.791678	1.733787	2074.364643	-420.000000	0.000000	55.000000	2121.115222	1251.105782	0.000000	0.000000	0	408.909347	30.962294	93.122423	-12.097890	-466.490094	51.972387	-16.073134	-378.883810	45.105789	0.000000	-420.000000	0	96.870991	3.343385	6.289440	72.547405	-14.085512	-422.686952	27.441616	14.085512	2.686952	16.073134	41.116190	29.490094	0	0	0	0	0
hl	2	65.500000	61	1	43	8.000000	25.000000	0.791678	1.733787	2121.328657	-420.000000	0.000000	56.000000	2168.358541	1251.105782	0.000000	0.000000	0	416.827287	27.817159	86.697604	-10.315991	-474.052216	49.558824	-11.359604	-388.424834	45.105789	0.000000	-420.000000	0	93.340381	3.530611	3.145135	68.128214	-10.837797	-431.238525	23.022425	10.837797	11.238525	11.359604	31.575166	37.052216	0	0	0	0	0
hl	2	65.500000	61	1	43	8.000000	25.000000	0.791678	1.733787	2168.571977	-420.000000	0.000000	57.000000	2215.272511	1251.105782	0.000000	0.000000	0	422.398187	28.249752	81.397088	-10.157576	-479.288230	47.522362	-8.705548	-397.291508	45.105789	0.000000	-420.000000	0	88.730310	4.610071	0.432593	64.459725	-9.431562	-438.289869	19.353936	9.431562	18.289869	8.705548	22.708492	42.288230	0	1	0	0	0
hl	2	65.500000	61	1	43	8.000000	25.000000	0.791678	1.733787	2215.498351	-420.000000	0.000000	58.000000	2262.430286	1251.105782	0.000000	0.000000	0	427.036077	30.202175	77.671851	-10.153833	-483.677729	46.261417	-5.585792	-403.901651	45.105789	0.000000	-420.000000	0	85.858634	2.871676	1.952423	61.966634	-7.869812	-443.789690	16.860845	7.869812	23.789690	5.585792	16.098349	46.677729	0	1	0	0	0
hl	2	65.500000	61	1	43	8.000000	25.000000	0.791678	1.733787	2262.648427	-420.000000	0.000000	59.000000	2309.343400	1251.105782	2297.938483	0.000000	0	430.388571	33.100266	73.994188	-9.980973	-486.452509	45.875069	-4.778760	-410.863134	45.105789	0.000000	-420.000000	0	80.817705	5.040929	2.898091	59.934628	-7.379867	-448.657821	14.828839	7.379867	28.657821	4.778760	9.136866	49.452509	0	1	0	1	0
hl	2	65.500000	61	1	43	8.000000	25.000000	0.791678	1.733787	2309.560686	-420.000000	0.000000	60.000000	2356.355748	1251.105782	2297.938483	0.000000	0	432.597818	33.608737	67.876635	-10.570448	-486.183878	45.148501	-4.298395	-415.270559	45.105789	0.000000	-420.000000	0	74.730218	6.087487	0.508471	56.512568	-7.434421	-450.727219	11.406779	7.434421	30.727219	4.298395	4.729441	49.183878	0	1	0	1	0
hl	2	65.500000	61	1	43	8.000000	25.000000	0.791678	1.733787	2356.570039	-420.000000	0.000000	61.000000	2403.178184	1251.105782	2297.938483	0.000000	0	434.242107	34.959431	64.547837	-10.321001	-485.671414	45.897572	-3.934017	-419.719975	45.105789	0.000000	-420.000000	0	68.834717	5.895501	1.350694	55.222705	-7.127509	-452.695695	10.116915	7.127509	32.695695	3.934017	0.280025	48.671414	0	1	0	1	0
hl	2	65.500000	61	1	43	8.000000	25.000000	0.791678	1.733787	2403.392903	-420.000000	0.000000	62.000000	2449.965119	1251.105782	2297.938483	0.000000	0	435.443096	33.965852	60.277317	-9.259098	-482.094877	46.853591	-3.160793	-422.513166	45.105789	0.000000	-420.000000	0	61.378873	7.455845	0.993579	53.565454	-6.209945	-452.304021	8.459664	6.209945	32.304021	3.160793	2.513166	45.094877	0	1	0	1	0
hl	2	65.500000	61	1	43	8.000000	25.000000	0.791678	1.733787	2450.178982	-420.000000	0.000000	63.000000	2497.228114	1251.105782	2297.938483	0.000000	0	436.683061	31.715955	56.948371	-7.629275	-478.097479	47.319162	-1.181220	-423.126800	45.105789	0.000000	-420.000000	0	56.178952	5.199921	2.249898	52.133767	-4.405248	-450.612140	7.027977	4.405248	30.612140	1.181220	3.126800	41.097479	0	1	0	1	0
hl	2	65.500000	61	1	43	8.000000	25.000000	0.791678	1.733787	2497.444972	-420.000000	0.000000	64.000000	2544.278101	1251.105782	2297.938483	0.000000	0	438.680900	27.792243	53.900305	-2.920806	-473.002518	48.633898	2.123381	-421.192980	45.105789	0.000000	-420.000000	0	52.320236	3.858716	3.923712	51.267102	-0.398713	-447.097749	6.161312	0.398713	27.097749	2.123381	1.192980	36.002518	0	1	0	1	0
hl	2	65.500000	61	1	43	8.000000	25.000000	0.791678	1.733787	2544.490682	-420.000000	0.000000	65.000000	2591.565049	1251.105782	2297.938483	0.000000	0	439.464821	24.101278	51.694030	-0.295008	-468.048350	49.062792	4.528975	-418.795623	45.105789	0.000000	-420.000000	0	49.558303	2.761934	3.690965	50.378411	2.116983	-443.421986	5.272622	2.116983	23.421986	4.528975	1.204377	31.048350	0	1	0	1	0
hl	2	65.500000	61	1	43	8.000000	25.000000	0.791678	1.733787	2591.777630	-420.000000	0.000000	66.000000	2638.408017	1251.105782	2297.938483	0.000000	0	439.293690	20.902425	48.130331	-0.068900	-462.686830	48.051651	4.658331	-418.434174	45.105789	0.000000	-420.000000	0	44.504500	5.053803	3.198853	48.090991	2.294715	-440.560502	2.985202	2.294715	20.560502	4.658331	1.565826	25.686830	0	1	0	1	0
hl	2	65.500000	61	1	43	8.000000	25.000000	0.791678	1.733787	2638.621880	-420.000000	0.000000	67.000000	2685.527723	1251.105782	2297.938483	0.000000	0	438.698279	18.738262	45.270046	-0.513006	-457.781522	47.030666	3.710314	-419.499874	45.105789	0.000000	-420.000000	0	38.554128	5.950372	2.164164	46.150356	1.598654	-438.640698	1.044567	1.598654	18.640698	3.710314	0.500126	20.781522	0	1	0	1	0
hl	2	65.500000	61	1	43	8.000000	25.000000	0.791678	1.733787	2685.741159	-420.000000	0.000000	68.000000	2732.673094	1251.105782	2297.938483	0.000000	0	437.418726	16.186900	42.677355	-1.458652	-452.596996	46.486356	2.476549	-419.743826	45.105789	0.000000	-420.000000	0	33.306532	5.247596	2.551362	44.581856	0.508948	-436.170411	0.523934	0.508948	16.170411	2.476549	0.256174	15.596996	0	1	0	1	0
hl	2	65.500000	61	1	43	8.000000	25.000000	0.791678	1.733787	2732.893373	-420.000000	0.000000	69.000000	2779.420678	1251.105782	2297.938483	0.000000	0	435.911936	14.093507	40.999231	-2.504009	-447.917134	47.015137	1.404542	-420.162595	45.105789	0.000000	-420.000000	0	28.666745	4.639787	2.093393	44.007184	-0.549734	-434.039865	1.098605	0.549734	14.039865	1.404542	0.162595	10.917134	0	1	0	1	0
hl	2	65.500000	61	1	43	8.000000	25.000000	0.791678	1.733787	2779.782963	-420.000000	0.000000	70.000000	2826.361167	1251.105782	2297.938483	0.000000	0	435.770625	13.650171	41.105906	-2.451048	-446.883891	46.398380	1.222667	-420.254097	45.105789	0.000000	-420.000000	0	27.398036	1.268709	0.443336	43.752143	-0.614191	-433.568994	1.353646	0.614191	13.568994	1.222667	0.254097	9.883891	0	1	0	1	0
hl	2	65.500000	61	1	43	8.000000	25.000000	0.791678	1.733787	2826.575458	-420.000000	0.000000	71.000000	2873.526640	1251.105782	2297.938483	0.000000	0	435.485813	14.034361	41.209922	-2.553944	-446.359603	46.726204	0.457231	-421.538055	45.105789	0.000000	-420.000000	0	25.604800	1.793236	0.384190	43.968063	-1.048357	-433.948829	1.137726	1.048357	13.948829	0.457231	1.538055	9.359603	0	1	0	1	0
hl	2	65.500000	61	1	43	8.000000	25.000000	0.791678	1.733787	2873.739648	-420.000000	0.000000	72.000000	2920.545831	1251.105782	2297.938483	0.000000	0	435.269996	14.541481	40.785376	-3.087386	-446.602059	46.961699	-0.099962	-422.200470	45.105789	0.000000	-420.000000	0	25.347765	0.257035	0.507120	43.873537	-1.593674	-434.401265	1.232252	1.593674	14.401265	0.099962	2.200470	9.602059	0	1	0	1	0
hl	2	65.500000	61	1	43	8.000000	25.000000	0.791678	1.733787	2920.759267	-420.000000	0.000000	73.000000	2967.794284	1251.105782	2297.938483	0.000000	0	435.314894	14.448069	40.701486	-3.000489	-446.447775	47.213909	0.084328	-422.208992	45.105789	0.000000	-420.000000	0	25.287277	0.060488	0.093412	43.957697	-1.458081	-434.328384	1.148092	1.458081	14.328384	0.084328	2.208992	9.447775	0	1	0	1	0
hl	2	65.500000	61	1	43	8.000000	25.000000	0.791678	1.733787	2968.023973	-420.000000	0.000000	74.000000	3014.803209	1251.105782	2297.938483	0.000000	0	435.412571	14.313019	40.913613	-2.882396	-446.354596	46.933287	0.297856	-422.056291	45.105789	0.000000	-420.000000	0	25.234066	0.053211	0.135050	43.923450	-1.292270	-434.205443	1.182339	1.292270	14.205443	0.297856	2.056291	9.354596	0	1	0	1	0
hl	2	65.500000	61	1	43	8.000000	25.000000	0.791678	1.733787	3015.016645	-420.000000	0.000000	75.000000	3061.708625	1251.105782	2297.938483	0.000000	0	435.825044	14.668071	40.415362	-2.668834	-446.518758	47.056306	0.542734	-422.611670	45.105789	0.000000	-420.000000	0	25.019296	0.214771	0.355052	43.735834	-1.063050	-434.565214	1.369955	1.063050	14.565214	0.542734	2.611670	9.518758	0	1	0	1	0
hl	2	65.500000	61	1	43	8.000000	25.000000	0.791678	1.733787	3061.920350	-420.000000	0.000000	76.000000	3108.677344	1251.105782	2297.938483	0.000000	0	435.808222	14.776795	40.778765	-2.838046	-446.377549	47.023327	0.712067	-423.000833	45.105789	0.000000	-420.000000	0	24.455443	0.563853	0.108725	43.901046	-1.062989	-434.689191	1.204743	1.062989	14.689191	0.712067	3.000833	9.377549	0	1	0	1	0
hl	2	65.500000	61	1	43	8.000000	25.000000	0.791678	1.733787	3108.908744	-420.000000	0.000000	77.000000	3155.918953	1251.105782	2297.938483	0.000000	0	435.729575	14.836469	40.635356	-2.874198	-446.294621	47.081118	0.463937	-423.174827	45.105789	0.000000	-420.000000	0	24.232537	0.222905	0.059673	43.858237	-1.205130	-434.734724	1.247552	1.205130	14.734724	0.463937	3.174827	9.294621	0	1	0	1	0
hl	2	65.500000	61	1	43	8.000000	25.000000	0.791678	1.733787	3156.140943	-420.000000	0.000000	78.000000	3203.015990	1251.105782	2297.938483	0.000000	0	435.815900	14.887738	40.268632	-2.939302	-446.353073	46.806307	0.398713	-423.147535	45.105789	0.000000	-420.000000	0	24.338868	0.106331	0.051269	43.537469	-1.270294	-434.750304	1.568320	1.270294	14.750304	0.398713	3.147535	9.353073	0	1	0	1	0
hl	2	65.500000	61	1	43	8.000000	25.000000	0.791678	1.733787	3203.228998	-420.000000	0.000000	79.000000	3249.790093	1251.105782	2297.938483	0.000000	0	435.369173	14.989770	40.455324	-3.197394	-446.342055	47.102215	-0.280501	-423.316555	45.105789	0.000000	-420.000000	0	24.142557	0.196312	0.102032	43.778769	-1.738947	-434.829305	1.327020	1.738947	14.829305	0.280501	3.316555	9.342055	0	1	0	1	0
hl	2	65.500000	61	1	43	8.000000	25.000000	0.791678	1.733787	3250.062983	-420.000000	0.000000	80.000000	3297.185684	1251.105782	2297.938483	0.000000	0	435.286997	14.989534	40.401705	-3.167376	-446.177791	47.321060	-0.428888	-423.480551	45.105789	0.000000	-420.000000	0	23.886011	0.256546	0.000236	43.861382	-1.798132	-434.829171	1.244407	1.798132	14.829171	0.428888	3.480551	9.177791	0	1	0	1	0
hl	2	65.500000	61	1	43	8.000000	25.000000	0.791678	1.733787	3297.400830	-420.000000	0.000000	81.000000	3344.136010	1251.105782	2297.938483	0.000000	0	435.414300	15.072117	40.299534	-3.066260	-446.182900	47.372528	-0.336684	-423.660788	45.105789	0.000000	-420.000000	0	23.763908	0.122102	0.082583	43.836031	-1.701472	-434.921844	1.269758	1.701472	14.921844	0.336684	3.660788	9.182900	0	1	0	1	0
hl	2	65.500000	61	1	43	8.000000	25.000000	0.791678	1.733787	3344.348591	-420.000000	0.000000	82.000000	3391.354094	1251.105782	2297.938483	0.000000	0	435.593487	15.286260	40.046473	-2.945744	-446.293389	47.685668	-0.221830	-424.013341	45.105789	0.000000	-420.000000	0	23.710284	0.053625	0.214143	43.866071	-1.583787	-435.153365	1.239719	1.583787	15.153365	0.221830	4.013341	9.293389	0	1	0	1	0
hl	2	65.500000	61	1	43	8.000000	25.000000	0.791678	1.733787	3391.609875	-420.000000	0.000000	83.000000	3438.428462	1251.105782	2297.938483	0.000000	0	435.847526	15.484199	40.162488	-3.122046	-446.244005	47.320066	0.245392	-424.469493	45.105789	0.000000	-420.000000	0	23.166785	0.543498	0.197939	43.741277	-1.438327	-435.356749	1.364512	1.438327	15.356749	0.245392	4.469493	9.244005	0	1	0	1	0
hl	2	65.500000	61	1	43	8.000000	25.000000	0.791678	1.733787	3438.640187	-420.000000	0.000000	84.000000	3485.386060	1251.105782	2297.938483	0.000000	0	435.913799	15.525915	40.264057	-3.123896	-446.214289	47.179726	0.345043	-424.588850	45.105789	0.000000	-420.000000	0	22.967795	0.198991	0.041716	43.721891	-1.389427	-435.401570	1.383898	1.389427	15.401570	0.345043	4.588850	9.214289	0	1	0	1	0
hl	2	65.500000	61	1	43	8.000000	25.000000	0.791678	1.733787	3485.603773	-420.000000	0.000000	85.000000	3532.477537	1251.105782	2297.938483	0.000000	0	435.931345	15.530686	40.463304	-3.141452	-446.173429	47.056046	0.432899	-424.652281	45.105789	0.000000	-420.000000	0	22.790350	0.177445	0.004771	43.759675	-1.354276	-435.412855	1.346114	1.354276	15.412855	0.432899	4.652281	9.173429	0	1	0	1	0
hl	2	65.500000	61	1	43	8.000000	25.000000	0.791678	1.733787	3532.689690	-420.000000	0.000000	86.000000	3579.580990	1251.105782	2297.938483	0.000000	0	435.902622	15.612222	40.365079	-3.094054	-446.161819	47.368544	0.332605	-424.841408	45.105789	0.000000	-420.000000	0	22.701332	0.089018	0.081537	43.866811	-1.380725	-435.501614	1.238978	1.380725	15.501614	0.332605	4.841408	9.161819	0	1	0	1	0
hl	2	65.500000	61	1	43	8.000000	25.000000	0.791678	1.733787	3579.794854	-420.000000	0.000000	87.000000	3626.640387	1251.105782	2297.938483	0.000000	0	435.934502	15.640106	40.399380	-3.122523	-446.170526	47.271163	0.380473	-424.885488	45.105789	0.000000	-420.000000	0	22.639461	0.061870	0.027884	43.835272	-1.371025	-435.528007	1.270518	1.371025	15.528007	0.380473	4.885488	9.170526	0	1	0	1	0
hl	2	65.500000	61	1	43	8.000000	25.000000	0.791678	1.733787	3626.853395	-420.000000	0.000000	88.000000	3673.160420	1251.105782	2297.938483	0.000000	0	436.009149	15.608425	40.426728	-3.057236	-446.120541	47.186097	0.497368	-424.882447	45.105789	0.000000	-420.000000	0	22.569469	0.069992	0.031681	43.806413	-1.279934	-435.501494	1.299377	1.279934	15.501494	0.497368	4.882447	9.120541	0	1	0	1	0
hl	2	65.500000	61	1	43	8.000000	25.000000	0.791678	1.733787	3703.933678	-420.000000	0.000000	89.000000	3744.339352	1251.105782	2297.938483	0.000000	0	436.077242	15.673053	40.244074	-2.925472	-446.137489	47.378674	0.467255	-425.004661	45.105789	0.000000	-420.000000	0	22.561240	0.008229	0.064628	43.811374	-1.229109	-435.571075	1.294415	1.229109	15.571075	0.467255	5.004661	9.137489	0	1	0	1	0
hl	2	65.500000	61	1	43	8.000000	25.000000	0.791678	1.733787	3744.552360	-420.000000	0.000000	90.000000	3791.258455	1251.105782	2297.938483	0.000000	0	436.030020	15.645525	40.504875	-3.041714	-446.118506	47.204836	0.537941	-424.971711	45.105789	0.000000	-420.000000	0	22.469765	0.091475	0.027528	43.854856	-1.251887	-435.545109	1.250934	1.251887	15.545109	0.537941	4.971711	9.118506	0	1	0	1	0
hl	2	65.500000	61	1	43	8.000000	25.000000	0.791678	1.733787	3791.545887	-420.000000	0.000000	91.000000	3838.450875	1251.105782	2297.938483	0.000000	0	436.027235	15.685110	40.413334	-3.013466	-446.149820	47.302318	0.466416	-425.017046	45.105789	0.000000	-420.000000	0	22.498040	0.028275	0.039584	43.857826	-1.273525	-435.583433	1.247963	1.273525	15.583433	0.466416	5.017046	9.149820	0	1	0	1	0
hl	2	65.500000	61	1	43	8.000000	25.000000	0.791678	1.733787	3838.666877	-420.000000	0.000000	92.000000	3885.445258	1251.105782	2297.938483	0.000000	0	436.105879	15.670172	40.237733	-2.958247	-446.157844	47.189339	0.483276	-424.960290	45.105789	0.000000	-420.000000	0	22.572222	0.074181	0.014937	43.713536	-1.237485	-435.559067	1.392253	1.237485	15.559067	0.483276	4.960290	9.157844	0	1	0	1	0
hl	2	65.500000	61	1	43	8.000000	25.000000	0.791678	1.733787	3885.659121	-420.000000	0.000000	93.000000	3932.716807	1251.105782	2297.938483	0.000000	0	435.996407	15.629240	40.358177	-3.062616	-446.105584	47.184612	0.420588	-424.926494	45.105789	0.000000	-420.000000	0	22.523028	0.049193	0.040932	43.771394	-1.321014	-435.516039	1.334395	1.321014	15.516039	0.420588	4.926494	9.105584	0	1	0	1	0
hl	2	65.500000	61	1	43	8.000000	25.000000	0.791678	1.733787	3932.930671	-420.000000	0.000000	94.000000	3979.538388	1251.105782	2297.938483	0.000000	0	435.876737	15.615678	40.554716	-3.215252	-446.064100	47.194781	0.396397	-424.942186	45.105789	0.000000	-420.000000	0	22.433674	0.089355	0.013563	43.874748	-1.409428	-435.503143	1.231041	1.409428	15.503143	0.396397	4.942186	9.064100	0	1	0	1	0
hl	2	65.500000	61	1	43	8.000000	25.000000	0.791678	1.733787	3979.752680	-420.000000	0.000000	95.000000	4015.315199	1251.105782	2297.938483	4015.310921	0	435.899383	15.658905	  40.439745   -3.189682 -446.124898	  47.263943    0.360933 -424.963908	45.105789	0.000000	-420.000000	0	22.515862	0.082188	0.043227	0
