subjName	sessionNR	IOD	trialN	textureType	texnum	visualAngle	simulatedDepth	light_intensity	ambient_intensity	time	displayDistance	isRotated	frameN	timTote	startTime	touchTime	endTime	fingersOccluded	distanceToHome	distanceToObject	indexXraw	indexYraw	indexZraw	thumbXraw	thumbYraw	thumbZraw	targetX	targetY	targetZ	failCause	gripAperture	gripApertureVel	distFromObjVel	gripOriginX	gripOriginY	gripOriginZ	distFromObjX	distFromObjY	distFromObjZ	y_dist_thm	z_dist_thm	z_dist_ind	handOnObj	handnearObj	handfarObj	handTouchObj	framesOccluded
hl	2	65.500000	57	2	13	8.000000	45.000000	0.490025	2.502165	888.181428	-420.000000	0.000000	30.000000	936.414509	0.000000	0.000000	0.000000	0	6.833538	425.233916	217.663285	-353.997598	-260.300586	221.706677	-351.490450	-257.720268	45.105789	0.000000	-420.000000	0	5.412288	0.397322	0.365442	219.684981	-352.744024	-259.010427	174.579192	352.744024	160.989573	351.490450	162.279732	196.699414	0	0	1	0	0
hl	2	65.500000	57	2	13	8.000000	45.000000	0.490025	2.502165	936.744714	-420.000000	0.000000	31.000000	982.440517	0.000000	0.000000	0.000000	0	7.724500	424.275205	217.181347	-353.763608	-260.623072	220.742613	-350.459257	-258.123047	45.105789	0.000000	-420.000000	0	5.463650	0.051362	0.958711	218.961980	-352.111432	-259.373060	173.856191	352.111432	160.626940	350.459257	161.876953	196.376928	0	0	1	0	0
hl	2	65.500000	57	2	13	8.000000	45.000000	0.490025	2.502165	982.651387	-420.000000	0.000000	32.000000	1029.740297	0.000000	0.000000	0.000000	1	7.724500	424.275205	217.181347	-353.763608	-260.623072	220.742613	-350.459257	-258.123047	45.105789	0.000000	-420.000000	0	5.463650	0.000000	0.000000	218.961980	-352.111432	-259.373060	173.856191	352.111432	160.626940	350.459257	161.876953	196.376928	0	0	1	0	0
hl	2	65.500000	57	2	13	8.000000	45.000000	0.490025	2.502165	1029.948172	-420.000000	0.000000	33.000000	1076.612777	0.000000	0.000000	0.000000	1	7.724500	424.275205	217.181347	-353.763608	-260.623072	220.742613	-350.459257	-258.123047	45.105789	0.000000	-420.000000	0	5.463650	0.000000	0.000000	218.961980	-352.111432	-259.373060	173.856191	352.111432	160.626940	350.459257	161.876953	196.376928	0	0	1	0	0
hl	2	65.500000	57	2	13	8.000000	45.000000	0.490025	2.502165	1076.818942	-420.000000	0.000000	34.000000	1123.184138	0.000000	0.000000	0.000000	1	7.724500	424.275205	217.181347	-353.763608	-260.623072	220.742613	-350.459257	-258.123047	45.105789	0.000000	-420.000000	0	5.463650	0.000000	0.000000	218.961980	-352.111432	-259.373060	173.856191	352.111432	160.626940	350.459257	161.876953	196.376928	0	0	1	0	0
hl	2	65.500000	57	2	13	8.000000	45.000000	0.490025	2.502165	1123.400140	-420.000000	0.000000	35.000000	1170.341057	0.000000	0.000000	0.000000	1	7.724500	424.275205	217.181347	-353.763608	-260.623072	220.742613	-350.459257	-258.123047	45.105789	0.000000	-420.000000	0	5.463650	0.000000	0.000000	218.961980	-352.111432	-259.373060	173.856191	352.111432	160.626940	350.459257	161.876953	196.376928	0	0	1	0	0
hl	2	65.500000	57	2	13	8.000000	45.000000	0.490025	2.502165	1170.547221	-420.000000	0.000000	36.000000	1217.045440	0.000000	0.000000	0.000000	1	7.724500	424.275205	217.181347	-353.763608	-260.623072	220.742613	-350.459257	-258.123047	45.105789	0.000000	-420.000000	0	5.463650	0.000000	0.000000	218.961980	-352.111432	-259.373060	173.856191	352.111432	160.626940	350.459257	161.876953	196.376928	0	0	1	0	0
hl	2	65.500000	57	2	13	8.000000	45.000000	0.490025	2.502165	1217.252460	-420.000000	0.000000	37.000000	1264.503479	0.000000	0.000000	0.000000	1	7.724500	424.275205	217.181347	-353.763608	-260.623072	220.742613	-350.459257	-258.123047	45.105789	0.000000	-420.000000	0	5.463650	0.000000	0.000000	218.961980	-352.111432	-259.373060	173.856191	352.111432	160.626940	350.459257	161.876953	196.376928	0	0	1	0	0
hl	2	65.500000	57	2	13	8.000000	45.000000	0.490025	2.502165	1264.727608	-420.000000	0.000000	38.000000	1311.790000	0.000000	0.000000	0.000000	1	7.724500	424.275205	217.181347	-353.763608	-260.623072	220.742613	-350.459257	-258.123047	45.105789	0.000000	-420.000000	0	5.463650	0.000000	0.000000	218.961980	-352.111432	-259.373060	173.856191	352.111432	160.626940	350.459257	161.876953	196.376928	0	0	1	0	0
hl	2	65.500000	57	2	13	8.000000	45.000000	0.490025	2.502165	1312.043642	-420.000000	0.000000	39.000000	1359.022199	0.000000	0.000000	0.000000	1	7.724500	424.275205	217.181347	-353.763608	-260.623072	220.742613	-350.459257	-258.123047	45.105789	0.000000	-420.000000	0	5.463650	0.000000	0.000000	218.961980	-352.111432	-259.373060	173.856191	352.111432	160.626940	350.459257	161.876953	196.376928	0	0	1	0	0
hl	2	65.500000	57	2	13	8.000000	45.000000	0.490025	2.502165	1359.232213	-420.000000	0.000000	40.000000	1406.445164	0.000000	0.000000	0.000000	1	7.724500	424.275205	217.181347	-353.763608	-260.623072	220.742613	-350.459257	-258.123047	45.105789	0.000000	-420.000000	0	5.463650	0.000000	0.000000	218.961980	-352.111432	-259.373060	173.856191	352.111432	160.626940	350.459257	161.876953	196.376928	0	0	1	0	0
hl	2	65.500000	57	2	13	8.000000	45.000000	0.490025	2.502165	1406.652184	-420.000000	0.000000	41.000000	1453.060153	1442.309658	0.000000	0.000000	0	267.293828	174.275316	129.148321	-107.696189	-349.357467	100.442574	-126.904642	-273.793738	45.105789	0.000000	-420.000000	0	83.083462	77.619812	249.999889	114.795447	-117.300415	-311.575603	69.689658	117.300415	108.424397	126.904642	146.206262	107.642533	0	0	0	0	0
hl	2	65.500000	57	2	13	8.000000	45.000000	0.490025	2.502165	1453.359562	-420.000000	0.000000	42.000000	1499.765819	1442.309658	0.000000	0.000000	0	298.140372	144.128392	124.522175	-77.963711	-365.770828	90.700461	-100.982707	-285.967684	45.105789	0.000000	-420.000000	0	89.679007	6.595545	30.146925	107.611318	-89.473209	-325.869256	62.505529	89.473209	94.130744	100.982707	134.032316	91.229172	0	0	0	0	0
hl	2	65.500000	57	2	13	8.000000	45.000000	0.490025	2.502165	1499.982249	-420.000000	0.000000	43.000000	1546.989464	1442.309658	0.000000	0.000000	0	325.470028	117.231106	119.846730	-54.068920	-382.439676	83.080791	-77.247049	-299.371318	45.105789	0.000000	-420.000000	0	93.751331	4.072324	26.897285	101.463760	-65.657985	-340.905497	56.357971	65.657985	79.094503	77.247049	120.628682	74.560324	0	0	0	0	0
hl	2	65.500000	57	2	13	8.000000	45.000000	0.490025	2.502165	1547.203327	-420.000000	0.000000	44.000000	1594.078374	1442.309658	0.000000	0.000000	0	348.698592	93.320162	114.664315	-36.630501	-400.593869	75.751278	-57.628093	-313.274914	45.105789	0.000000	-420.000000	0	97.876060	4.124729	23.910944	95.207797	-47.129297	-356.934392	50.102007	47.129297	63.065608	57.628093	106.725086	56.406131	0	0	0	0	0
hl	2	65.500000	57	2	13	8.000000	45.000000	0.490025	2.502165	1594.331161	-420.000000	0.000000	45.000000	1641.276783	1442.309658	0.000000	0.000000	0	368.088219	73.456718	110.210467	-23.272738	-416.867161	70.818369	-41.446279	-327.491676	45.105789	0.000000	-420.000000	0	99.347835	1.471775	19.863444	90.514418	-32.359509	-372.179418	45.408629	32.359509	47.820582	41.446279	92.508324	40.132839	0	0	0	0	0
hl	2	65.500000	57	2	13	8.000000	45.000000	0.490025	2.502165	1641.490219	-420.000000	0.000000	46.000000	1688.324203	1442.309658	0.000000	0.000000	0	384.275618	57.089320	106.894919	-13.272250	-432.595590	66.895323	-28.888980	-342.030105	45.105789	0.000000	-420.000000	0	100.229521	0.881686	16.367398	86.895121	-21.080615	-387.312848	41.789332	21.080615	32.687152	28.888980	77.969895	24.404410	0	0	0	0	0
hl	2	65.500000	57	2	13	8.000000	45.000000	0.490025	2.502165	1688.537639	-420.000000	0.000000	47.000000	1735.708246	1442.309658	0.000000	0.000000	0	397.241266	45.222232	104.082932	-6.977700	-447.230476	64.129430	-18.925441	-355.018949	45.105789	0.000000	-420.000000	0	101.202750	0.973228	11.867088	84.106181	-12.951571	-401.124712	39.000392	12.951571	18.875288	18.925441	64.981051	9.769524	0	0	0	0	0
hl	2	65.500000	57	2	13	8.000000	45.000000	0.490025	2.502165	1735.921681	-420.000000	0.000000	48.000000	1782.386966	1442.309658	0.000000	0.000000	0	406.937852	37.911102	101.462395	-4.056532	-460.671357	61.731291	-12.916377	-367.729547	45.105789	0.000000	-420.000000	0	101.465450	0.262700	7.311130	81.596843	-8.486454	-414.200452	36.491054	8.486454	5.799548	12.916377	52.270453	3.671357	0	0	0	0	0
hl	2	65.500000	57	2	13	8.000000	45.000000	0.490025	2.502165	1782.647451	-420.000000	0.000000	49.000000	1829.639268	1442.309658	0.000000	0.000000	0	414.253753	35.297753	99.265126	-2.678302	-471.235963	59.580733	-9.609869	-379.812196	45.105789	0.000000	-420.000000	0	99.905971	1.559479	2.613349	79.422929	-6.144086	-425.524080	34.317140	6.144086	5.524080	9.609869	40.187804	14.235963	0	0	0	0	0
hl	2	65.500000	57	2	13	8.000000	45.000000	0.490025	2.502165	1829.854842	-420.000000	0.000000	50.000000	1876.740582	1442.309658	0.000000	0.000000	0	419.779704	34.777074	95.371596	-2.983889	-480.620947	56.481746	-8.631231	-389.431699	45.105789	0.000000	-420.000000	0	99.296485	0.609486	0.520679	75.926671	-5.807560	-435.026323	30.820882	5.807560	15.026323	8.631231	30.568301	23.620947	0	0	0	0	0
hl	2	65.500000	57	2	13	8.000000	45.000000	0.490025	2.502165	1876.951452	-420.000000	0.000000	51.000000	1923.670378	1442.309658	0.000000	0.000000	0	424.113117	37.661496	92.817604	-3.764795	-488.682261	53.721610	-9.335809	-399.578746	45.105789	0.000000	-420.000000	0	97.462657	1.833828	2.884422	73.269607	-6.550302	-444.130503	28.163818	6.550302	24.130503	9.335809	20.421254	31.682261	0	1	0	0	0
hl	2	65.500000	57	2	13	8.000000	45.000000	0.490025	2.502165	1923.882958	-420.000000	0.000000	52.000000	1970.613433	1442.309658	1959.350094	0.000000	0	428.330083	40.970730	90.217016	-3.902560	-494.736290	52.207941	-8.286999	-407.228058	45.105789	0.000000	-420.000000	0	95.507087	1.955570	3.309233	71.212479	-6.094779	-450.982174	26.106689	6.094779	30.982174	8.286999	12.771942	37.736290	0	1	0	1	0
hl	2	65.500000	57	2	13	8.000000	45.000000	0.490025	2.502165	1970.827725	-420.000000	0.000000	53.000000	2017.853332	1442.309658	1959.350094	0.000000	0	431.396252	45.604792	88.266656	-4.913031	-500.528875	50.733659	-9.166868	-415.237898	45.105789	0.000000	-420.000000	0	93.281144	2.225943	4.634063	69.500158	-7.039950	-457.883386	24.394368	7.039950	37.883386	9.166868	4.762102	43.528875	0	1	0	1	0
hl	2	65.500000	57	2	13	8.000000	45.000000	0.490025	2.502165	2018.068051	-420.000000	0.000000	54.000000	2064.879794	1442.309658	1959.350094	0.000000	0	434.431345	48.010838	85.273389	-4.852513	-503.737966	48.304800	-9.275632	-420.759933	45.105789	0.000000	-420.000000	0	90.948306	2.332837	2.406046	66.789095	-7.064073	-462.248949	21.683306	7.064073	42.248949	9.275632	0.759933	46.737966	0	1	0	1	0
hl	2	65.500000	57	2	13	8.000000	45.000000	0.490025	2.502165	2065.093230	-420.000000	0.000000	55.000000	2111.990518	1442.309658	1959.350094	0.000000	0	436.667299	50.380675	81.928134	-5.925954	-506.782260	46.212784	-9.643517	-425.260155	45.105789	0.000000	-420.000000	0	89.080077	1.868229	2.369836	64.070459	-7.784736	-466.021208	18.964670	7.784736	46.021208	9.643517	5.260155	49.782260	0	1	0	1	0
hl	2	65.500000	57	2	13	8.000000	45.000000	0.490025	2.502165	2112.205665	-420.000000	0.000000	56.000000	2158.206010	1442.309658	1959.350094	0.000000	0	438.942689	51.234385	78.002279	-5.507342	-507.709749	44.362550	-9.513809	-428.417158	45.105789	0.000000	-420.000000	0	86.226435	2.853642	0.853710	61.182415	-7.510576	-468.063453	16.076625	7.510576	48.063453	9.513809	8.417158	50.709749	0	1	0	1	0
hl	2	65.500000	57	2	13	8.000000	45.000000	0.490025	2.502165	2158.429711	-420.000000	0.000000	57.000000	2205.402280	1442.309658	1959.350094	0.000000	0	440.699668	51.024189	73.933396	-5.542094	-507.321261	43.106414	-8.373951	-430.149049	45.105789	0.000000	-420.000000	0	83.149699	3.076736	0.210195	58.519905	-6.958023	-468.735155	13.414116	6.958023	48.735155	8.373951	10.149049	50.321261	0	1	0	1	0
hl	2	65.500000	57	2	13	8.000000	45.000000	0.490025	2.502165	2205.629403	-420.000000	0.000000	58.000000	2252.710186	1442.309658	1959.350094	0.000000	0	442.293897	52.451329	70.547356	-5.585530	-507.851682	41.710386	-9.079438	-433.654343	45.105789	0.000000	-420.000000	0	79.680759	3.468940	1.427140	56.128871	-7.332484	-470.753013	11.023082	7.332484	50.753013	9.079438	13.654343	50.851682	0	1	0	1	0
hl	2	65.500000	57	2	13	8.000000	45.000000	0.490025	2.502165	2252.924477	-420.000000	0.000000	59.000000	2300.069420	1442.309658	1959.350094	0.000000	0	443.729157	49.902214	66.163895	-4.099534	-504.896418	42.858339	-5.993571	-432.598261	45.105789	0.000000	-420.000000	0	75.985260	3.695499	2.549115	54.511117	-5.046553	-468.747339	9.405328	5.046553	48.747339	5.993571	12.598261	47.896418	0	1	0	1	0
hl	2	65.500000	57	2	13	8.000000	45.000000	0.490025	2.502165	2300.288844	-420.000000	0.000000	60.000000	2346.734881	1442.309658	1959.350094	0.000000	0	443.890278	44.230000	62.278411	-1.049066	-500.847214	41.642921	-4.878435	-426.342687	45.105789	0.000000	-420.000000	0	77.404212	1.418952	5.672215	51.960666	-2.963751	-463.594950	6.854877	2.963751	43.594950	4.878435	6.342687	43.847214	0	1	0	1	0
hl	2	65.500000	57	2	13	8.000000	45.000000	0.490025	2.502165	2346.950455	-420.000000	0.000000	61.000000	2394.010708	1442.309658	1959.350094	0.000000	0	443.260854	38.876739	58.377503	-0.092790	-496.902363	40.743291	-3.867369	-420.237422	45.105789	0.000000	-420.000000	0	78.757388	1.353176	5.353260	49.560397	-1.980080	-458.569893	4.454608	1.980080	38.569893	3.867369	0.237422	39.902363	0	1	0	1	0
hl	2	65.500000	57	2	13	8.000000	45.000000	0.490025	2.502165	2394.225427	-420.000000	0.000000	62.000000	2440.807053	1442.309658	1959.350094	0.000000	0	443.539189	34.532620	55.139452	1.089365	-491.927550	42.133628	-0.430288	-416.772583	45.105789	0.000000	-420.000000	0	76.287154	2.470233	4.344119	48.636540	0.329538	-454.350066	3.530751	0.329538	34.350066	0.430288	3.227417	34.927550	0	1	0	1	0
hl	2	65.500000	57	2	13	8.000000	45.000000	0.490025	2.502165	2441.019633	-420.000000	0.000000	63.000000	2488.298882	1442.309658	1959.350094	0.000000	0	444.725400	33.400842	52.735383	2.018186	-487.436463	44.816799	3.145427	-418.759592	45.105789	0.000000	-420.000000	0	69.141067	7.146087	1.131778	48.776091	2.581806	-453.098028	3.670302	2.581806	33.098028	3.145427	1.240408	30.436463	0	1	0	1	0
hl	2	65.500000	57	2	13	8.000000	45.000000	0.490025	2.502165	2488.513173	-420.000000	0.000000	64.000000	2534.987868	1442.309658	1959.350094	0.000000	0	445.041502	33.272965	51.528039	2.678389	-483.887178	45.029103	2.888793	-422.121163	45.105789	0.000000	-420.000000	0	62.107335	7.033732	0.127878	48.278571	2.783591	-453.004170	3.172782	2.783591	33.004170	2.888793	2.121163	26.887178	0	1	0	1	0
hl	2	65.500000	57	2	13	8.000000	45.000000	0.490025	2.502165	2535.200448	-420.000000	0.000000	65.000000	2582.228193	1442.309658	1959.350094	0.000000	0	444.857320	32.666966	50.640311	3.013334	-481.188234	45.969391	2.816604	-423.569766	45.105789	0.000000	-420.000000	0	57.807820	4.299516	0.605998	48.304851	2.914969	-452.379000	3.199062	2.914969	32.379000	2.816604	3.569766	24.188234	0	1	0	1	0
hl	2	65.500000	57	2	13	8.000000	45.000000	0.490025	2.502165	2582.441629	-420.000000	0.000000	66.000000	2629.130615	1442.309658	1959.350094	0.000000	0	443.994594	30.868748	49.001440	2.151540	-477.413524	45.991206	2.609871	-423.954128	45.105789	0.000000	-420.000000	0	53.546042	4.261778	1.798218	47.496323	2.380706	-450.683826	2.390534	2.380706	30.683826	2.609871	3.954128	20.413524	0	1	0	1	0
hl	2	65.500000	57	2	13	8.000000	45.000000	0.490025	2.502165	2629.344478	-420.000000	0.000000	67.000000	2676.414569	1442.309658	1959.350094	0.000000	0	443.111640	28.463376	46.902642	1.309073	-472.918398	45.613093	2.559801	-423.829975	45.105789	0.000000	-420.000000	0	49.121283	4.424758	2.405372	46.257867	1.934437	-448.374186	1.152078	1.934437	28.374186	2.559801	3.829975	15.918398	0	1	0	1	0
hl	2	65.500000	57	2	13	8.000000	45.000000	0.490025	2.502165	2676.628860	-420.000000	0.000000	68.000000	2723.424777	1442.309658	1959.350094	0.000000	0	442.775804	26.821204	45.311312	1.636614	-469.163855	46.073665	2.619235	-424.296587	45.105789	0.000000	-420.000000	0	44.884501	4.236782	1.642172	45.692489	2.127925	-446.730221	0.586700	2.127925	26.730221	2.619235	4.296587	12.163855	0	1	0	1	0
hl	2	65.500000	57	2	13	8.000000	45.000000	0.490025	2.502165	2723.637785	-420.000000	0.000000	69.000000	2770.147125	1442.309658	1959.350094	0.000000	0	442.448390	25.374274	44.598802	1.850776	-466.014834	46.098748	2.826723	-424.515355	45.105789	0.000000	-420.000000	0	41.538044	3.346458	1.446930	45.348775	2.338749	-445.265095	0.242986	2.338749	25.265095	2.826723	4.515355	9.014834	0	1	0	1	0
hl	2	65.500000	57	2	13	8.000000	45.000000	0.490025	2.502165	2770.405473	-420.000000	0.000000	70.000000	2817.185136	1442.309658	1959.350094	0.000000	0	442.913968	25.204225	43.867760	2.391576	-465.454397	45.998677	3.260537	-424.634987	45.105789	0.000000	-420.000000	0	40.884229	0.653815	0.170049	44.933218	2.826056	-445.044692	0.172571	2.826056	25.044692	3.260537	4.634987	8.454397	0	1	0	1	0
hl	2	65.500000	57	2	13	8.000000	45.000000	0.490025	2.502165	2817.400711	-420.000000	0.000000	71.000000	2864.383117	1442.309658	1959.350094	0.000000	0	442.932423	25.058318	44.061125	2.384393	-465.121187	45.770526	3.465453	-424.651417	45.105789	0.000000	-420.000000	0	40.520279	0.363949	0.145907	44.915826	2.924923	-444.886302	0.189963	2.924923	24.886302	3.465453	4.651417	8.121187	0	1	0	1	0
hl	2	65.500000	57	2	13	8.000000	45.000000	0.490025	2.502165	2864.595697	-420.000000	0.000000	72.000000	2911.316335	1442.309658	1959.350094	0.000000	0	442.979485	24.948743	43.913885	2.306849	-465.026946	45.479023	3.561652	-424.517474	45.105789	0.000000	-420.000000	0	40.559112	0.038832	0.109575	44.696454	2.934250	-444.772210	0.409335	2.934250	24.772210	3.561652	4.517474	8.026946	0	1	0	1	0
hl	2	65.500000	57	2	13	8.000000	45.000000	0.490025	2.502165	2911.542175	-420.000000	0.000000	73.000000	2958.558371	1442.309658	1959.350094	0.000000	0	442.860467	24.913828	44.055064	2.138651	-464.940539	45.466198	3.522765	-424.559634	45.105789	0.000000	-420.000000	0	40.429254	0.129858	0.034915	44.760631	2.830708	-444.750087	0.345158	2.830708	24.750087	3.522765	4.559634	7.940539	1	1	0	1	0
hl	2	65.500000	57	2	13	8.000000	45.000000	0.490025	2.502165	2958.779934	-420.000000	0.000000	74.000000	3005.444539	1442.309658	1959.350094	0.000000	0	442.776692	25.028885	43.883564	2.209430	-464.995274	45.642619	3.102234	-424.775167	45.105789	0.000000	-420.000000	0	40.268453	0.160801	0.115057	44.763092	2.655832	-444.885221	0.342697	2.655832	24.885221	3.102234	4.775167	7.995274	1	1	0	1	0
hl	2	65.500000	57	2	13	8.000000	45.000000	0.490025	2.502165	3005.666529	-420.000000	0.000000	75.000000	3052.296488	1442.309658	1959.350094	0.000000	0	442.694460	25.048223	43.929421	2.086341	-465.051252	45.663679	3.022303	-424.780196	45.105789	0.000000	-420.000000	0	40.319247	0.050793	0.019338	44.796550	2.554322	-444.915724	0.309239	2.554322	24.915724	3.022303	4.780196	8.051252	0	1	0	1	0
hl	2	65.500000	57	2	13	8.000000	45.000000	0.490025	2.502165	3052.510352	-420.000000	0.000000	76.000000	3099.685236	1442.309658	1959.350094	0.000000	0	442.746351	25.017175	43.903039	2.173278	-465.011882	45.590315	3.054765	-424.743399	45.105789	0.000000	-420.000000	0	40.313455	0.005791	0.031048	44.746677	2.614022	-444.877640	0.359112	2.614022	24.877640	3.054765	4.743399	8.011882	0	1	0	1	0
hl	2	65.500000	57	2	13	8.000000	45.000000	0.490025	2.502165	3099.898244	-420.000000	0.000000	77.000000	3146.741639	1442.309658	1959.350094	0.000000	0	442.723985	25.019549	44.018380	2.180461	-464.893535	45.718427	3.113894	-424.862426	45.105789	0.000000	-420.000000	0	40.078064	0.235392	0.002373	44.868403	2.647177	-444.877981	0.237386	2.647177	24.877981	3.113894	4.862426	7.893535	1	1	0	1	0
hl	2	65.500000	57	2	13	8.000000	45.000000	0.490025	2.502165	3146.952936	-420.000000	0.000000	78.000000	3193.828410	1442.309658	1959.350094	0.000000	0	442.694899	24.991809	43.962345	2.162610	-464.891425	45.646686	3.019780	-424.819156	45.105789	0.000000	-420.000000	0	40.116810	0.038747	0.027740	44.804516	2.591195	-444.855291	0.301274	2.591195	24.855291	3.019780	4.819156	7.891425	1	1	0	1	0
hl	2	65.500000	57	2	13	8.000000	45.000000	0.490025	2.502165	3194.042274	-420.000000	0.000000	79.000000	3240.952822	1442.309658	1959.350094	0.000000	0	442.550713	24.994810	44.066239	2.087281	-464.807671	45.825885	2.862186	-424.935297	45.105789	0.000000	-420.000000	0	39.918706	0.198104	0.003001	44.946062	2.474733	-444.871484	0.159727	2.474733	24.871484	2.862186	4.935297	7.807671	1	1	0	1	0
hl	2	65.500000	57	2	13	8.000000	45.000000	0.490025	2.502165	3241.166686	-420.000000	0.000000	80.000000	3287.882618	1442.309658	1959.350094	0.000000	0	442.557087	25.005675	44.096782	2.045631	-464.815353	45.808154	2.914934	-424.948427	45.105789	0.000000	-420.000000	0	39.913110	0.005596	0.010864	44.952468	2.480283	-444.881890	0.153321	2.480283	24.881890	2.914934	4.948427	7.815353	1	1	0	1	0
hl	2	65.500000	57	2	13	8.000000	45.000000	0.490025	2.502165	3288.102470	-420.000000	0.000000	81.000000	3335.155023	1442.309658	1959.350094	0.000000	0	442.557651	25.001416	44.174634	2.062063	-464.694670	45.890454	2.989275	-425.052146	45.105789	0.000000	-420.000000	0	39.690471	0.222639	0.004258	45.032544	2.525669	-444.873408	0.073245	2.525669	24.873408	2.989275	5.052146	7.694670	1	1	0	1	0
hl	2	65.500000	57	2	13	8.000000	45.000000	0.490025	2.502165	3335.376158	-420.000000	0.000000	82.000000	3382.210143	1442.309658	1959.350094	0.000000	0	442.621103	25.063072	44.093479	2.118579	-464.716501	45.921867	3.002778	-425.146946	45.105789	0.000000	-420.000000	0	39.621642	0.068829	0.061655	45.007673	2.560678	-444.931724	0.098116	2.560678	24.931724	3.002778	5.146946	7.716501	1	1	0	1	0
hl	2	65.500000	57	2	13	8.000000	45.000000	0.490025	2.502165	3382.424007	-420.000000	0.000000	83.000000	3429.184423	1442.309658	1959.350094	0.000000	0	442.757173	25.093228	44.025893	2.242918	-464.677513	45.982960	3.198305	-425.212690	45.105789	0.000000	-420.000000	0	39.524868	0.096774	0.030156	45.004426	2.720612	-444.945102	0.101363	2.720612	24.945102	3.198305	5.212690	7.677513	1	1	0	1	0
hl	2	65.500000	57	2	13	8.000000	45.000000	0.490025	2.502165	3429.399997	-420.000000	0.000000	84.000000	3475.950827	1442.309658	1959.350094	0.000000	0	442.623795	25.072806	44.239024	2.106915	-464.575288	46.068077	3.165057	-425.292332	45.105789	0.000000	-420.000000	0	39.339748	0.185120	0.020422	45.153551	2.635986	-444.933810	0.047761	2.635986	24.933810	3.165057	5.292332	7.575288	1	1	0	1	0
hl	2	65.500000	57	2	13	8.000000	45.000000	0.490025	2.502165	3476.163835	-420.000000	0.000000	85.000000	3523.223660	1442.309658	1959.350094	0.000000	0	442.591031	25.030480	44.090951	2.036411	-464.668152	45.928092	3.045092	-425.133865	45.105789	0.000000	-420.000000	0	39.589801	0.250053	0.042326	45.009521	2.540752	-444.901008	0.096268	2.540752	24.901008	3.045092	5.133865	7.668152	1	1	0	1	0
hl	2	65.500000	57	2	13	8.000000	45.000000	0.490025	2.502165	3523.437096	-420.000000	0.000000	86.000000	3593.941074	1442.309658	1959.350094	0.000000	0	442.567442	24.998841	43.962541	2.032085	-464.641155	45.946568	2.965580	-425.105202	45.105789	0.000000	-420.000000	0	39.596710	0.006909	0.031639	44.954554	2.498832	-444.873178	0.151235	2.498832	24.873178	2.965580	5.105202	7.641155	1	1	0	1	0
hl	2	65.500000	57	2	13	8.000000	45.000000	0.490025	2.502165	3594.154082	-420.000000	0.000000	87.000000	3640.936740	1442.309658	1959.350094	0.000000	0	442.479939	25.003020	44.127432	1.872353	-464.597009	45.981499	2.996732	-425.171308	45.105789	0.000000	-420.000000	0	39.485285	0.111425	0.004179	45.054466	2.434542	-444.884159	0.051323	2.434542	24.884159	2.996732	5.171308	7.597009	1	1	0	1	0
hl	2	65.500000	57	2	13	8.000000	45.000000	0.490025	2.502165	3641.149320	-420.000000	0.000000	88.000000	3687.898187	1442.309658	1959.350094	0.000000	0	442.592123	25.025727	43.998542	2.012991	-464.558302	45.948188	3.038631	-425.236868	45.105789	0.000000	-420.000000	0	39.383096	0.102189	0.022707	44.973365	2.525811	-444.897585	0.132424	2.525811	24.897585	3.038631	5.236868	7.558302	1	1	0	1	0
hl	2	65.500000	57	2	13	8.000000	45.000000	0.490025	2.502165	3688.112051	-420.000000	0.000000	89.000000	3735.155194	1442.309658	1959.350094	0.000000	0	442.662565	25.032988	44.073368	2.023207	-464.521616	45.881579	3.209397	-425.269507	45.105789	0.000000	-420.000000	0	39.311635	0.071460	0.007261	44.977474	2.616302	-444.895561	0.128315	2.616302	24.895561	3.209397	5.269507	7.521616	1	1	0	1	0
hl	2	65.500000	57	2	13	8.000000	45.000000	0.490025	2.502165	3735.373335	-420.000000	0.000000	90.000000	3782.223146	1442.309658	1959.350094	0.000000	0	442.819985	25.062876	43.884986	2.174169	-464.482840	45.892891	3.345089	-425.336240	45.105789	0.000000	-420.000000	0	39.215546	0.096090	0.029888	44.888939	2.759629	-444.909540	0.216851	2.759629	24.909540	3.345089	5.336240	7.482840	1	1	0	1	0
hl	2	65.500000	57	2	13	8.000000	45.000000	0.490025	2.502165	3782.443426	-420.000000	0.000000	91.000000	3829.303930	1442.309658	1959.350094	0.000000	0	442.805891	25.050868	43.973069	2.169746	-464.390257	45.922751	3.388442	-425.401215	45.105789	0.000000	-420.000000	0	39.056778	0.158768	0.012008	44.947910	2.779094	-444.895736	0.157880	2.779094	24.895736	3.388442	5.401215	7.390257	1	1	0	1	0
hl	2	65.500000	57	2	13	8.000000	45.000000	0.490025	2.502165	3829.521215	-420.000000	0.000000	92.000000	3876.250407	1442.309658	1959.350094	0.000000	0	442.793475	24.976369	44.078579	2.121504	-464.324866	45.819866	3.490598	-425.310628	45.105789	0.000000	-420.000000	0	39.077068	0.020291	0.074499	44.949222	2.806051	-444.817747	0.156567	2.806051	24.817747	3.490598	5.310628	7.324866	1	1	0	1	0
hl	2	65.500000	57	2	13	8.000000	45.000000	0.490025	2.502165	3876.463843	-420.000000	0.000000	93.000000	3923.558314	1442.309658	1959.350094	0.000000	0	442.850598	24.935864	43.822277	2.207286	-464.411369	45.638697	3.371153	-425.141703	45.105789	0.000000	-420.000000	0	39.328878	0.251810	0.040505	44.730487	2.789219	-444.776536	0.375303	2.789219	24.776536	3.371153	5.141703	7.411369	1	1	0	1	0
hl	2	65.500000	57	2	13	8.000000	45.000000	0.490025	2.502165	3923.770466	-420.000000	0.000000	94.000000	3970.396148	1442.309658	1959.350094	0.000000	0	442.645639	24.911004	44.088365	1.957979	-464.321973	45.775252	3.320982	-425.218355	45.105789	0.000000	-420.000000	0	39.163712	0.165166	0.024860	44.931808	2.639480	-444.770164	0.173981	2.639480	24.770164	3.320982	5.218355	7.321973	1	1	0	1	0
hl	2	65.500000	57	2	13	8.000000	45.000000	0.490025	2.502165	3970.608301	-420.000000	0.000000	95.000000	4005.793564	1442.309658	1959.350094	4005.788859	0	442.705749	24.850031	  44.003115    2.024194 -464.308727	  45.600905    3.345750 -425.096643	45.105789	0.000000	-420.000000	0	39.266869	0.103157	0.060974	0
