subjName	sessionNR	IOD	trialN	textureType	texnum	visualAngle	simulatedDepth	light_intensity	ambient_intensity	time	displayDistance	isRotated	frameN	timTote	startTime	touchTime	endTime	fingersOccluded	distanceToHome	distanceToObject	indexXraw	indexYraw	indexZraw	thumbXraw	thumbYraw	thumbZraw	targetX	targetY	targetZ	failCause	gripAperture	gripApertureVel	distFromObjVel	gripOriginX	gripOriginY	gripOriginZ	distFromObjX	distFromObjY	distFromObjZ	y_dist_thm	z_dist_thm	z_dist_ind	handOnObj	handnearObj	handfarObj	handTouchObj	framesOccluded
hl	3	65.500000	94	3	27	8.000000	25.000000	0.270302	3.233653	882.982259	-420.000000	0.000000	30.000000	930.184921	0.000000	0.000000	0.000000	0	4.153631	434.453725	221.423236	-356.665666	-249.601695	226.643138	-355.715044	-245.229514	44.887726	0.000000	-420.000000	0	6.875102	0.188310	0.007927	224.033187	-356.190355	-247.415604	179.145461	356.190355	172.584396	355.715044	174.770486	187.398305	0	0	1	0	0
hl	3	65.500000	94	3	27	8.000000	25.000000	0.270302	3.233653	930.512990	-420.000000	0.000000	31.000000	976.923923	0.000000	0.000000	0.000000	0	4.178960	434.476479	221.412926	-356.660619	-249.598604	226.716379	-355.739573	-245.223579	44.887726	0.000000	-420.000000	0	6.936554	0.061452	0.022755	224.064652	-356.200096	-247.411091	179.176927	356.200096	172.588909	355.739573	174.776421	187.401396	0	0	1	0	0
hl	3	65.500000	94	3	27	8.000000	25.000000	0.270302	3.233653	977.148909	-420.000000	0.000000	32.000000	1024.568003	0.000000	0.000000	0.000000	0	4.239096	434.509805	221.507607	-356.693685	-249.601521	226.753038	-355.730152	-245.238047	44.887726	0.000000	-420.000000	0	6.890780	0.045774	0.033326	224.130323	-356.211919	-247.419784	179.242597	356.211919	172.580216	355.730152	174.761953	187.398479	0	0	1	0	0
hl	3	65.500000	94	3	27	8.000000	25.000000	0.270302	3.233653	1024.782723	-420.000000	0.000000	33.000000	1071.446444	0.000000	0.000000	0.000000	0	4.114441	434.423159	221.424766	-356.634258	-249.562858	226.552481	-355.701567	-245.237099	44.887726	0.000000	-420.000000	0	6.773151	0.117629	0.086646	223.988623	-356.167913	-247.399979	179.100897	356.167913	172.600021	355.701567	174.762901	187.437142	0	0	1	0	0
hl	3	65.500000	94	3	27	8.000000	25.000000	0.270302	3.233653	1071.658171	-420.000000	0.000000	34.000000	1118.503678	0.000000	0.000000	0.000000	0	4.186509	434.491891	221.432744	-356.691801	-249.601630	226.720147	-355.734211	-245.220730	44.887726	0.000000	-420.000000	0	6.932957	0.159806	0.068733	224.076446	-356.213006	-247.411180	179.188720	356.213006	172.588820	355.734211	174.779270	187.398370	0	0	1	0	0
hl	3	65.500000	94	3	27	8.000000	25.000000	0.270302	3.233653	1118.717116	-420.000000	0.000000	35.000000	1165.889836	0.000000	0.000000	0.000000	0	4.018653	434.372294	221.237526	-356.595524	-249.578997	226.527616	-355.718483	-245.211943	44.887726	0.000000	-420.000000	0	6.915592	0.017365	0.119598	223.882571	-356.157004	-247.395470	178.994845	356.157004	172.604530	355.718483	174.788057	187.421003	0	0	1	0	0
hl	3	65.500000	94	3	27	8.000000	25.000000	0.270302	3.233653	1166.111829	-420.000000	0.000000	36.000000	1212.757157	0.000000	0.000000	0.000000	0	4.145641	434.500271	221.583519	-356.674454	-249.553689	226.508937	-355.757587	-245.176196	44.887726	0.000000	-420.000000	0	6.653032	0.262561	0.127977	224.046228	-356.216020	-247.364943	179.158502	356.216020	172.635057	355.757587	174.823804	187.446311	0	0	1	0	0
hl	3	65.500000	94	3	27	8.000000	25.000000	0.270302	3.233653	1212.991126	-420.000000	0.000000	37.000000	1259.918329	0.000000	0.000000	0.000000	0	4.116500	434.506175	221.425725	-356.671564	-249.565425	226.620697	-355.776703	-245.120450	44.887726	0.000000	-420.000000	0	6.895384	0.242352	0.005905	224.023211	-356.224133	-247.342937	179.135485	356.224133	172.657063	355.776703	174.879550	187.434575	0	0	1	0	0
hl	3	65.500000	94	3	27	8.000000	25.000000	0.270302	3.233653	1260.131339	-420.000000	0.000000	38.000000	1307.326729	0.000000	0.000000	0.000000	0	4.073318	434.511999	221.463039	-356.665655	-249.557004	226.512347	-355.804616	-245.071268	44.887726	0.000000	-420.000000	0	6.808724	0.086659	0.005824	223.987693	-356.235135	-247.314136	179.099967	356.235135	172.685864	355.804616	174.928732	187.442996	0	0	1	0	0
hl	3	65.500000	94	3	27	8.000000	25.000000	0.270302	3.233653	1307.649666	-420.000000	0.000000	39.000000	1354.325364	0.000000	0.000000	0.000000	0	3.688797	433.889661	221.169946	-356.475807	-249.712139	225.608023	-355.088490	-244.938175	44.887726	0.000000	-420.000000	0	6.664226	0.144498	0.622338	223.388984	-355.782148	-247.325157	178.501259	355.782148	172.674843	355.088490	175.061825	187.287861	0	0	1	0	0
hl	3	65.500000	94	3	27	8.000000	25.000000	0.270302	3.233653	1354.541796	-420.000000	0.000000	40.000000	1401.374470	1389.895031	0.000000	0.000000	0	6.707879	430.862841	223.071338	-354.577302	-254.412649	224.924844	-351.201183	-244.815007	44.887726	0.000000	-420.000000	0	10.341585	3.677359	3.026820	223.998091	-352.889243	-249.613828	179.110365	352.889243	170.386172	351.201183	175.184993	182.587351	0	0	1	0	0
hl	3	65.500000	94	3	27	8.000000	25.000000	0.270302	3.233653	1401.606728	-420.000000	0.000000	41.000000	1448.819655	1389.895031	0.000000	0.000000	0	12.642135	423.808124	222.784609	-347.549611	-259.234643	221.989704	-344.972568	-244.845508	44.887726	0.000000	-420.000000	0	14.639680	4.298095	7.054717	222.387157	-346.261089	-252.040076	177.499431	346.261089	167.959924	344.972568	175.154492	177.765357	0	0	1	0	0
hl	3	65.500000	94	3	27	8.000000	25.000000	0.270302	3.233653	1449.047636	-420.000000	0.000000	42.000000	1495.272505	1389.895031	0.000000	0.000000	1	12.642135	423.808124	222.784609	-347.549611	-259.234643	221.989704	-344.972568	-244.845508	44.887726	0.000000	-420.000000	0	14.639680	0.000000	0.000000	222.387157	-346.261089	-252.040076	177.499431	346.261089	167.959924	344.972568	175.154492	177.765357	0	0	1	0	1
hl	3	65.500000	94	3	27	8.000000	25.000000	0.270302	3.233653	1495.484660	-420.000000	0.000000	43.000000	1542.295092	1389.895031	0.000000	0.000000	1	12.642135	423.808124	222.784609	-347.549611	-259.234643	221.989704	-344.972568	-244.845508	44.887726	0.000000	-420.000000	0	14.639680	0.000000	0.000000	222.387157	-346.261089	-252.040076	177.499431	346.261089	167.959924	344.972568	175.154492	177.765357	0	0	1	0	2
hl	3	65.500000	94	3	27	8.000000	25.000000	0.270302	3.233653	1542.546170	-420.000000	0.000000	44.000000	1588.791571	1389.895031	0.000000	0.000000	1	12.642135	423.808124	222.784609	-347.549611	-259.234643	221.989704	-344.972568	-244.845508	44.887726	0.000000	-420.000000	0	14.639680	0.000000	0.000000	222.387157	-346.261089	-252.040076	177.499431	346.261089	167.959924	344.972568	175.154492	177.765357	0	0	1	0	3
hl	3	65.500000	94	3	27	8.000000	25.000000	0.270302	3.233653	1589.004581	-420.000000	0.000000	45.000000	1636.731640	1389.895031	0.000000	0.000000	1	12.642135	423.808124	222.784609	-347.549611	-259.234643	221.989704	-344.972568	-244.845508	44.887726	0.000000	-420.000000	0	14.639680	0.000000	0.000000	222.387157	-346.261089	-252.040076	177.499431	346.261089	167.959924	344.972568	175.154492	177.765357	0	0	1	0	4
hl	3	65.500000	94	3	27	8.000000	25.000000	0.270302	3.233653	1636.943367	-420.000000	0.000000	46.000000	1683.353444	1389.895031	0.000000	0.000000	1	12.642135	423.808124	222.784609	-347.549611	-259.234643	221.989704	-344.972568	-244.845508	44.887726	0.000000	-420.000000	0	14.639680	0.000000	0.000000	222.387157	-346.261089	-252.040076	177.499431	346.261089	167.959924	344.972568	175.154492	177.765357	0	0	1	0	5
hl	3	65.500000	94	3	27	8.000000	25.000000	0.270302	3.233653	1683.566026	-420.000000	0.000000	47.000000	1730.737464	1389.895031	0.000000	0.000000	1	12.642135	423.808124	222.784609	-347.549611	-259.234643	221.989704	-344.972568	-244.845508	44.887726	0.000000	-420.000000	0	14.639680	0.000000	0.000000	222.387157	-346.261089	-252.040076	177.499431	346.261089	167.959924	344.972568	175.154492	177.765357	0	0	1	0	6
hl	3	65.500000	94	3	27	8.000000	25.000000	0.270302	3.233653	1730.949618	-420.000000	0.000000	48.000000	1778.078710	1389.895031	0.000000	0.000000	1	12.642135	423.808124	222.784609	-347.549611	-259.234643	221.989704	-344.972568	-244.845508	44.887726	0.000000	-420.000000	0	14.639680	0.000000	0.000000	222.387157	-346.261089	-252.040076	177.499431	346.261089	167.959924	344.972568	175.154492	177.765357	0	0	1	0	7
hl	3	65.500000	94	3	27	8.000000	25.000000	0.270302	3.233653	1778.343048	-420.000000	0.000000	49.000000	1825.265546	1389.895031	0.000000	0.000000	0	247.121496	200.744360	135.070789	-131.167674	-331.153512	102.070209	-142.750035	-254.984959	44.887726	0.000000	-420.000000	0	83.814306	69.174626	223.063765	118.570499	-136.958855	-293.069235	73.682773	136.958855	126.930765	142.750035	165.015041	105.846488	0	0	0	0	7
hl	3	65.500000	94	3	27	8.000000	25.000000	0.270302	3.233653	1825.485400	-420.000000	0.000000	50.000000	1872.355715	1389.895031	0.000000	0.000000	0	277.287117	172.716282	117.339011	-106.554446	-341.974480	85.276336	-119.743179	-262.695542	44.887726	0.000000	-420.000000	0	86.528075	2.713770	28.028078	101.307673	-113.148813	-302.335011	56.419948	113.148813	117.664989	119.743179	157.304458	95.025520	0	0	0	0	7
hl	3	65.500000	94	3	27	8.000000	25.000000	0.270302	3.233653	1872.570863	-420.000000	0.000000	51.000000	1918.762369	1389.895031	0.000000	0.000000	0	304.874836	147.603013	102.494255	-84.385580	-351.870390	70.063320	-98.296030	-271.516714	44.887726	0.000000	-420.000000	0	87.760922	1.232847	25.113269	86.278788	-91.340805	-311.693552	41.391062	91.340805	108.306448	98.296030	148.483286	85.129610	0	0	0	0	7
hl	3	65.500000	94	3	27	8.000000	25.000000	0.270302	3.233653	1918.978374	-420.000000	0.000000	52.000000	1965.691284	1389.895031	0.000000	0.000000	0	330.064858	125.362194	90.521766	-62.953775	-361.563257	57.272159	-78.997514	-280.077455	44.887726	0.000000	-420.000000	0	89.458783	1.697861	22.240819	73.896963	-70.975644	-320.820356	29.009237	70.975644	99.179644	78.997514	139.922545	75.436743	0	0	0	0	7
hl	3	65.500000	94	3	27	8.000000	25.000000	0.270302	3.233653	1965.907288	-420.000000	0.000000	53.000000	2013.148873	1389.895031	0.000000	0.000000	0	352.896931	105.020173	83.491159	-43.275664	-372.033905	48.924059	-59.208183	-289.652162	44.887726	0.000000	-420.000000	0	90.749552	1.290769	20.342020	66.207609	-51.241924	-330.843034	21.319883	51.241924	89.156966	59.208183	130.347838	64.966095	0	0	0	0	7
hl	3	65.500000	94	3	27	8.000000	25.000000	0.270302	3.233653	2013.364877	-420.000000	0.000000	54.000000	2060.047418	1389.895031	0.000000	0.000000	0	372.892724	86.739696	81.160052	-26.037718	-383.868383	43.258610	-40.606515	-299.755489	44.887726	0.000000	-420.000000	0	93.401007	2.651455	18.280477	62.209331	-33.322116	-341.811936	17.321605	33.322116	78.188064	40.606515	120.244511	53.131617	0	0	0	0	7
hl	3	65.500000	94	3	27	8.000000	25.000000	0.270302	3.233653	2060.262139	-420.000000	0.000000	55.000000	2107.272322	1389.895031	0.000000	0.000000	0	389.595636	70.139181	81.218701	-11.661320	-396.524139	40.682281	-25.418025	-312.056337	44.887726	0.000000	-420.000000	0	94.695607	1.294599	16.600515	60.950491	-18.539673	-354.290238	16.062765	18.539673	65.709762	25.418025	107.943663	40.475861	0	0	0	0	7
hl	3	65.500000	94	3	27	8.000000	25.000000	0.270302	3.233653	2107.487043	-420.000000	0.000000	56.000000	2154.417240	1389.895031	0.000000	0.000000	0	403.272070	55.841715	82.183565	-1.839973	-409.699780	39.115186	-12.410294	-324.109824	44.887726	0.000000	-420.000000	0	96.396356	1.700750	14.297466	60.649375	-7.125133	-366.904802	15.761650	7.125133	53.095198	12.410294	95.890176	27.300220	0	0	0	0	7
hl	3	65.500000	94	3	27	8.000000	25.000000	0.270302	3.233653	2154.631961	-420.000000	0.000000	57.000000	2201.249915	1389.895031	0.000000	0.000000	0	413.534699	43.277753	83.001223	4.473732	-422.303901	37.979245	-4.309088	-336.961500	44.887726	0.000000	-420.000000	0	96.888812	0.492456	12.563962	60.490234	0.082322	-379.632701	15.602508	0.082322	40.367299	4.309088	83.038500	14.696099	0	0	0	0	7
hl	3	65.500000	94	3	27	8.000000	25.000000	0.270302	3.233653	2201.474046	-420.000000	0.000000	58.000000	2248.346927	1389.895031	0.000000	0.000000	0	421.816605	32.982666	82.696597	7.879265	-433.765464	36.934837	2.115204	-348.267682	44.887726	0.000000	-420.000000	0	97.145426	0.256614	10.295086	59.815717	4.997234	-391.016573	14.927991	4.997234	28.983427	2.115204	71.732318	3.234536	0	0	0	0	7
hl	3	65.500000	94	3	27	8.000000	25.000000	0.270302	3.233653	2248.612976	-420.000000	0.000000	59.000000	2295.565843	1389.895031	0.000000	0.000000	0	428.145514	24.397496	81.652117	9.604153	-443.719572	35.289565	5.592493	-358.703718	44.887726	0.000000	-420.000000	0	96.918910	0.226516	8.585170	58.470841	7.598323	-401.211645	13.583116	7.598323	18.788355	5.592493	61.296282	6.719572	0	0	0	0	7
hl	3	65.500000	94	3	27	8.000000	25.000000	0.270302	3.233653	2295.782275	-420.000000	0.000000	60.000000	2342.448990	1389.895031	0.000000	0.000000	0	433.480189	18.393546	80.071988	10.518026	-452.388611	34.417148	8.349345	-367.950608	44.887726	0.000000	-420.000000	0	96.014811	0.904099	6.003950	57.244568	9.433685	-410.169610	12.356842	9.433685	9.830390	8.349345	52.049392	15.388611	0	0	0	0	7
hl	3	65.500000	94	3	27	8.000000	25.000000	0.270302	3.233653	2342.662428	-420.000000	0.000000	61.000000	2389.454040	1389.895031	0.000000	0.000000	0	436.594513	15.369330	78.925290	9.044630	-459.681029	35.065150	9.571014	-376.861034	44.887726	0.000000	-420.000000	0	93.718411	2.296399	3.024216	56.995220	9.307822	-418.271032	12.107494	9.307822	1.728968	9.571014	43.138966	22.681029	0	0	0	0	7
hl	3	65.500000	94	3	27	8.000000	25.000000	0.270302	3.233653	2389.668761	-420.000000	0.000000	62.000000	2436.627616	1389.895031	0.000000	0.000000	0	438.468277	14.482414	77.563568	7.330975	-465.023482	34.437112	8.904078	-384.000021	44.887726	0.000000	-420.000000	0	91.799603	1.918808	0.886915	56.000340	8.117526	-424.511752	11.112614	8.117526	4.511752	8.904078	35.999979	28.023482	0	0	0	0	7
hl	3	65.500000	94	3	27	8.000000	25.000000	0.270302	3.233653	2436.840626	-420.000000	0.000000	63.000000	2483.701103	1389.895031	0.000000	0.000000	0	439.049356	15.822511	76.130346	4.320017	-470.043028	34.522375	6.712509	-391.024255	44.887726	0.000000	-420.000000	0	89.335960	2.463643	1.340096	55.326360	5.516263	-430.533642	10.438634	5.516263	10.533642	6.712509	28.975745	33.043028	0	1	0	0	7
hl	3	65.500000	94	3	27	8.000000	25.000000	0.270302	3.233653	2483.914969	-420.000000	0.000000	64.000000	2530.553454	1389.895031	0.000000	0.000000	0	439.268314	18.412875	73.506163	1.332152	-473.839836	34.361087	3.446747	-397.877428	44.887726	0.000000	-420.000000	0	85.481554	3.854406	2.590364	53.933625	2.389450	-435.858632	9.045899	2.389450	15.858632	3.446747	22.122572	36.839836	0	1	0	0	7
hl	3	65.500000	94	3	27	8.000000	25.000000	0.270302	3.233653	2530.767747	-420.000000	0.000000	65.000000	2577.209903	1389.895031	0.000000	0.000000	0	439.295100	20.774267	68.970155	-1.109870	-475.673360	35.194827	0.353699	-403.296504	44.887726	0.000000	-420.000000	0	79.883190	5.598364	2.361392	52.082491	-0.378086	-439.484932	7.194765	0.378086	19.484932	0.353699	16.703496	38.673360	0	1	0	0	7
hl	3	65.500000	94	3	27	8.000000	25.000000	0.270302	3.233653	2578.552123	-420.000000	0.000000	66.000000	2624.693584	1389.895031	2613.281298	0.000000	0	438.694667	22.899240	64.406505	-4.635921	-476.794886	34.905976	-2.767985	-407.383479	44.887726	0.000000	-420.000000	0	75.443447	4.439743	2.124973	49.656241	-3.701953	-442.089183	4.768515	3.701953	22.089183	2.767985	12.616521	39.794886	0	1	0	1	7
hl	3	65.500000	94	3	27	8.000000	25.000000	0.270302	3.233653	2624.911727	-420.000000	0.000000	67.000000	2671.424887	1389.895031	2613.281298	0.000000	0	438.116564	25.975880	62.913745	-7.368492	-477.933556	34.871102	-5.326039	-411.802586	44.887726	0.000000	-420.000000	0	71.860049	3.583399	3.076640	48.892424	-6.347265	-444.868071	4.004698	6.347265	24.868071	5.326039	8.197414	40.933556	0	1	0	1	7
hl	3	65.500000	94	3	27	8.000000	25.000000	0.270302	3.233653	2671.640891	-420.000000	0.000000	68.000000	2718.284936	1389.895031	2613.281298	0.000000	0	438.220787	27.757953	59.241964	-8.731917	-477.794031	35.689680	-6.962010	-415.207196	44.887726	0.000000	-420.000000	0	66.895101	4.964947	1.782073	47.465822	-7.846963	-446.500613	2.578096	7.846963	26.500613	6.962010	4.792804	40.794031	0	1	0	1	7
hl	3	65.500000	94	3	27	8.000000	25.000000	0.270302	3.233653	2718.501796	-420.000000	0.000000	69.000000	2765.641581	1389.895031	2613.281298	0.000000	0	437.620923	29.843531	57.084425	-11.141514	-477.876886	36.468025	-8.592400	-418.326783	44.887726	0.000000	-420.000000	0	63.069395	3.825706	2.085579	46.776225	-9.866957	-448.101834	1.888499	9.866957	28.101834	8.592400	1.673217	40.876886	0	1	0	1	7
hl	3	65.500000	94	3	27	8.000000	25.000000	0.270302	3.233653	2765.914046	-420.000000	0.000000	70.000000	2812.284343	1389.895031	2613.281298	0.000000	0	437.555595	31.002574	53.846110	-12.490758	-476.873994	36.389369	-9.995321	-420.908383	44.887726	0.000000	-420.000000	0	58.678059	4.391336	1.159043	45.117739	-11.243039	-448.891189	0.230013	11.243039	28.891189	9.995321	0.908383	39.873994	0	1	0	1	7
hl	3	65.500000	94	3	27	8.000000	25.000000	0.270302	3.233653	2812.505480	-420.000000	0.000000	71.000000	2859.830045	1389.895031	2613.281298	0.000000	0	436.655861	32.251814	51.485408	-14.519837	-475.111984	36.853805	-11.840050	-423.742172	44.887726	0.000000	-420.000000	0	53.480115	5.197945	1.249240	44.169607	-13.179944	-449.427078	0.718119	13.179944	29.427078	11.840050	3.742172	38.111984	0	1	0	1	7
hl	3	65.500000	94	3	27	8.000000	25.000000	0.270302	3.233653	2860.046049	-420.000000	0.000000	72.000000	2906.662720	1389.895031	2613.281298	0.000000	0	436.495266	32.914069	49.211918	-15.751549	-474.169370	36.252596	-12.702133	-425.034917	44.887726	0.000000	-420.000000	0	50.906163	2.573952	0.662255	42.732257	-14.226841	-449.602144	2.155469	14.226841	29.602144	12.702133	5.034917	37.169370	0	1	0	1	7
hl	3	65.500000	94	3	27	8.000000	25.000000	0.270302	3.233653	2906.878724	-420.000000	0.000000	73.000000	2954.122020	1389.895031	2613.281298	0.000000	0	435.598414	32.572164	44.975617	-17.576278	-470.378005	35.969362	-13.846803	-425.999261	44.887726	0.000000	-420.000000	0	45.436709	5.469454	0.341905	40.472489	-15.711541	-448.188633	4.415236	15.711541	28.188633	13.846803	5.999261	33.378005	0	1	0	1	7
hl	3	65.500000	94	3	27	8.000000	25.000000	0.270302	3.233653	2954.347862	-420.000000	0.000000	74.000000	3000.964533	1389.895031	2613.281298	0.000000	0	435.618106	31.912571	42.831693	-18.150506	-468.469391	35.746846	-13.303434	-425.926633	44.887726	0.000000	-420.000000	0	43.400177	2.036532	0.659593	39.289269	-15.726970	-447.198012	5.598457	15.726970	27.198012	13.303434	5.926633	31.469391	0	1	0	1	7
hl	3	65.500000	94	3	27	8.000000	25.000000	0.270302	3.233653	3001.189947	-420.000000	0.000000	75.000000	3047.801057	1389.895031	2613.281298	0.000000	0	435.758828	31.742971	40.359976	-19.062807	-467.690956	33.770477	-13.219506	-424.687964	44.887726	0.000000	-420.000000	0	43.895592	0.495414	0.169599	37.065226	-16.141156	-446.189460	7.822499	16.141156	26.189460	13.219506	4.687964	30.690956	0	1	0	1	7
hl	3	65.500000	94	3	27	8.000000	25.000000	0.270302	3.233653	3048.018345	-420.000000	0.000000	76.000000	3094.967362	1389.895031	2613.281298	0.000000	0	436.606157	30.078940	38.250431	-18.306833	-466.403613	32.525011	-11.473557	-422.290314	44.887726	0.000000	-420.000000	0	45.005080	1.109488	1.664031	35.387721	-14.890195	-444.346964	9.500005	14.890195	24.346964	11.473557	2.290314	29.403613	0	1	0	1	7
hl	3	65.500000	94	3	27	8.000000	25.000000	0.270302	3.233653	3095.184649	-420.000000	0.000000	77.000000	3142.190555	1389.895031	2613.281298	0.000000	0	438.170603	27.097826	36.538201	-16.027990	-465.154929	32.295966	-8.027228	-418.662620	44.887726	0.000000	-420.000000	0	47.366059	2.360979	2.981115	34.417083	-12.027609	-441.908775	10.470643	12.027609	21.908775	8.027228	1.337380	28.154929	0	1	0	1	7
hl	3	65.500000	94	3	27	8.000000	25.000000	0.270302	3.233653	3142.407414	-420.000000	0.000000	78.000000	3189.341461	1389.895031	2613.281298	0.000000	0	439.587723	23.383053	34.809840	-13.673326	-463.235190	31.482896	-4.004660	-413.139520	44.887726	0.000000	-420.000000	0	51.128542	3.762483	3.714773	33.146368	-8.838993	-438.187355	11.741358	8.838993	18.187355	4.004660	6.860480	26.235190	0	1	0	1	7
hl	3	65.500000	94	3	27	8.000000	25.000000	0.270302	3.233653	3189.558321	-420.000000	0.000000	79.000000	3236.419654	1389.895031	2613.281298	0.000000	0	440.927887	19.925343	32.856166	-10.854091	-460.392960	31.005911	-0.295313	-407.754243	44.887726	0.000000	-420.000000	0	53.719138	2.590596	3.457709	31.931039	-5.574702	-434.073602	12.956687	5.574702	14.073602	0.295313	12.245757	23.392960	0	1	0	1	7
hl	3	65.500000	94	3	27	8.000000	25.000000	0.270302	3.233653	3236.640363	-420.000000	0.000000	80.000000	3283.418716	1389.895031	2613.281298	0.000000	0	441.796536	17.684116	30.869450	-8.721575	-456.691707	30.614537	2.591844	-403.629001	44.887726	0.000000	-420.000000	0	54.255960	0.536822	2.241228	30.741993	-3.064865	-430.160354	14.145732	3.064865	10.160354	2.591844	16.370999	19.691707	0	1	0	0	7
hl	3	65.500000	94	3	27	8.000000	25.000000	0.270302	3.233653	3283.638997	-420.000000	0.000000	81.000000	3330.295447	1389.895031	2613.281298	0.000000	0	442.359897	16.484739	30.256940	-7.698869	-455.423781	30.502930	5.096465	-400.013508	44.887726	0.000000	-420.000000	0	56.868967	2.613007	1.199377	30.379935	-1.301202	-427.718645	14.507791	1.301202	7.718645	5.096465	19.986492	18.423781	0	1	0	0	7
hl	3	65.500000	94	3	27	8.000000	25.000000	0.270302	3.233653	3330.512306	-420.000000	0.000000	82.000000	3377.442931	1389.895031	2613.281298	0.000000	0	441.876437	16.704739	30.123225	-8.064836	-454.060482	29.874336	4.249470	-400.599443	44.887726	0.000000	-420.000000	0	54.861523	2.007444	0.220000	29.998781	-1.907683	-427.329962	14.888945	1.907683	7.329962	4.249470	19.400557	17.060482	0	1	0	0	7
hl	3	65.500000	94	3	27	8.000000	25.000000	0.270302	3.233653	3377.657652	-420.000000	0.000000	83.000000	3425.021568	1389.895031	2613.281298	0.000000	0	440.980400	18.208828	30.130608	-9.108432	-451.685017	29.029310	0.925038	-406.258417	44.887726	0.000000	-420.000000	0	46.534496	8.327028	1.504089	29.579959	-4.091697	-428.971717	15.307767	4.091697	8.971717	0.925038	13.741583	14.685017	0	1	0	1	7
hl	3	65.500000	94	3	27	8.000000	25.000000	0.270302	3.233653	3425.236717	-420.000000	0.000000	84.000000	3472.500117	1389.895031	2613.281298	0.000000	0	440.380857	18.184280	30.927490	-10.567123	-450.390623	31.585429	0.619519	-411.529041	44.887726	0.000000	-420.000000	0	40.444980	6.089516	0.024547	31.256459	-4.973802	-430.959832	13.631267	4.973802	10.959832	0.619519	8.470959	13.390623	0	1	0	1	7
hl	3	65.500000	94	3	27	8.000000	25.000000	0.270302	3.233653	3472.715693	-420.000000	0.000000	85.000000	3519.197628	1389.895031	2613.281298	0.000000	0	439.972329	18.135301	32.270766	-10.577884	-449.132827	34.995637	-0.181767	-417.194520	44.887726	0.000000	-420.000000	0	33.698067	6.746913	0.048979	33.633201	-5.379826	-433.163674	11.254525	5.379826	13.163674	0.181767	2.805480	12.132827	0	1	0	1	7
hl	3	65.500000	94	3	27	8.000000	25.000000	0.270302	3.233653	3519.413632	-420.000000	0.000000	86.000000	3565.659033	1389.895031	2613.281298	0.000000	0	439.636403	17.348789	33.716934	-10.181769	-448.177505	38.097171	0.124662	-419.753957	44.887726	0.000000	-420.000000	0	30.550075	3.147992	0.786512	35.907053	-5.028553	-433.965731	8.980673	5.028553	13.965731	0.124662	0.246043	11.177505	0	1	0	1	7
hl	3	65.500000	94	3	27	8.000000	25.000000	0.270302	3.233653	3565.874609	-420.000000	0.000000	87.000000	3612.809939	1389.895031	2613.281298	0.000000	0	439.382729	16.886443	34.808636	-9.918596	-447.460210	39.812684	0.325712	-421.156859	44.887726	0.000000	-420.000000	0	28.667971	1.882103	0.462346	37.310660	-4.796442	-434.308535	7.577066	4.796442	14.308535	0.325712	1.156859	10.460210	0	1	0	1	7
hl	3	65.500000	94	3	27	8.000000	25.000000	0.270302	3.233653	3613.025515	-420.000000	0.000000	88.000000	3659.727304	1389.895031	2613.281298	0.000000	0	439.206953	16.970519	35.583180	-9.475237	-447.246236	41.148658	-0.112798	-422.585421	44.887726	0.000000	-420.000000	0	26.958962	1.709009	0.084076	38.365919	-4.794018	-434.915829	6.521807	4.794018	14.915829	0.112798	2.585421	10.246236	0	1	0	1	7
hl	3	65.500000	94	3	27	8.000000	25.000000	0.270302	3.233653	3659.942025	-420.000000	0.000000	89.000000	3706.615156	1389.895031	2613.281298	0.000000	0	439.208297	17.019383	35.472067	-9.426360	-447.435194	41.170666	-0.230974	-422.446325	44.887726	0.000000	-420.000000	0	27.229997	0.271035	0.048864	38.321366	-4.828667	-434.940759	6.566359	4.828667	14.940759	0.230974	2.446325	10.435194	0	1	0	1	7
hl	3	65.500000	94	3	27	8.000000	25.000000	0.270302	3.233653	3706.830733	-420.000000	0.000000	90.000000	3754.174546	1389.895031	2613.281298	0.000000	0	439.127088	16.934230	35.385157	-9.319422	-447.362220	41.606077	-0.337857	-422.476905	44.887726	0.000000	-420.000000	0	27.178066	0.051931	0.085153	38.495617	-4.828639	-434.919562	6.392109	4.828639	14.919562	0.337857	2.476905	10.362220	0	1	0	1	7
hl	3	65.500000	94	3	27	8.000000	25.000000	0.270302	3.233653	3754.449149	-420.000000	0.000000	91.000000	3801.144522	1389.895031	2613.281298	0.000000	0	439.242118	16.954256	35.452456	-9.321150	-447.509575	41.634250	-0.088563	-422.494429	44.887726	0.000000	-420.000000	0	27.371752	0.193686	0.020026	38.543353	-4.704857	-435.002002	6.344373	4.704857	15.002002	0.088563	2.494429	10.509575	0	1	0	1	7
hl	3	65.500000	94	3	27	8.000000	25.000000	0.270302	3.233653	3801.374641	-420.000000	0.000000	92.000000	3848.086268	1389.895031	2613.281298	0.000000	0	439.271339	17.077505	35.234560	-9.192050	-447.601728	41.642574	-0.334704	-422.555178	44.887726	0.000000	-420.000000	0	27.328463	0.043289	0.123248	38.438567	-4.763377	-435.078453	6.449159	4.763377	15.078453	0.334704	2.555178	10.601728	0	1	0	1	7
hl	3	65.500000	94	3	27	8.000000	25.000000	0.270302	3.233653	3848.357022	-420.000000	0.000000	93.000000	3895.217071	1389.895031	2613.281298	0.000000	0	439.412133	17.132030	35.185383	-9.111181	-447.761917	41.733467	-0.161061	-422.615034	44.887726	0.000000	-420.000000	0	27.483591	0.155128	0.054525	38.459425	-4.636121	-435.188475	6.428301	4.636121	15.188475	0.161061	2.615034	10.761917	0	1	0	1	7
hl	3	65.500000	94	3	27	8.000000	25.000000	0.270302	3.233653	3895.454034	-420.000000	0.000000	94.000000	3942.229821	1389.895031	2613.281298	0.000000	0	439.454518	17.096817	35.517230	-9.083909	-447.821511	41.623423	-0.005389	-422.624362	44.887726	0.000000	-420.000000	0	27.470009	0.013582	0.035213	38.570327	-4.544649	-435.222936	6.317399	4.544649	15.222936	0.005389	2.624362	10.821511	0	1	0	1	7
hl	3	65.500000	94	3	27	8.000000	25.000000	0.270302	3.233653	3942.446252	-420.000000	0.000000	95.000000	3989.325978	1389.895031	2613.281298	0.000000	0	439.639054	17.101255	35.515925	-8.982384	-447.841231	41.276412	0.198598	-422.557708	44.887726	0.000000	-420.000000	0	27.508729	0.038719	0.004438	38.396168	-4.391893	-435.199470	6.491557	4.391893	15.199470	0.198598	2.557708	10.841231	0	1	0	1	7
hl	3	65.500000	94	3	27	8.000000	25.000000	0.270302	3.233653	3989.541554	-420.000000	0.000000	96.000000	4036.361397	1389.895031	2613.281298	0.000000	0	439.598503	17.120443	35.754872	-9.056470	-447.776994	41.439085	0.266266	-422.831445	44.887726	0.000000	-420.000000	0	27.230573	0.278156	0.019188	38.596978	-4.395102	-435.304219	6.290748	4.395102	15.304219	0.266266	2.831445	10.776994	0	1	0	1	7
hl	3	65.500000	94	3	27	8.000000	25.000000	0.270302	3.233653	4036.576973	-420.000000	0.000000	97.000000	4083.423335	1389.895031	2613.281298	0.000000	0	439.635413	17.115391	35.676072	-9.024464	-447.723741	41.447383	0.301281	-422.863504	44.887726	0.000000	-420.000000	0	27.171840	0.058733	0.005051	38.561728	-4.361591	-435.293622	6.325998	4.361591	15.293622	0.301281	2.863504	10.723741	0	1	0	1	7
hl	3	65.500000	94	3	27	8.000000	25.000000	0.270302	3.233653	4083.640195	-420.000000	0.000000	98.000000	4130.662354	1389.895031	2613.281298	0.000000	0	439.509559	17.098562	35.792645	-9.133988	-447.688405	41.394863	0.173093	-422.818797	44.887726	0.000000	-420.000000	0	27.138607	0.033233	0.016829	38.593754	-4.480447	-435.253601	6.293972	4.480447	15.253601	0.173093	2.818797	10.688405	0	1	0	1	7
hl	3	65.500000	94	3	27	8.000000	25.000000	0.270302	3.233653	4130.877930	-420.000000	0.000000	99.000000	4177.775620	1389.895031	2613.281298	0.000000	0	439.520573	17.155993	35.557542	-9.117971	-447.650140	41.388961	0.060413	-422.857089	44.887726	0.000000	-420.000000	0	27.072930	0.065677	0.057430	38.473251	-4.528779	-435.253615	6.414474	4.528779	15.253615	0.060413	2.857089	10.650140	0	1	0	1	7
hl	3	65.500000	94	3	27	8.000000	25.000000	0.270302	3.233653	4177.991624	-420.000000	0.000000	100.000000	4224.831998	1389.895031	2613.281298	0.000000	0	439.347035	17.141704	35.742059	-9.257602	-447.559201	41.665930	-0.040763	-423.033908	44.887726	0.000000	-420.000000	0	26.861355	0.211575	0.014289	38.703995	-4.649182	-435.296554	6.183731	4.649182	15.296554	0.040763	3.033908	10.559201	0	1	0	1	7
hl	3	65.500000	94	3	27	8.000000	25.000000	0.270302	3.233653	4225.053135	-420.000000	0.000000	101.000000	4271.902919	1389.895031	2613.281298	0.000000	0	439.294911	17.071723	35.977425	-9.314966	-447.461607	41.756856	0.061420	-423.118729	44.887726	0.000000	-420.000000	0	26.718798	0.142557	0.069981	38.867141	-4.626773	-435.290168	6.020585	4.626773	15.290168	0.061420	3.118729	10.461607	0	1	0	1	7
hl	3	65.500000	94	3	27	8.000000	25.000000	0.270302	3.233653	4272.123628	-420.000000	0.000000	102.000000	4318.747998	1389.895031	2613.281298	0.000000	0	439.277713	17.081439	35.900957	-9.271239	-447.360460	41.710967	-0.060930	-423.169221	44.887726	0.000000	-420.000000	0	26.529267	0.189530	0.009716	38.805962	-4.666084	-435.264840	6.081764	4.666084	15.264840	0.060930	3.169221	10.360460	0	1	0	1	7
hl	3	65.500000	94	3	27	8.000000	25.000000	0.270302	3.233653	4318.967424	-420.000000	0.000000	103.000000	4366.141427	1389.895031	2613.281298	0.000000	0	439.269802	17.087645	35.980852	-9.281805	-447.323674	41.901462	-0.003145	-423.340529	44.887726	0.000000	-420.000000	0	26.388225	0.141043	0.006206	38.941157	-4.642475	-435.332102	5.946569	4.642475	15.332102	0.003145	3.340529	10.323674	0	1	0	1	7
hl	3	65.500000	94	3	27	8.000000	25.000000	0.270302	3.233653	4366.359570	-420.000000	0.000000	104.000000	4412.785901	1389.895031	2613.281298	0.000000	0	439.441039	17.100757	35.680314	-9.183657	-447.322425	41.743280	0.133394	-423.259725	44.887726	0.000000	-420.000000	0	26.506236	0.118011	0.013112	38.711797	-4.525131	-435.291075	6.175929	4.525131	15.291075	0.133394	3.259725	10.322425	0	1	0	1	7
hl	3	65.500000	94	3	27	8.000000	25.000000	0.270302	3.233653	4413.002332	-420.000000	0.000000	105.000000	4460.060849	1389.895031	2613.281298	0.000000	0	439.306694	17.118751	35.727254	-9.323069	-447.298946	41.798911	-0.007650	-423.280446	44.887726	0.000000	-420.000000	0	26.467534	0.038701	0.017994	38.763083	-4.665359	-435.289696	6.124643	4.665359	15.289696	0.007650	3.280446	10.298946	0	1	0	1	7
hl	3	65.500000	94	3	27	8.000000	25.000000	0.270302	3.233653	4460.279847	-420.000000	0.000000	106.000000	4507.307567	1389.895031	2613.281298	0.000000	0	439.082063	17.184075	35.732474	-9.577066	-447.240965	41.970777	-0.254434	-423.398444	44.887726	0.000000	-420.000000	0	26.349454	0.118081	0.065325	38.851625	-4.915750	-435.319704	6.036101	4.915750	15.319704	0.254434	3.398444	10.240965	0	1	0	1	7
hl	3	65.500000	94	3	27	8.000000	25.000000	0.270302	3.233653	4507.523143	-420.000000	0.000000	107.000000	4554.120994	1389.895031	2613.281298	0.000000	0	439.131745	17.295578	35.462801	-9.689528	-447.300685	41.864091	-0.247472	-423.404975	44.887726	0.000000	-420.000000	0	26.478933	0.129480	0.111503	38.663446	-4.968500	-435.352830	6.224280	4.968500	15.352830	0.247472	3.404975	10.300685	0	1	0	1	7
hl	3	65.500000	94	3	27	8.000000	25.000000	0.270302	3.233653	4554.335287	-420.000000	0.000000	108.000000	4601.142726	1389.895031	2613.281298	0.000000	0	439.044674	17.189971	35.740322	-9.736041	-447.153392	41.920799	-0.191816	-423.451527	44.887726	0.000000	-420.000000	0	26.288190	0.190743	0.105607	38.830560	-4.963929	-435.302459	6.057165	4.963929	15.302459	0.191816	3.451527	10.153392	0	1	0	1	7
hl	3	65.500000	94	3	27	8.000000	25.000000	0.270302	3.233653	4601.359585	-420.000000	0.000000	109.000000	4648.297054	1389.895031	2613.281298	0.000000	0	438.943464	17.127390	36.019443	-9.815361	-447.031173	41.982287	-0.174630	-423.546098	44.887726	0.000000	-420.000000	0	26.077729	0.210461	0.062581	39.000865	-4.994996	-435.288636	5.886861	4.994996	15.288636	0.174630	3.546098	10.031173	0	1	0	1	7
hl	3	65.500000	94	3	27	8.000000	25.000000	0.270302	3.233653	4648.513913	-420.000000	0.000000	110.000000	4695.569864	1389.895031	2613.281298	0.000000	0	439.023997	17.172312	35.743639	-9.728222	-447.040094	41.912729	-0.226612	-423.514485	44.887726	0.000000	-420.000000	0	26.111158	0.033429	0.044922	38.828184	-4.977417	-435.277289	6.059542	4.977417	15.277289	0.226612	3.514485	10.040094	0	1	0	1	7
hl	3	65.500000	94	3	27	8.000000	25.000000	0.270302	3.233653	4695.897933	-420.000000	0.000000	111.000000	4730.849101	1389.895031	2613.281298	4730.843969	0	439.089926	17.160013	  35.684944   -9.693400 -447.001635	  41.978861   -0.106861 -423.578214	44.887726	0.000000	-420.000000	0	26.080103	0.031055	0.012298	7
