subjName	sessionNR	IOD	trialN	textureType	texnum	visualAngle	simulatedDepth	light_intensity	ambient_intensity	time	displayDistance	isRotated	frameN	timTote	startTime	touchTime	endTime	fingersOccluded	distanceToHome	distanceToObject	indexXraw	indexYraw	indexZraw	thumbXraw	thumbYraw	thumbZraw	targetX	targetY	targetZ	failCause	gripAperture	gripApertureVel	distFromObjVel	gripOriginX	gripOriginY	gripOriginZ	distFromObjX	distFromObjY	distFromObjZ	y_dist_thm	z_dist_thm	z_dist_ind	handOnObj	handnearObj	handfarObj	handTouchObj	framesOccluded
hl	3	65.500000	25	3	27	8.000000	35.000000	0.242775	3.297201	916.057827	-420.000000	0.000000	30.000000	963.051329	0.000000	0.000000	0.000000	0	16.399043	443.163419	228.168533	-355.828594	-235.344504	231.530087	-357.583982	-230.791068	44.887726	0.000000	-420.000000	0	5.925809	0.339452	0.001431	229.849310	-356.706288	-233.067786	184.961584	356.706288	186.932214	357.583982	189.208932	211.655496	0	0	1	0	0
hl	3	65.500000	25	3	27	8.000000	35.000000	0.242775	3.297201	963.371699	-420.000000	0.000000	31.000000	1010.106851	0.000000	0.000000	0.000000	0	16.456904	443.241626	228.290773	-355.893819	-235.371895	231.599598	-357.609957	-230.756652	44.887726	0.000000	-420.000000	0	5.932446	0.006637	0.078207	229.945185	-356.751888	-233.064273	185.057460	356.751888	186.935727	357.609957	189.243348	211.628105	0	0	1	0	0
hl	3	65.500000	25	3	27	8.000000	35.000000	0.242775	3.297201	1010.332266	-420.000000	0.000000	32.000000	1057.182905	0.000000	0.000000	0.000000	0	16.371043	443.164780	228.176762	-355.863363	-235.398797	231.467227	-357.595304	-230.764228	44.887726	0.000000	-420.000000	0	5.941886	0.009440	0.076846	229.821995	-356.729334	-233.081513	184.934269	356.729334	186.918487	357.595304	189.235772	211.601203	0	0	1	0	0
hl	3	65.500000	25	3	27	8.000000	35.000000	0.242775	3.297201	1057.397626	-420.000000	0.000000	33.000000	1104.669152	0.000000	0.000000	0.000000	0	16.408437	443.187694	228.200557	-355.845490	-235.363645	231.488930	-357.615323	-230.739843	44.887726	0.000000	-420.000000	0	5.943504	0.001618	0.022914	229.844743	-356.730407	-233.051744	184.957017	356.730407	186.948256	357.615323	189.260157	211.636355	0	0	1	0	0
hl	3	65.500000	25	3	27	8.000000	35.000000	0.242775	3.297201	1104.883018	-420.000000	0.000000	34.000000	1151.776858	0.000000	0.000000	0.000000	0	16.405683	443.169326	228.209524	-355.834016	-235.319682	231.381947	-357.598916	-230.720732	44.887726	0.000000	-420.000000	0	5.859137	0.084367	0.018367	229.795735	-356.716466	-233.020207	184.908010	356.716466	186.979793	357.598916	189.279268	211.680318	0	0	1	0	0
hl	3	65.500000	25	3	27	8.000000	35.000000	0.242775	3.297201	1151.991151	-420.000000	0.000000	35.000000	1198.932042	0.000000	0.000000	0.000000	0	16.925182	443.395899	228.676423	-355.759325	-235.057950	231.837270	-357.442071	-230.380151	44.887726	0.000000	-420.000000	0	5.891043	0.031906	0.226572	230.256847	-356.600698	-232.719051	185.369121	356.600698	187.280949	357.442071	189.619849	211.942050	0	0	1	0	0
hl	3	65.500000	25	3	27	8.000000	35.000000	0.242775	3.297201	1199.145052	-420.000000	0.000000	36.000000	1246.332315	0.000000	0.000000	0.000000	0	16.801725	439.939550	230.692256	-353.379616	-239.024267	230.177539	-352.154358	-228.553886	44.887726	0.000000	-420.000000	0	10.554386	4.663343	3.456348	230.434897	-352.766987	-233.789076	185.547172	352.766987	186.210924	352.154358	191.446114	207.975733	0	0	1	0	0
hl	3	65.500000	25	3	27	8.000000	35.000000	0.242775	3.297201	1246.547464	-420.000000	0.000000	37.000000	1293.126494	0.000000	0.000000	0.000000	1	16.801725	439.939550	230.692256	-353.379616	-239.024267	230.177539	-352.154358	-228.553886	44.887726	0.000000	-420.000000	0	10.554386	0.000000	0.000000	230.434897	-352.766987	-233.789076	185.547172	352.766987	186.210924	352.154358	191.446114	207.975733	0	0	1	0	0
hl	3	65.500000	25	3	27	8.000000	35.000000	0.242775	3.297201	1293.336938	-420.000000	0.000000	38.000000	1340.020334	0.000000	0.000000	0.000000	1	16.801725	439.939550	230.692256	-353.379616	-239.024267	230.177539	-352.154358	-228.553886	44.887726	0.000000	-420.000000	0	10.554386	0.000000	0.000000	230.434897	-352.766987	-233.789076	185.547172	352.766987	186.210924	352.154358	191.446114	207.975733	0	0	1	0	0
hl	3	65.500000	25	3	27	8.000000	35.000000	0.242775	3.297201	1340.331722	-420.000000	0.000000	39.000000	1386.636149	0.000000	0.000000	0.000000	1	16.801725	439.939550	230.692256	-353.379616	-239.024267	230.177539	-352.154358	-228.553886	44.887726	0.000000	-420.000000	0	10.554386	0.000000	0.000000	230.434897	-352.766987	-233.789076	185.547172	352.766987	186.210924	352.154358	191.446114	207.975733	0	0	1	0	0
hl	3	65.500000	25	3	27	8.000000	35.000000	0.242775	3.297201	1386.850870	-420.000000	0.000000	40.000000	1433.775507	0.000000	0.000000	0.000000	1	16.801725	439.939550	230.692256	-353.379616	-239.024267	230.177539	-352.154358	-228.553886	44.887726	0.000000	-420.000000	0	10.554386	0.000000	0.000000	230.434897	-352.766987	-233.789076	185.547172	352.766987	186.210924	352.154358	191.446114	207.975733	0	0	1	0	0
hl	3	65.500000	25	3	27	8.000000	35.000000	0.242775	3.297201	1433.986378	-420.000000	0.000000	41.000000	1481.012815	0.000000	0.000000	0.000000	1	16.801725	439.939550	230.692256	-353.379616	-239.024267	230.177539	-352.154358	-228.553886	44.887726	0.000000	-420.000000	0	10.554386	0.000000	0.000000	230.434897	-352.766987	-233.789076	185.547172	352.766987	186.210924	352.154358	191.446114	207.975733	0	0	1	0	0
hl	3	65.500000	25	3	27	8.000000	35.000000	0.242775	3.297201	1481.223259	-420.000000	0.000000	42.000000	1528.144474	0.000000	0.000000	0.000000	1	16.801725	439.939550	230.692256	-353.379616	-239.024267	230.177539	-352.154358	-228.553886	44.887726	0.000000	-420.000000	0	10.554386	0.000000	0.000000	230.434897	-352.766987	-233.789076	185.547172	352.766987	186.210924	352.154358	191.446114	207.975733	0	0	1	0	0
hl	3	65.500000	25	3	27	8.000000	35.000000	0.242775	3.297201	1528.355773	-420.000000	0.000000	43.000000	1575.393331	0.000000	0.000000	0.000000	1	16.801725	439.939550	230.692256	-353.379616	-239.024267	230.177539	-352.154358	-228.553886	44.887726	0.000000	-420.000000	0	10.554386	0.000000	0.000000	230.434897	-352.766987	-233.789076	185.547172	352.766987	186.210924	352.154358	191.446114	207.975733	0	0	1	0	0
hl	3	65.500000	25	3	27	8.000000	35.000000	0.242775	3.297201	1575.604202	-420.000000	0.000000	44.000000	1622.926628	1611.678591	0.000000	0.000000	0	239.997341	200.768678	155.198583	-133.024048	-347.614355	122.303110	-150.290763	-278.554348	44.887726	0.000000	-420.000000	0	78.418977	67.864591	239.170873	138.750847	-141.657406	-313.084351	93.863121	141.657406	106.915649	150.290763	141.445652	99.385645	0	0	0	0	0
hl	3	65.500000	25	3	27	8.000000	35.000000	0.242775	3.297201	1623.158886	-420.000000	0.000000	45.000000	1669.531323	1611.678591	0.000000	0.000000	0	273.001827	166.740813	139.699434	-108.214615	-364.674989	99.796880	-125.365633	-290.300890	44.887726	0.000000	-420.000000	0	86.127104	7.708126	34.027865	119.748157	-116.790124	-327.487939	74.860432	116.790124	92.512061	125.365633	129.699110	82.325011	0	0	0	0	0
hl	3	65.500000	25	3	27	8.000000	35.000000	0.242775	3.297201	1669.767858	-420.000000	0.000000	46.000000	1716.144144	1611.678591	0.000000	0.000000	0	303.273154	135.641930	125.111535	-86.152490	-381.431308	82.478503	-102.208374	-302.893260	44.887726	0.000000	-420.000000	0	90.794228	4.667124	31.098883	103.795019	-94.180432	-342.162284	58.907293	94.180432	77.837716	102.208374	117.106740	65.568692	0	0	0	0	0
hl	3	65.500000	25	3	27	8.000000	35.000000	0.242775	3.297201	1716.361003	-420.000000	0.000000	47.000000	1763.610288	1611.678591	0.000000	0.000000	0	331.012698	107.131784	113.189441	-66.027351	-397.783192	68.451080	-80.820453	-316.100165	44.887726	0.000000	-420.000000	0	94.299913	3.505685	28.510146	90.820261	-73.423902	-356.941679	45.932535	73.423902	63.058321	80.820453	103.899835	49.216808	0	0	0	0	0
hl	3	65.500000	25	3	27	8.000000	35.000000	0.242775	3.297201	1763.835702	-420.000000	0.000000	48.000000	1810.850162	1611.678591	0.000000	0.000000	0	356.605034	81.061399	104.479724	-46.907462	-412.927811	56.939696	-60.545648	-329.068248	44.887726	0.000000	-420.000000	0	97.357489	3.057576	26.070385	80.709710	-53.726555	-370.998029	35.821984	53.726555	49.001971	60.545648	90.931752	34.072189	0	0	0	0	0
hl	3	65.500000	25	3	27	8.000000	35.000000	0.242775	3.297201	1811.118349	-420.000000	0.000000	49.000000	1857.632792	1611.678591	0.000000	0.000000	0	379.049820	58.069238	97.775857	-30.338585	-427.301853	48.189737	-42.929354	-342.252261	44.887726	0.000000	-420.000000	0	99.250914	1.893424	22.992161	72.982797	-36.633969	-384.777057	28.095071	36.633969	35.222943	42.929354	77.747739	19.698147	0	0	0	0	0
hl	3	65.500000	25	3	27	8.000000	35.000000	0.242775	3.297201	1857.853501	-420.000000	0.000000	50.000000	1904.923139	1611.678591	0.000000	0.000000	0	398.242448	38.464533	92.948296	-16.998082	-440.737783	41.638941	-27.884794	-355.724733	44.887726	0.000000	-420.000000	0	99.891888	0.640974	19.604705	67.293619	-22.441438	-398.231258	22.405893	22.441438	21.768742	27.884794	64.275267	6.262217	0	0	0	0	0
hl	3	65.500000	25	3	27	8.000000	35.000000	0.242775	3.297201	1905.138288	-420.000000	0.000000	51.000000	1952.136494	1611.678591	0.000000	0.000000	0	414.234873	23.205775	88.838840	-7.308291	-453.753798	37.424851	-15.155082	-368.412603	44.887726	0.000000	-420.000000	0	99.940432	0.048544	15.258758	63.131846	-11.231686	-411.083200	18.244120	11.231686	8.916800	15.155082	51.587397	6.753798	0	0	0	0	0
hl	3	65.500000	25	3	27	8.000000	35.000000	0.242775	3.297201	1952.353354	-420.000000	0.000000	52.000000	1998.943077	1611.678591	0.000000	0.000000	0	426.999804	16.366578	86.728475	0.324596	-464.807576	34.944815	-5.455431	-380.451882	44.887726	0.000000	-420.000000	0	99.150588	0.789843	6.839198	60.836645	-2.565418	-422.629729	15.948919	2.565418	2.629729	5.455431	39.548118	17.807576	0	0	0	0	0
hl	3	65.500000	25	3	27	8.000000	35.000000	0.242775	3.297201	1999.157370	-420.000000	0.000000	53.000000	2045.880974	1611.678591	0.000000	0.000000	0	436.643133	18.578018	84.172021	4.497695	-474.186240	32.866203	1.871379	-390.242168	44.887726	0.000000	-420.000000	0	98.416421	0.734168	2.211440	58.519112	3.184537	-432.214204	13.631387	3.184537	12.214204	1.871379	29.757832	27.186240	0	1	0	0	0
hl	3	65.500000	25	3	27	8.000000	35.000000	0.242775	3.297201	2046.104249	-420.000000	0.000000	54.000000	2092.865065	1611.678591	0.000000	0.000000	0	443.955910	24.932402	81.849796	7.809111	-481.665104	32.652547	6.587042	-399.173975	44.887726	0.000000	-420.000000	0	96.055448	2.360972	6.354384	57.251172	7.198076	-440.419539	12.363446	7.198076	20.419539	6.587042	20.826025	34.665104	0	1	0	0	0
hl	3	65.500000	25	3	27	8.000000	35.000000	0.242775	3.297201	2093.079358	-420.000000	0.000000	55.000000	2140.052756	1611.678591	2128.751680	0.000000	0	448.981560	30.497759	78.747626	8.679891	-486.706308	32.676233	9.476551	-407.350545	44.887726	0.000000	-420.000000	0	91.763528	4.291921	5.565357	55.711929	9.078221	-447.028427	10.824203	9.078221	27.028427	9.476551	12.649455	39.706308	0	1	0	1	0
hl	3	65.500000	25	3	27	8.000000	35.000000	0.242775	3.297201	2140.268760	-420.000000	0.000000	56.000000	2187.320861	1611.678591	2128.751680	0.000000	0	452.373725	35.954838	78.188794	9.145151	-491.012376	33.616041	11.254621	-414.329471	44.887726	0.000000	-420.000000	0	88.721182	3.042346	5.457078	55.902418	10.199886	-452.670924	11.014692	10.199886	32.670924	11.254621	5.670529	44.012376	0	1	0	1	0
hl	3	65.500000	25	3	27	8.000000	35.000000	0.242775	3.297201	2187.538576	-420.000000	0.000000	57.000000	2234.423862	1611.678591	2128.751680	0.000000	0	454.916231	39.794645	75.338388	8.694073	-494.110559	34.378482	12.008860	-420.106579	44.887726	0.000000	-420.000000	0	84.648041	4.073141	3.839807	54.858435	10.351466	-457.108569	9.970709	10.351466	37.108569	12.008860	0.106579	47.110559	0	1	0	1	0
hl	3	65.500000	25	3	27	8.000000	35.000000	0.242775	3.297201	2234.640293	-420.000000	0.000000	58.000000	2280.460957	1611.678591	2128.751680	0.000000	0	456.744504	41.589478	72.184926	7.982488	-495.910795	33.915261	12.961375	-422.915573	44.887726	0.000000	-420.000000	0	82.569118	2.078924	1.794833	53.050094	10.471931	-459.413184	8.162368	10.471931	39.413184	12.961375	2.915573	48.910795	0	1	0	1	0
hl	3	65.500000	25	3	27	8.000000	35.000000	0.242775	3.297201	2280.688082	-420.000000	0.000000	59.000000	2327.803487	1611.678591	2128.751680	0.000000	0	458.117916	40.480920	67.090986	9.192940	-493.686543	34.022446	14.107626	-423.016478	44.887726	0.000000	-420.000000	0	78.178902	4.390216	1.108557	50.556716	11.650283	-458.351511	5.668990	11.650283	38.351511	14.107626	3.016478	46.686543	0	1	0	1	0
hl	3	65.500000	25	3	27	8.000000	35.000000	0.242775	3.297201	2328.034461	-420.000000	0.000000	60.000000	2375.199911	1611.678591	2128.751680	0.000000	0	456.843078	36.214990	57.833529	5.669286	-486.830861	34.356357	14.377440	-422.727758	44.887726	0.000000	-420.000000	0	68.820181	9.358720	4.265930	46.094943	10.023363	-454.779309	1.207217	10.023363	34.779309	14.377440	2.727758	39.830861	0	1	0	1	0
hl	3	65.500000	25	3	27	8.000000	35.000000	0.242775	3.297201	2375.431313	-420.000000	0.000000	61.000000	2422.257572	1611.678591	2128.751680	0.000000	0	455.357178	33.347935	53.882513	3.857386	-482.220642	33.828806	13.249059	-422.211090	44.887726	0.000000	-420.000000	0	63.964842	4.855339	2.867055	43.855659	8.553222	-452.215866	1.032066	8.553222	32.215866	13.249059	2.211090	35.220642	0	1	0	1	0
hl	3	65.500000	25	3	27	8.000000	35.000000	0.242775	3.297201	2422.475287	-420.000000	0.000000	62.000000	2469.337047	1611.678591	2128.751680	0.000000	0	452.643929	29.431751	47.760270	0.100941	-475.235047	33.392803	11.127798	-421.900598	44.887726	0.000000	-420.000000	0	56.325653	7.639189	3.916184	40.576536	5.614370	-448.567823	4.311190	5.614370	28.567823	11.127798	1.900598	28.235047	0	1	0	1	0
hl	3	65.500000	25	3	27	8.000000	35.000000	0.242775	3.297201	2469.553907	-420.000000	0.000000	63.000000	2516.451169	1611.678591	2128.751680	0.000000	0	450.138843	26.246693	43.561267	-2.228619	-469.273666	33.153021	8.707228	-421.154393	44.887726	0.000000	-420.000000	0	50.432021	5.893632	3.185059	38.357144	3.239304	-445.214029	6.530582	3.239304	25.214029	8.707228	1.154393	22.273666	0	1	0	1	0
hl	3	65.500000	25	3	27	8.000000	35.000000	0.242775	3.297201	2516.667173	-420.000000	0.000000	64.000000	2563.375378	1611.678591	2128.751680	0.000000	0	448.606323	24.283693	41.477852	-2.381469	-464.920099	32.398463	6.172207	-420.814337	44.887726	0.000000	-420.000000	0	45.835783	4.596239	1.963000	36.938158	1.895369	-442.867218	7.949568	1.895369	22.867218	6.172207	0.814337	17.920099	0	1	0	1	0
hl	3	65.500000	25	3	27	8.000000	35.000000	0.242775	3.297201	2563.602931	-420.000000	0.000000	65.000000	2610.194793	1611.678591	2128.751680	0.000000	0	446.457477	22.272460	38.409688	-4.625984	-459.082291	31.947247	4.313910	-421.006033	44.887726	0.000000	-420.000000	0	39.641976	6.193807	2.011232	35.178468	-0.156037	-440.044162	9.709258	0.156037	20.044162	4.313910	1.006033	12.082291	0	1	0	1	0
hl	3	65.500000	25	3	27	8.000000	35.000000	0.242775	3.297201	2610.410797	-420.000000	0.000000	66.000000	2657.189150	1611.678591	2128.751680	0.000000	0	446.234582	21.782937	38.618990	-3.900093	-458.133750	32.617296	3.845677	-421.290630	44.887726	0.000000	-420.000000	0	38.123913	1.518063	0.489523	35.618143	-0.027208	-439.712190	9.269583	0.027208	19.712190	3.845677	1.290630	11.133750	0	1	0	1	0
hl	3	65.500000	25	3	27	8.000000	35.000000	0.242775	3.297201	2657.406437	-420.000000	0.000000	67.000000	2704.103093	1611.678591	2128.751680	0.000000	0	445.996461	21.598695	38.683062	-3.872333	-457.729677	33.008360	3.564126	-421.498977	44.887726	0.000000	-420.000000	0	37.418802	0.705111	0.184242	35.845711	-0.154103	-439.614327	9.042015	0.154103	19.614327	3.564126	1.498977	10.729677	0	1	0	1	0
hl	3	65.500000	25	3	27	8.000000	35.000000	0.242775	3.297201	2704.318670	-420.000000	0.000000	68.000000	2751.660344	1611.678591	2128.751680	0.000000	0	445.866444	21.448445	39.055699	-3.777445	-457.604238	33.410200	3.533024	-421.644491	44.887726	0.000000	-420.000000	0	37.127052	0.291750	0.150250	36.232949	-0.122210	-439.624365	8.654776	0.122210	19.624365	3.533024	1.644491	10.604238	0	1	0	1	0
hl	3	65.500000	25	3	27	8.000000	35.000000	0.242775	3.297201	2751.876348	-420.000000	0.000000	69.000000	2798.425010	1611.678591	2128.751680	0.000000	0	445.546417	21.114931	39.687581	-3.977552	-457.266292	33.418061	3.507606	-421.531360	44.887726	0.000000	-420.000000	0	37.044835	0.082217	0.333514	36.552821	-0.234973	-439.398826	8.334905	0.234973	19.398826	3.507606	1.531360	10.266292	0	1	0	1	0
hl	3	65.500000	25	3	27	8.000000	35.000000	0.242775	3.297201	2798.693197	-420.000000	0.000000	70.000000	2845.674722	1611.678591	2128.751680	0.000000	0	445.247790	20.822425	40.188615	-4.198171	-456.851151	33.530253	3.503138	-421.567550	44.887726	0.000000	-420.000000	0	36.722969	0.321866	0.292506	36.859434	-0.347516	-439.209350	8.028292	0.347516	19.209350	3.503138	1.567550	9.851151	0	1	0	1	0
hl	3	65.500000	25	3	27	8.000000	35.000000	0.242775	3.297201	2845.903130	-420.000000	0.000000	71.000000	2892.472323	1611.678591	2128.751680	0.000000	0	445.355370	20.810406	40.166941	-4.114817	-456.813698	33.501488	3.685629	-421.561705	44.887726	0.000000	-420.000000	0	36.714822	0.008146	0.012019	36.834215	-0.214594	-439.187702	8.053511	0.214594	19.187702	3.685629	1.561705	9.813698	0	1	0	1	0
hl	3	65.500000	25	3	27	8.000000	35.000000	0.242775	3.297201	2892.688754	-420.000000	0.000000	72.000000	2939.723746	1611.678591	2128.751680	0.000000	0	445.300631	20.733121	40.283894	-4.146848	-456.715555	33.140442	3.603142	-421.386868	44.887726	0.000000	-420.000000	0	36.867431	0.152608	0.077284	36.712168	-0.271853	-439.051212	8.175558	0.271853	19.051212	3.603142	1.386868	9.715555	0	1	0	1	0
hl	3	65.500000	25	3	27	8.000000	35.000000	0.242775	3.297201	2939.937611	-420.000000	0.000000	73.000000	2986.924269	1611.678591	2128.751680	0.000000	0	445.391059	20.795845	40.124325	-4.081384	-456.791434	33.236670	3.670769	-421.421990	44.887726	0.000000	-420.000000	0	36.858286	0.009145	0.062724	36.680497	-0.205307	-439.106712	8.207228	0.205307	19.106712	3.670769	1.421990	9.791434	0	1	0	1	0
hl	3	65.500000	25	3	27	8.000000	35.000000	0.242775	3.297201	2987.141128	-420.000000	0.000000	74.000000	3033.679524	1611.678591	2128.751680	0.000000	0	445.308920	20.738734	40.459588	-4.124902	-456.766457	33.179568	3.655728	-421.440614	44.887726	0.000000	-420.000000	0	36.897861	0.039575	0.057111	36.819578	-0.234587	-439.103535	8.068148	0.234587	19.103535	3.655728	1.440614	9.766457	0	1	0	1	0
hl	3	65.500000	25	3	27	8.000000	35.000000	0.242775	3.297201	3033.894673	-420.000000	0.000000	75.000000	3080.569943	1611.678591	2128.751680	0.000000	0	445.389627	20.817766	40.255369	-4.013541	-456.781407	33.118429	3.577359	-421.484935	44.887726	0.000000	-420.000000	0	36.802155	0.095706	0.079031	36.686899	-0.218091	-439.133171	8.200827	0.218091	19.133171	3.577359	1.484935	9.781407	0	1	0	1	0
hl	3	65.500000	25	3	27	8.000000	35.000000	0.242775	3.297201	3080.796212	-420.000000	0.000000	76.000000	3127.793991	1611.678591	2128.751680	0.000000	0	445.429740	20.823402	40.227580	-3.953492	-456.818356	33.021350	3.575261	-421.407124	44.887726	0.000000	-420.000000	0	36.912968	0.110813	0.005636	36.624465	-0.189115	-439.112740	8.263261	0.189115	19.112740	3.575261	1.407124	9.818356	0	1	0	1	0
hl	3	65.500000	25	3	27	8.000000	35.000000	0.242775	3.297201	3128.019833	-420.000000	0.000000	77.000000	3175.068940	1611.678591	2128.751680	0.000000	0	445.543537	20.918143	40.096692	-3.991007	-456.908144	32.864778	3.704448	-421.399592	44.887726	0.000000	-420.000000	0	37.045619	0.132650	0.094740	36.480735	-0.143280	-439.153868	8.406991	0.143280	19.153868	3.704448	1.399592	9.908144	0	1	0	1	0
hl	3	65.500000	25	3	27	8.000000	35.000000	0.242775	3.297201	3175.293498	-420.000000	0.000000	78.000000	3222.088960	1611.678591	2128.751680	0.000000	0	445.631015	20.883952	40.155344	-3.832059	-456.847266	32.654798	3.761777	-421.319882	44.887726	0.000000	-420.000000	0	37.096085	0.050467	0.034190	36.405071	-0.035141	-439.083574	8.482654	0.035141	19.083574	3.761777	1.319882	9.847266	0	1	0	1	0
hl	3	65.500000	25	3	27	8.000000	35.000000	0.242775	3.297201	3222.315658	-420.000000	0.000000	79.000000	3269.165014	1611.678591	2128.751680	0.000000	0	445.548207	20.814093	40.405760	-3.827514	-456.816325	32.907631	3.772843	-421.418522	44.887726	0.000000	-420.000000	0	36.972852	0.123233	0.069859	36.656696	-0.027335	-439.117423	8.231030	0.027335	19.117423	3.772843	1.418522	9.816325	0	1	0	1	0
hl	3	65.500000	25	3	27	8.000000	35.000000	0.242775	3.297201	3269.387006	-420.000000	0.000000	80.000000	3315.963898	1611.678591	2128.751680	0.000000	0	445.559442	20.857173	40.308338	-3.885893	-456.848804	32.722763	3.729804	-421.357073	44.887726	0.000000	-420.000000	0	37.083726	0.110874	0.043080	36.515550	-0.078045	-439.102939	8.372176	0.078045	19.102939	3.729804	1.357073	9.848804	0	1	0	1	0
hl	3	65.500000	25	3	27	8.000000	35.000000	0.242775	3.297201	3316.184179	-420.000000	0.000000	81.000000	3363.195645	1611.678591	2128.751680	0.000000	0	445.666731	20.940211	40.080848	-3.752066	-456.877613	32.756840	3.712017	-421.424872	44.887726	0.000000	-420.000000	0	36.962825	0.120902	0.083038	36.418844	-0.020025	-439.151243	8.468882	0.020025	19.151243	3.712017	1.424872	9.877613	0	1	0	1	0
hl	3	65.500000	25	3	27	8.000000	35.000000	0.242775	3.297201	3363.421487	-420.000000	0.000000	82.000000	3410.298646	1611.678591	2128.751680	0.000000	0	445.661118	20.958061	40.178450	-3.696721	-456.865472	33.017410	3.721373	-421.632291	44.887726	0.000000	-420.000000	0	36.710839	0.251985	0.017849	36.597930	0.012326	-439.248881	8.289796	0.012326	19.248881	3.721373	1.632291	9.865472	0	1	0	1	0
hl	3	65.500000	25	3	27	8.000000	35.000000	0.242775	3.297201	3410.514650	-420.000000	0.000000	83.000000	3457.260923	1611.678591	2128.751680	0.000000	0	445.642481	20.984856	40.200191	-3.727219	-456.884955	33.106458	3.705163	-421.718604	44.887726	0.000000	-420.000000	0	36.636506	0.074333	0.026795	36.653325	-0.011028	-439.301779	8.234401	0.011028	19.301779	3.705163	1.718604	9.884955	0	1	0	1	0
hl	3	65.500000	25	3	27	8.000000	35.000000	0.242775	3.297201	3457.477355	-420.000000	0.000000	84.000000	3504.597465	1611.678591	2128.751680	0.000000	0	445.817479	21.056893	39.802581	-3.584246	-456.885686	32.991205	3.770682	-421.652077	44.887726	0.000000	-420.000000	0	36.631913	0.004594	0.072037	36.396893	0.093218	-439.268882	8.490833	0.093218	19.268882	3.770682	1.652077	9.885686	0	1	0	1	0
hl	3	65.500000	25	3	27	8.000000	35.000000	0.242775	3.297201	3504.813896	-420.000000	0.000000	85.000000	3551.634167	1611.678591	2128.751680	0.000000	0	445.778749	21.027846	39.941899	-3.676947	-456.886729	32.775281	3.779772	-421.553954	44.887726	0.000000	-420.000000	0	36.815324	0.183411	0.029047	36.358590	0.051412	-439.220341	8.529136	0.051412	19.220341	3.779772	1.553954	9.886729	0	1	0	1	0
hl	3	65.500000	25	3	27	8.000000	35.000000	0.242775	3.297201	3551.850599	-420.000000	0.000000	86.000000	3598.752138	1611.678591	2128.751680	0.000000	0	445.678393	20.990171	39.924323	-3.750718	-456.802902	32.843801	3.661658	-421.577979	44.887726	0.000000	-420.000000	0	36.686132	0.129191	0.037675	36.384062	-0.044530	-439.190440	8.503664	0.044530	19.190440	3.661658	1.577979	9.802902	0	1	0	1	0
hl	3	65.500000	25	3	27	8.000000	35.000000	0.242775	3.297201	3598.968998	-420.000000	0.000000	87.000000	3645.574547	1611.678591	2128.751680	0.000000	0	445.586140	21.014198	39.892037	-3.758866	-456.778474	33.265274	3.519996	-421.824200	44.887726	0.000000	-420.000000	0	36.313869	0.372263	0.024027	36.578655	-0.119435	-439.301337	8.309070	0.119435	19.301337	3.519996	1.824200	9.778474	0	1	0	1	0
hl	3	65.500000	25	3	27	8.000000	35.000000	0.242775	3.297201	3645.790124	-420.000000	0.000000	88.000000	3692.935897	1611.678591	2128.751680	0.000000	0	445.578211	20.954684	40.275538	-3.814903	-456.756200	33.002437	3.660024	-421.769173	44.887726	0.000000	-420.000000	0	36.508418	0.194549	0.059515	36.638988	-0.077440	-439.262687	8.248738	0.077440	19.262687	3.660024	1.769173	9.756200	0	1	0	1	0
hl	3	65.500000	25	3	27	8.000000	35.000000	0.242775	3.297201	3693.152329	-420.000000	0.000000	89.000000	3739.631698	1611.678591	2128.751680	0.000000	0	445.817167	21.110260	39.758268	-3.569413	-456.804935	32.974954	3.675190	-421.823080	44.887726	0.000000	-420.000000	0	36.362450	0.145968	0.155576	36.366611	0.052888	-439.314007	8.521115	0.052888	19.314007	3.675190	1.823080	9.804935	0	1	0	1	0
hl	3	65.500000	25	3	27	8.000000	35.000000	0.242775	3.297201	3739.846847	-420.000000	0.000000	90.000000	3775.348932	1611.678591	2128.751680	3775.344655	0	445.688832	21.079311	  39.922044   -3.688411 -456.802612	  33.075636    3.583988 -421.873541	44.887726	0.000000	-420.000000	0	36.329066	0.033384	0.030949	0
