subjName	sessionNR	IOD	trialN	textureType	texnum	visualAngle	simulatedDepth	light_intensity	ambient_intensity	time	displayDistance	isRotated	frameN	timTote	startTime	touchTime	endTime	fingersOccluded	distanceToHome	distanceToObject	indexXraw	indexYraw	indexZraw	thumbXraw	thumbYraw	thumbZraw	targetX	targetY	targetZ	failCause	gripAperture	gripApertureVel	distFromObjVel	gripOriginX	gripOriginY	gripOriginZ	distFromObjX	distFromObjY	distFromObjZ	y_dist_thm	z_dist_thm	z_dist_ind	handOnObj	handnearObj	handfarObj	handTouchObj	framesOccluded
hl	4	65.500000	70	1	24	8.000000	25.000000	0.789917	1.704364	887.830588	-420.000000	0.000000	30.000000	934.787732	0.000000	0.000000	0.000000	0	4.326648	426.980238	212.902260	-354.051782	-254.794206	218.176851	-354.328135	-252.227530	44.826447	0.000000	-420.000000	0	5.872436	0.108031	0.009842	215.539555	-354.189959	-253.510868	170.713109	354.189959	166.489132	354.328135	167.772470	182.205794	0	0	1	0	0
hl	4	65.500000	70	1	24	8.000000	25.000000	0.789917	1.704364	935.101259	-420.000000	0.000000	31.000000	981.921529	0.000000	0.000000	0.000000	0	4.399456	426.905580	212.716597	-353.980320	-254.816040	218.211812	-354.329152	-252.284258	44.826447	0.000000	-420.000000	0	6.060445	0.188009	0.074658	215.464205	-354.154736	-253.550149	170.637758	354.154736	166.449851	354.329152	167.715742	182.183960	0	0	1	0	0
hl	4	65.500000	70	1	24	8.000000	25.000000	0.789917	1.704364	982.148654	-420.000000	0.000000	32.000000	1028.983040	0.000000	0.000000	0.000000	0	4.265241	426.981498	212.758559	-354.069555	-254.841286	218.373834	-354.393145	-252.404821	44.826447	0.000000	-420.000000	0	6.129631	0.069186	0.075918	215.566197	-354.231350	-253.623054	170.739750	354.231350	166.376946	354.393145	167.595179	182.158714	0	0	1	0	0
hl	4	65.500000	70	1	24	8.000000	25.000000	0.789917	1.704364	1029.200755	-420.000000	0.000000	33.000000	1076.208372	0.000000	0.000000	0.000000	0	4.211794	427.029206	212.956873	-354.082135	-254.767050	218.301773	-354.398456	-252.401864	44.826447	0.000000	-420.000000	0	5.853386	0.276246	0.047707	215.629323	-354.240296	-253.584457	170.802876	354.240296	166.415543	354.398456	167.598136	182.232950	0	0	1	0	0
hl	4	65.500000	70	1	24	8.000000	25.000000	0.789917	1.704364	1076.425231	-420.000000	0.000000	34.000000	1123.081253	0.000000	0.000000	0.000000	0	4.196243	427.034340	212.929174	-354.092450	-254.773872	218.348146	-354.408164	-252.430480	44.826447	0.000000	-420.000000	0	5.912396	0.059010	0.005135	215.638660	-354.250307	-253.602176	170.812213	354.250307	166.397824	354.408164	167.569520	182.226128	0	0	1	0	0
hl	4	65.500000	70	1	24	8.000000	25.000000	0.789917	1.704364	1123.297685	-420.000000	0.000000	35.000000	1170.565789	0.000000	0.000000	0.000000	0	4.141137	427.088602	212.780078	-354.121473	-254.796544	218.554426	-354.513420	-252.473894	44.826447	0.000000	-420.000000	0	6.236299	0.323903	0.054262	215.667252	-354.317447	-253.635219	170.840805	354.317447	166.364781	354.513420	167.526106	182.203456	0	0	1	0	0
hl	4	65.500000	70	1	24	8.000000	25.000000	0.789917	1.704364	1170.781794	-420.000000	0.000000	36.000000	1217.333877	0.000000	0.000000	0.000000	0	4.274482	427.113900	212.717565	-354.130521	-254.763879	218.362120	-354.571085	-252.257272	44.826447	0.000000	-420.000000	0	6.191782	0.044517	0.025297	215.539842	-354.350803	-253.510576	170.713396	354.350803	166.489424	354.571085	167.742728	182.236121	0	0	1	0	0
hl	4	65.500000	70	1	24	8.000000	25.000000	0.789917	1.704364	1217.549881	-420.000000	0.000000	37.000000	1265.051099	0.000000	0.000000	0.000000	0	4.891249	426.563039	212.608579	-353.823384	-254.935024	217.656691	-353.740030	-251.656326	44.826447	0.000000	-420.000000	0	6.019987	0.171795	0.550861	215.132635	-353.781707	-253.295675	170.306189	353.781707	166.704325	353.740030	168.343674	182.064976	0	0	1	0	0
hl	4	65.500000	70	1	24	8.000000	25.000000	0.789917	1.704364	1265.266675	-420.000000	0.000000	38.000000	1312.567287	1301.369722	0.000000	0.000000	0	9.721802	420.619612	214.928110	-348.304677	-257.369713	218.293282	-344.450443	-251.368362	44.826447	0.000000	-420.000000	0	7.886426	1.866439	5.943427	216.610696	-346.377560	-254.369037	171.784249	346.377560	165.630963	344.450443	168.631638	179.630287	0	0	1	0	0
hl	4	65.500000	70	1	24	8.000000	25.000000	0.789917	1.704364	1312.941124	-420.000000	0.000000	39.000000	1359.550951	1301.369722	0.000000	0.000000	0	25.194169	406.683436	216.519214	-333.195808	-264.575596	218.587193	-328.545238	-252.428543	44.826447	0.000000	-420.000000	0	13.170241	5.283815	13.936176	217.553203	-330.870523	-258.502070	172.726757	330.870523	161.497930	328.545238	167.571457	172.424404	0	0	1	0	0
hl	4	65.500000	70	1	24	8.000000	25.000000	0.789917	1.704364	1359.807162	-420.000000	0.000000	40.000000	1406.871667	1301.369722	0.000000	0.000000	0	43.297510	389.560091	214.166824	-316.566493	-271.807313	214.727692	-310.375693	-253.729855	44.826447	0.000000	-420.000000	0	19.116356	5.946115	17.123345	214.447258	-313.471093	-262.768584	169.620812	313.471093	157.231416	310.375693	166.270145	165.192687	0	0	1	0	0
hl	4	65.500000	70	1	24	8.000000	25.000000	0.789917	1.704364	1407.092376	-420.000000	0.000000	41.000000	1453.682527	1301.369722	0.000000	0.000000	0	65.299211	367.997650	209.024800	-296.356321	-281.287100	207.831560	-289.528224	-256.444356	44.826447	0.000000	-420.000000	0	25.791639	6.675283	21.562440	208.428180	-292.942273	-268.865728	163.601733	292.942273	151.134272	289.528224	163.555644	155.712900	0	0	1	0	0
hl	4	65.500000	70	1	24	8.000000	25.000000	0.789917	1.704364	1453.901953	-420.000000	0.000000	42.000000	1500.787666	1301.369722	0.000000	0.000000	0	92.262793	341.348154	202.537615	-271.737114	-294.802013	198.467789	-265.159737	-260.811571	44.826447	0.000000	-420.000000	0	34.859368	9.067729	26.649496	200.502702	-268.448425	-277.806792	155.676255	268.448425	142.193208	265.159737	159.188429	142.197987	0	0	1	0	0
hl	4	65.500000	70	1	24	8.000000	25.000000	0.789917	1.704364	1501.016502	-420.000000	0.000000	43.000000	1547.812392	1301.369722	0.000000	0.000000	0	123.208264	310.820351	196.417567	-243.426290	-312.052248	186.982718	-238.333927	-267.070913	44.826447	0.000000	-420.000000	0	46.241421	11.382053	30.527803	191.700142	-240.880108	-289.561580	146.873696	240.880108	130.438420	238.333927	152.929087	124.947752	0	0	1	0	0
hl	4	65.500000	70	1	24	8.000000	25.000000	0.789917	1.704364	1548.032674	-420.000000	0.000000	44.000000	1595.006072	1301.369722	0.000000	0.000000	0	155.378809	278.944659	188.339550	-214.233331	-329.021415	173.602251	-211.113980	-273.957684	44.826447	0.000000	-420.000000	0	57.087063	10.845642	31.875691	180.970901	-212.673656	-301.489549	136.144454	212.673656	118.510451	211.113980	146.042316	107.978585	0	0	1	0	0
hl	4	65.500000	70	1	24	8.000000	25.000000	0.789917	1.704364	1595.224214	-420.000000	0.000000	45.000000	1641.736519	1301.369722	0.000000	0.000000	0	188.318988	245.948115	178.009087	-184.539399	-347.091221	158.302849	-184.641702	-281.186005	44.826447	0.000000	-420.000000	0	68.788398	11.701335	32.996544	168.155968	-184.590550	-314.138613	123.329521	184.590550	105.861387	184.641702	138.813995	89.908779	0	0	0	0	0
hl	4	65.500000	70	1	24	8.000000	25.000000	0.789917	1.704364	1641.954661	-420.000000	0.000000	46.000000	1688.327098	1301.369722	0.000000	0.000000	0	220.728770	213.677757	167.091384	-155.296817	-362.472982	143.516516	-158.831166	-290.083079	44.826447	0.000000	-420.000000	0	76.213936	7.425538	32.270358	155.303950	-157.063992	-326.278030	110.477503	157.063992	93.721970	158.831166	129.916921	74.527018	0	0	0	0	0
hl	4	65.500000	70	1	24	8.000000	25.000000	0.789917	1.704364	1688.544385	-420.000000	0.000000	47.000000	1735.693153	1301.369722	0.000000	0.000000	0	251.354882	183.492146	157.054535	-127.294543	-375.821142	128.892484	-134.467879	-297.966580	44.826447	0.000000	-420.000000	0	83.101688	6.887753	30.185611	142.973509	-130.881211	-336.893861	98.147063	130.881211	83.106139	134.467879	122.033420	61.178858	0	0	0	0	0
hl	4	65.500000	70	1	24	8.000000	25.000000	0.789917	1.704364	1735.910868	-420.000000	0.000000	48.000000	1782.344897	1301.369722	0.000000	0.000000	0	279.998425	156.039928	147.903074	-100.638959	-386.301973	116.945873	-110.862910	-305.484875	44.826447	0.000000	-420.000000	0	87.145171	4.043483	27.452218	132.424473	-105.750935	-345.893424	87.598027	105.750935	74.106576	110.862910	114.515125	50.698027	0	0	0	0	0
hl	4	65.500000	70	1	24	8.000000	25.000000	0.789917	1.704364	1782.615651	-420.000000	0.000000	49.000000	1829.926101	1301.369722	0.000000	0.000000	0	306.663908	131.088357	139.055403	-76.813103	-395.454185	106.288175	-87.632956	-312.430208	44.826447	0.000000	-420.000000	0	89.909628	2.764457	24.951571	122.671789	-82.223029	-353.942196	77.845343	82.223029	66.057804	87.632956	107.569792	41.545815	0	0	0	0	0
hl	4	65.500000	70	1	24	8.000000	25.000000	0.789917	1.704364	1830.148093	-420.000000	0.000000	50.000000	1876.894366	1301.369722	0.000000	0.000000	0	330.407323	108.623972	129.764994	-55.824706	-404.859640	94.749474	-68.477315	-318.701396	44.826447	0.000000	-420.000000	0	93.858500	3.948873	22.464385	112.257234	-62.151011	-361.780518	67.430787	62.151011	58.219482	68.477315	101.298604	32.140360	0	0	0	0	0
hl	4	65.500000	70	1	24	8.000000	25.000000	0.789917	1.704364	1877.112937	-420.000000	0.000000	51.000000	1923.278351	1301.369722	0.000000	0.000000	1	330.407323	108.623972	129.764994	-55.824706	-404.859640	94.749474	-68.477315	-318.701396	44.826447	0.000000	-420.000000	0	93.858500	0.000000	0.000000	112.257234	-62.151011	-361.780518	67.430787	62.151011	58.219482	68.477315	101.298604	32.140360	0	0	0	0	1
hl	4	65.500000	70	1	24	8.000000	25.000000	0.789917	1.704364	1923.492645	-420.000000	0.000000	52.000000	1970.737224	1301.369722	0.000000	0.000000	0	368.417230	71.674881	111.575470	-26.501533	-422.320393	74.649308	-38.423781	-333.967430	44.826447	0.000000	-420.000000	0	96.498329	2.639829	36.949091	93.112389	-32.462657	-378.143911	48.285943	32.462657	41.856089	38.423781	86.032570	14.679607	0	0	0	0	1
hl	4	65.500000	70	1	24	8.000000	25.000000	0.789917	1.704364	1970.954084	-420.000000	0.000000	53.000000	2017.433025	1301.369722	0.000000	0.000000	0	383.314269	56.395025	101.760672	-17.126076	-430.437542	66.128526	-27.040248	-341.371463	44.826447	0.000000	-420.000000	0	96.440174	0.058156	15.279855	83.944599	-22.083162	-385.904502	39.118152	22.083162	34.095498	27.040248	78.628537	6.562458	0	0	0	0	1
hl	4	65.500000	70	1	24	8.000000	25.000000	0.789917	1.704364	2017.661861	-420.000000	0.000000	54.000000	2064.727649	1301.369722	0.000000	0.000000	1	383.314269	56.395025	101.760672	-17.126076	-430.437542	66.128526	-27.040248	-341.371463	44.826447	0.000000	-420.000000	0	96.440174	0.000000	0.000000	83.944599	-22.083162	-385.904502	39.118152	22.083162	34.095498	27.040248	78.628537	6.562458	0	0	0	0	2
hl	4	65.500000	70	1	24	8.000000	25.000000	0.789917	1.704364	2064.942797	-420.000000	0.000000	55.000000	2111.806269	1301.369722	0.000000	0.000000	1	383.314269	56.395025	101.760672	-17.126076	-430.437542	66.128526	-27.040248	-341.371463	44.826447	0.000000	-420.000000	0	96.440174	0.000000	0.000000	83.944599	-22.083162	-385.904502	39.118152	22.083162	34.095498	27.040248	78.628537	6.562458	0	0	0	0	3
hl	4	65.500000	70	1	24	8.000000	25.000000	0.789917	1.704364	2112.021417	-420.000000	0.000000	56.000000	2158.565374	1301.369722	0.000000	0.000000	1	383.314269	56.395025	101.760672	-17.126076	-430.437542	66.128526	-27.040248	-341.371463	44.826447	0.000000	-420.000000	0	96.440174	0.000000	0.000000	83.944599	-22.083162	-385.904502	39.118152	22.083162	34.095498	27.040248	78.628537	6.562458	0	0	0	0	4
hl	4	65.500000	70	1	24	8.000000	25.000000	0.789917	1.704364	2158.778811	-420.000000	0.000000	57.000000	2205.374523	1301.369722	0.000000	0.000000	1	383.314269	56.395025	101.760672	-17.126076	-430.437542	66.128526	-27.040248	-341.371463	44.826447	0.000000	-420.000000	0	96.440174	0.000000	0.000000	83.944599	-22.083162	-385.904502	39.118152	22.083162	34.095498	27.040248	78.628537	6.562458	0	0	0	0	5
hl	4	65.500000	70	1	24	8.000000	25.000000	0.789917	1.704364	2205.590527	-420.000000	0.000000	58.000000	2253.289357	1301.369722	0.000000	0.000000	0	425.533364	9.831148	72.525603	0.946647	-465.496074	35.680963	-4.124615	-380.184383	44.826447	0.000000	-420.000000	0	93.066266	3.373907	46.563878	54.103283	-1.588984	-422.840228	9.276836	1.588984	2.840228	4.124615	39.815617	28.496074	0	0	0	0	5
hl	4	65.500000	70	1	24	8.000000	25.000000	0.789917	1.704364	2253.510066	-420.000000	0.000000	59.000000	2300.173359	1301.369722	0.000000	0.000000	0	430.318095	11.451228	70.673410	2.167609	-470.501335	33.404028	-1.588590	-387.278422	44.826447	0.000000	-420.000000	0	91.264282	1.801984	1.620081	52.038719	0.289510	-428.889878	7.212272	0.289510	8.889878	1.588590	32.721578	33.501335	0	0	0	0	5
hl	4	65.500000	70	1	24	8.000000	25.000000	0.789917	1.704364	2300.402623	-420.000000	0.000000	60.000000	2347.511612	1301.369722	0.000000	0.000000	0	434.215008	14.843021	68.212208	3.538294	-473.439021	32.503060	0.181860	-393.856499	44.826447	0.000000	-420.000000	0	87.291389	3.972893	3.391793	50.357634	1.860077	-433.647760	5.531188	1.860077	13.647760	0.181860	26.143501	36.439021	0	1	0	0	5
hl	4	65.500000	70	1	24	8.000000	25.000000	0.789917	1.704364	2347.726333	-420.000000	0.000000	61.000000	2394.470039	1301.369722	0.000000	0.000000	0	436.419335	17.943783	66.409048	3.534296	-475.622268	31.856809	0.702243	-398.957870	44.826447	0.000000	-420.000000	0	84.138622	3.152767	3.100762	49.132928	2.118270	-437.290069	4.306482	2.118270	17.290069	0.702243	21.042130	38.622268	0	1	0	0	5
hl	4	65.500000	70	1	24	8.000000	25.000000	0.789917	1.704364	2394.684760	-420.000000	0.000000	62.000000	2441.294159	1301.369722	0.000000	0.000000	0	437.489278	21.281548	63.956101	2.059470	-477.865975	31.500002	-0.458749	-404.269256	44.826447	0.000000	-420.000000	0	80.474945	3.663677	3.337766	47.728051	0.800361	-441.067615	2.901605	0.800361	21.067615	0.458749	15.730744	40.865975	0	1	0	0	5
hl	4	65.500000	70	1	24	8.000000	25.000000	0.789917	1.704364	2441.509736	-420.000000	0.000000	63.000000	2488.202970	1301.369722	2476.787690	0.000000	0	438.515694	24.207130	60.935648	0.626756	-479.975077	30.982999	-1.503828	-408.378181	44.826447	0.000000	-420.000000	0	77.639011	2.835934	2.925581	45.959323	-0.438536	-444.176629	1.132877	0.438536	24.176629	1.503828	11.621819	42.975077	0	1	0	1	5
hl	4	65.500000	70	1	24	8.000000	25.000000	0.789917	1.704364	2488.422824	-420.000000	0.000000	64.000000	2535.004848	1301.369722	2476.787690	0.000000	0	438.522044	26.931321	57.987589	-1.969787	-481.122711	30.890719	-3.221699	-412.483563	44.826447	0.000000	-420.000000	0	73.804745	3.834266	2.724191	44.439154	-2.595743	-446.803137	0.387292	2.595743	26.803137	3.221699	7.516437	44.122711	0	1	0	1	5
hl	4	65.500000	70	1	24	8.000000	25.000000	0.789917	1.704364	2535.223847	-420.000000	0.000000	65.000000	2582.004766	1301.369722	2476.787690	0.000000	0	438.261847	28.809561	55.314223	-4.139539	-481.138684	30.848179	-4.813873	-415.673428	44.826447	0.000000	-420.000000	0	69.890928	3.913817	1.878240	43.081201	-4.476706	-448.406056	1.745246	4.476706	28.406056	4.813873	4.326572	44.138684	0	1	0	1	5
hl	4	65.500000	70	1	24	8.000000	25.000000	0.789917	1.704364	2582.234885	-420.000000	0.000000	66.000000	2629.147973	1301.369722	2476.787690	0.000000	0	438.565777	29.373376	53.032071	-5.101645	-480.326213	32.316654	-4.084099	-417.538086	44.826447	0.000000	-420.000000	0	66.124978	3.765950	0.563815	42.674362	-4.592872	-448.932149	2.152084	4.592872	28.932149	4.084099	2.461914	43.326213	0	1	0	1	5
hl	4	65.500000	70	1	24	8.000000	25.000000	0.789917	1.704364	2629.366971	-420.000000	0.000000	67.000000	2676.225738	1301.369722	2476.787690	0.000000	0	438.142898	30.130064	51.471731	-6.088013	-479.024524	34.057261	-4.767654	-420.106102	44.826447	0.000000	-420.000000	0	61.452319	4.672659	0.756688	42.764496	-5.427833	-449.565313	2.061950	5.427833	29.565313	4.767654	0.106102	42.024524	0	1	0	1	5
hl	4	65.500000	70	1	24	8.000000	25.000000	0.789917	1.704364	2676.443025	-420.000000	0.000000	68.000000	2723.327027	1301.369722	2476.787690	0.000000	0	437.697928	30.683548	50.239227	-7.601446	-478.121845	34.942713	-4.972499	-421.776628	44.826447	0.000000	-420.000000	0	58.443803	3.008516	0.553484	42.590970	-6.286973	-449.949236	2.235477	6.286973	29.949236	4.972499	1.776628	41.121845	0	1	0	1	5
hl	4	65.500000	70	1	24	8.000000	25.000000	0.789917	1.704364	2723.546025	-420.000000	0.000000	69.000000	2770.313685	1301.369722	2476.787690	0.000000	0	436.045375	31.340004	48.706183	-10.998131	-476.409356	35.288006	-6.362696	-423.551999	44.826447	0.000000	-420.000000	0	54.730567	3.713236	0.656455	41.997094	-8.680414	-449.980678	2.829352	8.680414	29.980678	6.362696	3.551999	39.409356	0	1	0	1	5
hl	4	65.500000	70	1	24	8.000000	25.000000	0.789917	1.704364	2770.618657	-420.000000	0.000000	70.000000	2817.725079	1301.369722	2476.787690	0.000000	0	435.380937	31.438375	46.920028	-12.366264	-474.941632	36.722249	-6.657416	-424.686028	44.826447	0.000000	-420.000000	0	51.596623	3.133944	0.098371	41.821138	-9.511840	-449.813830	3.005308	9.511840	29.813830	6.657416	4.686028	37.941632	0	1	0	1	5
hl	4	65.500000	70	1	24	8.000000	25.000000	0.789917	1.704364	2817.958620	-420.000000	0.000000	71.000000	2864.373402	1301.369722	2476.787690	0.000000	0	435.760004	29.146790	45.745479	-11.938729	-472.737573	37.742931	-4.025144	-422.987604	44.826447	0.000000	-420.000000	0	51.007107	0.589515	2.291585	41.744205	-7.981936	-447.862589	3.082241	7.981936	27.862589	4.025144	2.987604	35.737573	0	1	0	1	5
hl	4	65.500000	70	1	24	8.000000	25.000000	0.789917	1.704364	2864.593256	-420.000000	0.000000	72.000000	2911.819015	1301.369722	2476.787690	0.000000	0	436.895411	26.361987	45.127164	-9.833161	-471.032556	39.503715	-0.374057	-420.449572	44.826447	0.000000	-420.000000	0	51.766168	0.759060	2.784803	42.315440	-5.103609	-445.741064	2.511007	5.103609	25.741064	0.374057	0.449572	34.032556	0	1	0	1	5
hl	4	65.500000	70	1	24	8.000000	25.000000	0.789917	1.704364	2912.046996	-420.000000	0.000000	73.000000	2959.090969	1301.369722	2476.787690	0.000000	0	437.918200	23.715215	42.763596	-7.449297	-466.805535	41.621358	2.170337	-420.034909	44.826447	0.000000	-420.000000	0	47.763307	4.002861	2.646771	42.192477	-2.639480	-443.420222	2.633969	2.639480	23.420222	2.170337	0.034909	29.805535	0	1	0	1	5
hl	4	65.500000	70	1	24	8.000000	25.000000	0.789917	1.704364	2959.309968	-420.000000	0.000000	74.000000	3006.079766	1301.369722	2476.787690	0.000000	0	437.657858	21.685475	40.597670	-7.111778	-461.470568	42.156668	2.631574	-421.113198	44.826447	0.000000	-420.000000	0	41.546127	6.217180	2.029740	41.377169	-2.240102	-441.291883	3.449278	2.240102	21.291883	2.631574	1.113198	24.470568	0	1	0	1	5
hl	4	65.500000	70	1	24	8.000000	25.000000	0.789917	1.704364	3006.299192	-420.000000	0.000000	75.000000	3053.181055	1301.369722	2476.787690	0.000000	0	437.826277	19.588084	38.599919	-5.631658	-456.501791	42.510982	3.067309	-421.645693	44.826447	0.000000	-420.000000	0	36.137460	5.408667	2.097392	40.555451	-1.282175	-439.073742	4.270996	1.282175	19.073742	3.067309	1.645693	19.501791	0	1	0	1	5
hl	4	65.500000	70	1	24	8.000000	25.000000	0.789917	1.704364	3053.400909	-420.000000	0.000000	76.000000	3099.993627	1301.369722	2476.787690	0.000000	0	437.420056	17.878932	36.199169	-5.712012	-451.872787	42.445944	3.084948	-422.047004	44.826447	0.000000	-420.000000	0	31.717283	4.420176	1.709151	39.322556	-1.313532	-436.959895	5.503890	1.313532	16.959895	3.084948	2.047004	14.872787	0	1	0	1	5
hl	4	65.500000	70	1	24	8.000000	25.000000	0.789917	1.704364	3100.212625	-420.000000	0.000000	77.000000	3146.880196	1301.369722	2476.787690	0.000000	0	437.260222	16.258725	35.326074	-4.829666	-448.155528	42.454587	3.257175	-422.076275	44.826447	0.000000	-420.000000	0	28.219500	3.497783	1.620207	38.890330	-0.786246	-435.115902	5.936116	0.786246	15.115902	3.257175	2.076275	11.155528	0	1	0	1	5
hl	4	65.500000	70	1	24	8.000000	25.000000	0.789917	1.704364	3147.099622	-420.000000	0.000000	78.000000	3194.104244	1301.369722	2476.787690	0.000000	0	437.573173	16.080294	35.304476	-4.288267	-447.432834	42.218786	3.586959	-422.344400	44.826447	0.000000	-420.000000	0	27.189269	1.030231	0.178431	38.761631	-0.350654	-434.888617	6.064816	0.350654	14.888617	3.586959	2.344400	10.432834	0	1	0	1	5
hl	4	65.500000	70	1	24	8.000000	25.000000	0.789917	1.704364	3194.383552	-420.000000	0.000000	79.000000	3240.942907	1301.369722	2476.787690	0.000000	0	437.315583	15.971530	35.477410	-4.586466	-447.151096	42.169185	3.414806	-422.426516	44.826447	0.000000	-420.000000	0	26.834774	0.354496	0.108764	38.823298	-0.585830	-434.788806	6.003149	0.585830	14.788806	3.414806	2.426516	10.151096	0	1	0	1	5
hl	4	65.500000	70	1	24	8.000000	25.000000	0.789917	1.704364	3241.165327	-420.000000	0.000000	80.000000	3287.956939	1301.369722	2476.787690	0.000000	0	437.122597	15.877225	35.090242	-4.660864	-446.745538	42.106991	2.995878	-422.416586	44.826447	0.000000	-420.000000	0	26.452946	0.381827	0.094305	38.598617	-0.832493	-434.581062	6.227830	0.832493	14.581062	2.995878	2.416586	9.745538	0	1	0	1	5
hl	4	65.500000	70	1	24	8.000000	25.000000	0.789917	1.704364	3288.177221	-420.000000	0.000000	81.000000	3335.400842	1301.369722	2476.787690	0.000000	0	436.873643	15.777154	35.083037	-4.792138	-446.382553	42.142945	2.648801	-422.542391	44.826447	0.000000	-420.000000	0	25.953097	0.499849	0.100071	38.612991	-1.071668	-434.462472	6.213455	1.071668	14.462472	2.648801	2.542391	9.382553	0	1	0	1	5
hl	4	65.500000	70	1	24	8.000000	25.000000	0.789917	1.704364	3335.628822	-420.000000	0.000000	82.000000	3382.086805	1301.369722	2476.787690	0.000000	0	436.404511	15.809309	35.287648	-5.339689	-446.409309	42.382854	2.183339	-422.680151	44.826447	0.000000	-420.000000	0	25.884568	0.068529	0.032154	38.835251	-1.578175	-434.544730	5.991195	1.578175	14.544730	2.183339	2.680151	9.409309	0	1	0	1	5
hl	4	65.500000	70	1	24	8.000000	25.000000	0.789917	1.704364	3382.305803	-420.000000	0.000000	83.000000	3429.443877	1301.369722	2476.787690	0.000000	0	436.331982	15.805815	35.194823	-5.351640	-446.355293	42.423113	2.014839	-422.684692	44.826447	0.000000	-420.000000	0	25.822675	0.061893	0.003494	38.808968	-1.668400	-434.519992	6.017478	1.668400	14.519992	2.014839	2.684692	9.355293	0	1	0	1	5
hl	4	65.500000	70	1	24	8.000000	25.000000	0.789917	1.704364	3429.662020	-420.000000	0.000000	84.000000	3476.094766	1301.369722	2476.787690	0.000000	0	436.381152	15.767536	35.206734	-5.310285	-446.302160	42.299031	2.096573	-422.621536	44.826447	0.000000	-420.000000	0	25.805700	0.016975	0.038278	38.752883	-1.606856	-434.461848	6.073564	1.606856	14.461848	2.096573	2.621536	9.302160	0	1	0	1	5
hl	4	65.500000	70	1	24	8.000000	25.000000	0.789917	1.704364	3476.313765	-420.000000	0.000000	85.000000	3523.418048	1301.369722	2476.787690	0.000000	0	436.413061	15.790251	35.193871	-5.267299	-446.265324	42.347536	2.114283	-422.729477	44.826447	0.000000	-420.000000	0	25.682654	0.123046	0.022715	38.770703	-1.576508	-434.497401	6.055743	1.576508	14.497401	2.114283	2.729477	9.265324	0	1	0	1	5
hl	4	65.500000	70	1	24	8.000000	25.000000	0.789917	1.704364	3523.637046	-420.000000	0.000000	86.000000	3570.264838	1301.369722	2476.787690	0.000000	0	436.424751	15.832919	35.237994	-5.357883	-446.279880	42.352997	2.201446	-422.828070	44.826447	0.000000	-420.000000	0	25.646717	0.035937	0.042668	38.795496	-1.578219	-434.553975	6.030951	1.578219	14.553975	2.201446	2.828070	9.279880	0	1	0	1	5
hl	4	65.500000	70	1	24	8.000000	25.000000	0.789917	1.704364	3570.482981	-420.000000	0.000000	87.000000	3617.571866	1301.369722	2476.787690	0.000000	0	436.389503	15.841884	35.231027	-5.354282	-446.236494	42.441226	2.129267	-422.916975	44.826447	0.000000	-420.000000	0	25.530187	0.116530	0.008965	38.836126	-1.612508	-434.576734	5.990320	1.612508	14.576734	2.129267	2.916975	9.236494	0	1	0	1	5
hl	4	65.500000	70	1	24	8.000000	25.000000	0.789917	1.704364	3617.800702	-420.000000	0.000000	88.000000	3664.701386	1301.369722	2476.787690	0.000000	0	436.410916	15.837466	35.245852	-5.329767	-446.157950	42.426383	2.159371	-422.991900	44.826447	0.000000	-420.000000	0	25.383323	0.146864	0.004418	38.836117	-1.585198	-434.574925	5.990329	1.585198	14.574925	2.159371	2.991900	9.157950	0	1	0	1	5
hl	4	65.500000	70	1	24	8.000000	25.000000	0.789917	1.704364	3664.918246	-420.000000	0.000000	89.000000	3711.808664	1301.369722	2476.787690	0.000000	0	436.310486	15.923989	35.184814	-5.537025	-446.208741	42.475658	2.038798	-423.086958	44.826447	0.000000	-420.000000	0	25.400124	0.016802	0.086523	38.830236	-1.749114	-434.647849	5.996210	1.749114	14.647849	2.038798	3.086958	9.208741	0	1	0	1	5
hl	4	65.500000	70	1	24	8.000000	25.000000	0.789917	1.704364	3712.026807	-420.000000	0.000000	90.000000	3758.869319	1301.369722	2476.787690	0.000000	0	436.227888	15.978661	35.138361	-5.818972	-446.212213	42.352254	2.024137	-423.095612	44.826447	0.000000	-420.000000	0	25.454506	0.054381	0.054672	38.745308	-1.897418	-434.653913	6.081139	1.897418	14.653913	2.024137	3.095612	9.212213	0	1	0	1	5
hl	4	65.500000	70	1	24	8.000000	25.000000	0.789917	1.704364	3759.093022	-420.000000	0.000000	91.000000	3805.975742	1301.369722	2476.787690	0.000000	0	436.227206	16.067042	34.835160	-6.033961	-446.207859	42.287046	2.042960	-423.111983	44.826447	0.000000	-420.000000	0	25.577074	0.122569	0.088381	38.561103	-1.995500	-434.659921	6.265344	1.995500	14.659921	2.042960	3.111983	9.207859	0	1	0	1	5
hl	4	65.500000	70	1	24	8.000000	25.000000	0.789917	1.704364	3806.197306	-420.000000	0.000000	92.000000	3852.971810	1301.369722	2476.787690	0.000000	0	435.919386	16.090552	34.774137	-6.447500	-446.161572	42.386605	1.736551	-423.119421	44.826447	0.000000	-420.000000	0	25.609941	0.032867	0.023510	38.580371	-2.355475	-434.640497	6.246076	2.355475	14.640497	1.736551	3.119421	9.161572	0	1	0	1	5
hl	4	65.500000	70	1	24	8.000000	25.000000	0.789917	1.704364	3853.189097	-420.000000	0.000000	93.000000	3900.021771	1301.369722	2476.787690	0.000000	0	435.935841	16.228283	34.558224	-6.681166	-446.271604	42.357231	1.798555	-423.179142	44.826447	0.000000	-420.000000	0	25.806821	0.196880	0.137731	38.457728	-2.441305	-434.725373	6.368719	2.441305	14.725373	1.798555	3.179142	9.271604	0	1	0	1	5
hl	4	65.500000	70	1	24	8.000000	25.000000	0.789917	1.704364	3900.252318	-420.000000	0.000000	94.000000	3947.227000	1301.369722	2476.787690	0.000000	0	435.953779	16.093305	34.758318	-6.574255	-446.032958	42.284322	1.906875	-423.210417	44.826447	0.000000	-420.000000	0	25.484087	0.322734	0.134978	38.521320	-2.333690	-434.621687	6.305126	2.333690	14.621687	1.906875	3.210417	9.032958	0	1	0	1	5
hl	4	65.500000	70	1	24	8.000000	25.000000	0.789917	1.704364	3947.452842	-420.000000	0.000000	95.000000	3994.245737	1301.369722	2476.787690	0.000000	0	436.196016	16.099133	34.691189	-6.283401	-445.986668	42.300378	2.151279	-423.327915	44.826447	0.000000	-420.000000	0	25.346847	0.137240	0.005828	38.495784	-2.066061	-434.657292	6.330663	2.066061	14.657292	2.151279	3.327915	8.986668	0	1	0	1	5
hl	4	65.500000	70	1	24	8.000000	25.000000	0.789917	1.704364	3994.464308	-420.000000	0.000000	96.000000	4041.310670	1301.369722	2476.787690	0.000000	0	436.428681	16.143306	34.668296	-6.038739	-446.009300	42.296089	2.390635	-423.454550	44.826447	0.000000	-420.000000	0	25.257757	0.089090	0.044172	38.482193	-1.824052	-434.731925	6.344254	1.824052	14.731925	2.390635	3.454550	9.009300	0	1	0	1	5
hl	4	65.500000	70	1	24	8.000000	25.000000	0.789917	1.704364	4041.529668	-420.000000	0.000000	97.000000	4087.970969	1301.369722	2476.787690	0.000000	0	436.494866	16.165721	34.578564	-5.902088	-445.997730	42.359135	2.376817	-423.518680	44.826447	0.000000	-420.000000	0	25.187005	0.070752	0.022415	38.468849	-1.762635	-434.758205	6.357597	1.762635	14.758205	2.376817	3.518680	8.997730	0	1	0	1	5
hl	4	65.500000	70	1	24	8.000000	25.000000	0.789917	1.704364	4088.189967	-420.000000	0.000000	98.000000	4123.825505	1301.369722	2476.787690	4123.821227	0	436.396868	16.146317	  34.736335   -6.104401 -445.993837	  42.365526    2.417276 -423.530576	44.826447	0.000000	-420.000000	0	25.207571	0.020566	0.019404	5
