subjName	sessionNR	IOD	trialN	textureType	texnum	visualAngle	simulatedDepth	light_intensity	ambient_intensity	time	displayDistance	isRotated	frameN	timTote	startTime	touchTime	endTime	fingersOccluded	distanceToHome	distanceToObject	indexXraw	indexYraw	indexZraw	thumbXraw	thumbYraw	thumbZraw	targetX	targetY	targetZ	failCause	gripAperture	gripApertureVel	distFromObjVel	gripOriginX	gripOriginY	gripOriginZ	distFromObjX	distFromObjY	distFromObjZ	y_dist_thm	z_dist_thm	z_dist_ind	handOnObj	handnearObj	handfarObj	handTouchObj	framesOccluded
hl	4	65.500000	11	2	4	8.000000	35.000000	0.457190	2.505733	922.486622	-420.000000	0.000000	30.000000	969.038705	0.000000	0.000000	0.000000	0	6.295864	432.542206	219.565230	-354.960979	-251.780507	225.684146	-355.636132	-246.204979	44.826447	0.000000	-420.000000	0	8.305630	0.083857	0.099815	222.624688	-355.298556	-248.992743	177.798241	355.298556	171.007257	355.636132	173.795021	195.219493	0	0	1	0	0
hl	4	65.500000	11	2	4	8.000000	35.000000	0.457190	2.505733	969.407409	-420.000000	0.000000	31.000000	1016.646856	0.000000	0.000000	0.000000	0	6.234914	432.482521	219.497433	-354.957632	-251.816383	225.551637	-355.608454	-246.198354	44.826447	0.000000	-420.000000	0	8.284878	0.020752	0.059685	222.524535	-355.283043	-249.007368	177.698089	355.283043	170.992632	355.608454	173.801646	195.183617	0	0	1	0	0
hl	4	65.500000	11	2	4	8.000000	35.000000	0.457190	2.505733	1016.873981	-420.000000	0.000000	32.000000	1063.126225	0.000000	0.000000	0.000000	0	6.233080	432.470114	219.461211	-354.930321	-251.801170	225.570012	-355.612526	-246.209496	44.826447	0.000000	-420.000000	0	8.309613	0.024735	0.012407	222.515612	-355.271423	-249.005333	177.689165	355.271423	170.994667	355.612526	173.790504	195.198830	0	0	1	0	0
hl	4	65.500000	11	2	4	8.000000	35.000000	0.457190	2.505733	1063.341801	-420.000000	0.000000	33.000000	1110.894347	0.000000	0.000000	0.000000	0	6.229558	432.478653	219.412266	-354.938088	-251.818329	225.576697	-355.638213	-246.174741	44.826447	0.000000	-420.000000	0	8.386922	0.077309	0.008539	222.494482	-355.288150	-248.996535	177.668035	355.288150	171.003465	355.638213	173.825259	195.181671	0	0	1	0	0
hl	4	65.500000	11	2	4	8.000000	35.000000	0.457190	2.505733	1111.119761	-420.000000	0.000000	34.000000	1157.882715	0.000000	0.000000	0.000000	0	6.213315	432.472865	219.413896	-354.996117	-251.785920	225.336325	-355.639722	-246.112184	44.826447	0.000000	-420.000000	0	8.226826	0.160096	0.005788	222.375111	-355.317920	-248.949052	177.548664	355.317920	171.050948	355.639722	173.887816	195.214080	0	0	1	0	0
hl	4	65.500000	11	2	4	8.000000	35.000000	0.457190	2.505733	1158.098719	-420.000000	0.000000	35.000000	1204.732072	0.000000	0.000000	0.000000	0	6.155728	432.391934	219.205493	-354.934699	-251.781259	225.240770	-355.645573	-246.095255	44.826447	0.000000	-420.000000	0	8.322293	0.095467	0.080931	222.223131	-355.290136	-248.938257	177.396685	355.290136	171.061743	355.645573	173.904745	195.218741	0	0	1	0	0
hl	4	65.500000	11	2	4	8.000000	35.000000	0.457190	2.505733	1204.948076	-420.000000	0.000000	36.000000	1252.067330	0.000000	0.000000	0.000000	0	6.244438	432.314772	219.028705	-354.901158	-251.697753	225.142689	-355.477994	-245.866354	44.826447	0.000000	-420.000000	0	8.468693	0.146400	0.077162	222.085697	-355.189576	-248.782053	177.259251	355.189576	171.217947	355.477994	174.133646	195.302247	0	0	1	0	0
hl	4	65.500000	11	2	4	8.000000	35.000000	0.457190	2.505733	1252.283762	-420.000000	0.000000	37.000000	1299.783269	0.000000	0.000000	0.000000	0	7.637162	429.021537	219.857702	-352.236480	-252.379552	225.816022	-349.893942	-246.299547	44.826447	0.000000	-420.000000	0	8.829243	0.360550	3.293234	222.836862	-351.065211	-249.339550	178.010415	351.065211	170.660450	349.893942	173.700453	194.620448	0	0	1	0	0
hl	4	65.500000	11	2	4	8.000000	35.000000	0.457190	2.505733	1300.019376	-420.000000	0.000000	38.000000	1346.981226	1335.418806	0.000000	0.000000	0	16.777606	418.248017	220.202242	-341.673530	-256.447095	224.757368	-336.989593	-247.548264	44.826447	0.000000	-420.000000	0	11.039820	2.210577	10.773520	222.479805	-339.331561	-251.997680	177.653358	339.331561	168.002320	336.989593	172.451736	190.552905	0	0	1	0	0
hl	4	65.500000	11	2	4	8.000000	35.000000	0.457190	2.505733	1347.336242	-420.000000	0.000000	39.000000	1393.617572	1335.418806	0.000000	0.000000	0	34.026332	400.643789	218.383701	-324.816119	-264.119966	219.334774	-318.585332	-248.852959	44.826447	0.000000	-420.000000	0	16.516923	5.477103	17.604228	218.859237	-321.700725	-256.486462	174.032791	321.700725	163.513538	318.585332	171.147041	182.880034	0	0	1	0	0
hl	4	65.500000	11	2	4	8.000000	35.000000	0.457190	2.505733	1393.840420	-420.000000	0.000000	40.000000	1440.889954	1335.418806	0.000000	0.000000	0	58.793347	376.102363	215.202091	-301.040357	-276.450460	211.074835	-294.977791	-251.686464	44.826447	0.000000	-420.000000	0	25.827204	9.310281	24.541426	213.138463	-298.009074	-264.068462	168.312017	298.009074	155.931538	294.977791	168.313536	170.549540	0	0	1	0	0
hl	4	65.500000	11	2	4	8.000000	35.000000	0.457190	2.505733	1441.108524	-420.000000	0.000000	41.000000	1488.089622	1335.418806	0.000000	0.000000	0	90.315290	345.288479	209.964882	-270.882910	-291.293059	200.846128	-266.449102	-257.110803	44.826447	0.000000	-420.000000	0	35.654411	9.827207	30.813884	205.405505	-268.666006	-274.201931	160.579059	268.666006	145.798069	266.449102	162.889197	155.706941	0	0	1	0	0
hl	4	65.500000	11	2	4	8.000000	35.000000	0.457190	2.505733	1488.321452	-420.000000	0.000000	42.000000	1534.894494	1335.418806	0.000000	0.000000	0	125.451710	311.181990	202.116623	-237.231973	-305.220777	187.234887	-235.198555	-262.149329	44.826447	0.000000	-420.000000	0	45.615244	9.960833	34.106489	194.675755	-236.215264	-283.685053	149.849309	236.215264	136.314947	235.198555	157.850671	141.779223	0	0	1	0	0
hl	4	65.500000	11	2	4	8.000000	35.000000	0.457190	2.505733	1535.116058	-420.000000	0.000000	43.000000	1581.994073	1335.418806	0.000000	0.000000	0	162.801891	275.071814	193.688085	-201.884941	-321.878711	172.220396	-202.529710	-267.542654	44.826447	0.000000	-420.000000	0	58.426744	12.811500	36.110176	182.954240	-202.207325	-294.710682	138.127794	202.207325	125.289318	202.529710	152.457346	125.121289	0	0	1	0	0
hl	4	65.500000	11	2	4	8.000000	35.000000	0.457190	2.505733	1582.212215	-420.000000	0.000000	44.000000	1628.755316	1335.418806	0.000000	0.000000	0	199.353531	239.955263	185.896104	-167.584579	-338.679681	156.311274	-171.013954	-273.545475	44.826447	0.000000	-420.000000	0	71.620442	13.193697	35.116551	171.103689	-169.299266	-306.112578	126.277243	169.299266	113.887422	171.013954	146.454525	108.320319	0	0	0	0	0
hl	4	65.500000	11	2	4	8.000000	35.000000	0.457190	2.505733	1628.985008	-420.000000	0.000000	45.000000	1675.818110	1335.418806	0.000000	0.000000	0	233.935918	207.210315	176.515194	-135.207451	-352.252652	141.447205	-141.342347	-280.046992	44.826447	0.000000	-420.000000	0	80.505019	8.884578	32.744948	158.981199	-138.274899	-316.149822	114.154753	138.274899	103.850178	141.342347	139.953008	94.747348	0	0	0	0	0
hl	4	65.500000	11	2	4	8.000000	35.000000	0.457190	2.505733	1676.035825	-420.000000	0.000000	46.000000	1722.966022	1335.418806	0.000000	0.000000	0	265.614401	177.393971	167.244440	-106.354250	-365.792154	128.369256	-114.349430	-287.809032	44.826447	0.000000	-420.000000	0	87.501830	6.996810	29.816344	147.806848	-110.351840	-326.800593	102.980401	110.351840	93.199407	114.349430	132.190968	81.207846	0	0	0	0	0
hl	4	65.500000	11	2	4	8.000000	35.000000	0.457190	2.505733	1723.185448	-420.000000	0.000000	47.000000	1769.973211	1335.418806	0.000000	0.000000	0	292.967235	151.426593	156.893311	-82.756734	-377.817582	115.867680	-91.152752	-295.008954	44.826447	0.000000	-420.000000	0	92.794743	5.292913	25.967378	136.380495	-86.954743	-336.413268	91.554049	86.954743	83.586732	91.152752	124.991046	69.182418	0	0	0	0	0
hl	4	65.500000	11	2	4	8.000000	35.000000	0.457190	2.505733	1770.190926	-420.000000	0.000000	48.000000	1816.787066	1335.418806	0.000000	0.000000	0	316.685147	128.934255	146.862665	-62.223174	-387.606320	104.292613	-72.111037	-302.836108	44.826447	0.000000	-420.000000	0	95.372785	2.578042	22.492338	125.577639	-67.167106	-345.221214	80.751192	67.167106	74.778786	72.111037	117.163892	59.393680	0	0	0	0	0
hl	4	65.500000	11	2	4	8.000000	35.000000	0.457190	2.505733	1817.112141	-420.000000	0.000000	49.000000	1864.026085	1335.418806	0.000000	0.000000	0	336.782299	109.263965	137.335765	-46.141558	-397.461575	93.544704	-56.482489	-311.094396	44.826447	0.000000	-420.000000	0	97.385222	2.012438	19.670290	115.440235	-51.312023	-354.277985	70.613788	51.312023	65.722015	56.482489	108.905604	49.538425	0	0	0	0	0
hl	4	65.500000	11	2	4	8.000000	35.000000	0.457190	2.505733	1864.247222	-420.000000	0.000000	50.000000	1910.955427	1335.418806	0.000000	0.000000	0	353.719707	91.908246	128.457153	-33.929566	-408.338943	83.618725	-43.851550	-318.739785	44.826447	0.000000	-420.000000	0	100.682369	3.297147	17.355719	106.037939	-38.890558	-363.539364	61.211493	38.890558	56.460636	43.851550	101.260215	38.661057	0	0	0	0	0
hl	4	65.500000	11	2	4	8.000000	35.000000	0.457190	2.505733	1911.184690	-420.000000	0.000000	51.000000	1957.909577	1335.418806	0.000000	0.000000	0	368.009010	76.746248	120.534108	-24.601349	-418.328887	74.984449	-33.619728	-326.999502	44.826447	0.000000	-420.000000	0	102.455644	1.773275	15.161998	97.759278	-29.110539	-372.664194	52.932832	29.110539	47.335806	33.619728	93.000498	28.671113	0	0	0	0	0
hl	4	65.500000	11	2	4	8.000000	35.000000	0.457190	2.505733	1958.128575	-420.000000	0.000000	52.000000	2005.162711	1335.418806	0.000000	0.000000	0	379.905921	63.050825	113.893956	-18.159127	-428.822025	67.574249	-26.056192	-336.904292	44.826447	0.000000	-420.000000	0	103.231528	0.775884	13.695423	90.734103	-22.107660	-382.863159	45.907656	22.107660	37.136841	26.056192	83.095708	18.177975	0	0	0	0	0
hl	4	65.500000	11	2	4	8.000000	35.000000	0.457190	2.505733	2005.381709	-420.000000	0.000000	53.000000	2052.121994	1335.418806	0.000000	0.000000	0	390.213537	51.554757	108.211777	-13.427009	-438.472466	61.914996	-18.964294	-345.793076	44.826447	0.000000	-420.000000	0	103.747400	0.515871	11.496068	85.063386	-16.195652	-392.132771	40.236940	16.195652	27.867229	18.964294	74.206924	8.527534	0	0	0	0	0
hl	4	65.500000	11	2	4	8.000000	35.000000	0.457190	2.505733	2052.339281	-420.000000	0.000000	54.000000	2099.310113	1335.418806	0.000000	0.000000	0	399.071439	41.068726	102.924379	-9.335279	-447.729988	56.154742	-15.048268	-355.773400	44.826447	0.000000	-420.000000	0	103.324978	0.422421	10.486030	79.539560	-12.191773	-401.751694	34.713114	12.191773	18.248306	15.048268	64.226600	0.729988	0	0	0	0	0
hl	4	65.500000	11	2	4	8.000000	35.000000	0.457190	2.505733	2099.528256	-420.000000	0.000000	55.000000	2146.489677	1335.418806	0.000000	0.000000	0	406.367071	32.133263	97.378615	-7.617616	-456.584398	50.182746	-11.697042	-363.322327	44.826447	0.000000	-420.000000	0	104.603564	1.278586	8.935463	73.780681	-9.657329	-409.953362	28.954234	9.657329	10.046638	11.697042	56.677673	9.584398	0	0	0	0	0
hl	4	65.500000	11	2	4	8.000000	35.000000	0.457190	2.505733	2146.709103	-420.000000	0.000000	56.000000	2193.393783	1335.418806	0.000000	0.000000	0	412.736641	25.180312	91.979110	-7.164905	-464.800372	45.158421	-9.271645	-371.846814	44.826447	0.000000	-420.000000	0	104.100813	0.502751	6.952951	68.568766	-8.218275	-418.323593	23.742319	8.218275	1.676407	9.271645	48.153186	17.800372	0	0	0	0	0
hl	4	65.500000	11	2	4	8.000000	35.000000	0.457190	2.505733	2193.612781	-420.000000	0.000000	57.000000	2240.568642	1335.418806	0.000000	0.000000	0	418.303738	20.602808	86.524365	-7.134215	-472.516255	39.276834	-8.482807	-379.620939	44.826447	0.000000	-420.000000	0	104.229014	0.128201	4.577503	62.900599	-7.808511	-426.068597	18.074153	7.808511	6.068597	8.482807	40.379061	25.516255	0	0	0	0	0
hl	4	65.500000	11	2	4	8.000000	35.000000	0.457190	2.505733	2240.804750	-420.000000	0.000000	58.000000	2287.419710	1335.418806	0.000000	0.000000	1	418.303738	20.602808	86.524365	-7.134215	-472.516255	39.276834	-8.482807	-379.620939	44.826447	0.000000	-420.000000	0	104.229014	0.000000	0.000000	62.900599	-7.808511	-426.068597	18.074153	7.808511	6.068597	8.482807	40.379061	25.516255	0	0	0	0	1
hl	4	65.500000	11	2	4	8.000000	35.000000	0.457190	2.505733	2287.657956	-420.000000	0.000000	59.000000	2334.584731	1335.418806	0.000000	0.000000	0	427.726704	21.156113	74.917292	-7.809294	-484.372973	31.599105	-6.136353	-391.841189	44.826447	0.000000	-420.000000	0	102.183145	2.045869	0.553304	53.258199	-6.972824	-438.107081	8.431752	6.972824	18.107081	6.136353	28.158811	37.372973	0	1	0	0	1
hl	4	65.500000	11	2	4	8.000000	35.000000	0.457190	2.505733	2334.808007	-420.000000	0.000000	60.000000	2381.659501	1335.418806	0.000000	0.000000	0	431.540641	23.199296	70.075596	-7.834745	-487.178032	29.489265	-4.067151	-396.558991	44.826447	0.000000	-420.000000	0	99.364257	2.818889	2.043184	49.782431	-5.950948	-441.868511	4.955984	5.950948	21.868511	4.067151	23.441009	40.178032	0	1	0	0	1
hl	4	65.500000	11	2	4	8.000000	35.000000	0.457190	2.505733	2381.879783	-420.000000	0.000000	61.000000	2428.628622	1335.418806	0.000000	0.000000	0	434.783876	25.369351	66.502567	-7.025516	-489.483959	27.970336	-2.503697	-400.118232	44.826447	0.000000	-420.000000	0	97.423882	1.940374	2.170054	47.236451	-4.764607	-444.801096	2.410005	4.764607	24.801096	2.503697	19.881768	42.483959	0	1	0	0	1
hl	4	65.500000	11	2	4	8.000000	35.000000	0.457190	2.505733	2428.855747	-420.000000	0.000000	62.000000	2475.594749	1335.418806	0.000000	0.000000	0	438.146538	27.637770	62.894713	-5.496481	-490.558246	28.376916	-0.183292	-404.400877	44.826447	0.000000	-420.000000	0	92.966664	4.457219	2.268419	45.635815	-2.839886	-447.479561	0.809368	2.839886	27.479561	0.183292	15.599123	43.558246	0	1	0	0	1
hl	4	65.500000	11	2	4	8.000000	35.000000	0.457190	2.505733	2475.811181	-420.000000	0.000000	63.000000	2522.709298	1335.418806	2511.323959	0.000000	0	439.861193	30.452088	59.399137	-6.506201	-491.725485	29.255953	0.681110	-408.891272	44.826447	0.000000	-420.000000	0	88.440804	4.525860	2.814318	44.327545	-2.912546	-450.308379	0.498902	2.912546	30.308379	0.681110	11.108728	44.725485	0	1	0	1	1
hl	4	65.500000	11	2	4	8.000000	35.000000	0.457190	2.505733	2522.927013	-420.000000	0.000000	64.000000	2569.736163	1335.418806	2511.323959	0.000000	0	441.642883	33.013150	57.198644	-6.503455	-492.191519	31.127919	2.034579	-413.670019	44.826447	0.000000	-420.000000	0	83.175758	5.265046	2.561062	44.163281	-2.234438	-452.930769	0.663165	2.234438	32.930769	2.034579	6.329981	45.191519	0	1	0	1	1
hl	4	65.500000	11	2	4	8.000000	35.000000	0.457190	2.505733	2569.954733	-420.000000	0.000000	65.000000	2616.560711	1335.418806	2511.323959	0.000000	0	442.758144	34.967162	53.661559	-7.248043	-492.237494	32.175592	2.194248	-417.409538	44.826447	0.000000	-420.000000	0	78.422105	4.753653	1.954013	42.918576	-2.526897	-454.823516	1.907871	2.526897	34.823516	2.194248	2.590462	45.237494	0	1	0	1	1
hl	4	65.500000	11	2	4	8.000000	35.000000	0.457190	2.505733	2616.778853	-420.000000	0.000000	66.000000	2663.349757	1335.418806	2511.323959	0.000000	0	443.520667	36.010325	51.555452	-6.925052	-491.380720	33.862587	2.377533	-420.371353	44.826447	0.000000	-420.000000	0	73.769274	4.652831	1.043163	42.709020	-2.273760	-455.876037	2.117427	2.273760	35.876037	2.377533	0.371353	44.380720	0	1	0	1	1
hl	4	65.500000	11	2	4	8.000000	35.000000	0.457190	2.505733	2663.568327	-420.000000	0.000000	67.000000	2710.605885	1335.418806	2511.323959	0.000000	0	443.934229	34.776338	49.098073	-6.256887	-489.118192	33.374601	2.777865	-419.975337	44.826447	0.000000	-420.000000	0	71.481387	2.287887	1.233986	41.236337	-1.739511	-454.546764	3.590109	1.739511	34.546764	2.777865	0.024663	42.118192	0	1	0	1	1
hl	4	65.500000	11	2	4	8.000000	35.000000	0.457190	2.505733	2710.825739	-420.000000	0.000000	68.000000	2757.595965	1335.418806	2511.323959	0.000000	0	442.581831	32.841873	44.915949	-8.384508	-483.873914	34.573891	2.516494	-420.752963	44.826447	0.000000	-420.000000	0	64.884856	6.596532	1.934466	39.744920	-2.934007	-452.313438	5.081526	2.934007	32.313438	2.516494	0.752963	36.873914	0	1	0	1	1
hl	4	65.500000	11	2	4	8.000000	35.000000	0.457190	2.505733	2768.191285	-420.000000	0.000000	69.000000	2816.826417	1335.418806	2511.323959	0.000000	0	440.853763	28.995234	40.858698	-9.291273	-475.385753	36.151584	2.510100	-420.802097	44.826447	0.000000	-420.000000	0	56.042884	8.841972	3.846638	38.505141	-3.390587	-448.093925	6.321306	3.390587	28.093925	2.510100	0.802097	28.385753	0	1	0	1	1
hl	4	65.500000	11	2	4	8.000000	35.000000	0.457190	2.505733	2817.097171	-420.000000	0.000000	70.000000	2863.524356	1335.418806	2511.323959	0.000000	0	439.343665	26.961583	39.152437	-10.685611	-470.639844	36.725171	2.145692	-420.789905	44.826447	0.000000	-420.000000	0	51.532032	4.510852	2.033651	37.938804	-4.269960	-445.714875	6.887643	4.269960	25.714875	2.145692	0.789905	23.639844	0	1	0	1	1
hl	4	65.500000	11	2	4	8.000000	35.000000	0.457190	2.505733	2863.743782	-420.000000	0.000000	71.000000	2910.775780	1335.418806	2511.323959	0.000000	0	438.435259	25.028690	37.917458	-10.528836	-466.363710	37.285653	1.709893	-420.744372	44.826447	0.000000	-420.000000	0	47.236741	4.295291	1.932893	37.601556	-4.409472	-443.554041	7.224891	4.409472	23.554041	1.709893	0.744372	19.363710	0	1	0	1	1
hl	4	65.500000	11	2	4	8.000000	35.000000	0.457190	2.505733	2910.995206	-420.000000	0.000000	72.000000	2957.768426	1335.418806	2511.323959	0.000000	0	436.739009	22.422157	36.545278	-11.460660	-460.090260	37.986035	1.335412	-420.895466	44.826447	0.000000	-420.000000	0	41.255873	5.980868	2.606533	37.265656	-5.062624	-440.492863	7.560790	5.062624	20.492863	1.335412	0.895466	13.090260	0	1	0	1	1
hl	4	65.500000	11	2	4	8.000000	35.000000	0.457190	2.505733	2957.998117	-420.000000	0.000000	73.000000	3004.587841	1335.418806	2511.323959	0.000000	0	435.881795	21.241857	37.298778	-11.205297	-457.633745	38.837517	0.868290	-421.293287	44.826447	0.000000	-420.000000	0	38.324511	2.931362	1.180300	38.068148	-5.168503	-439.463516	6.758299	5.168503	19.463516	0.868290	1.293287	10.633745	0	1	0	1	1
hl	4	65.500000	11	2	4	8.000000	35.000000	0.457190	2.505733	3004.806839	-420.000000	0.000000	74.000000	3051.698113	1335.418806	2511.323959	0.000000	0	435.474120	21.014626	37.696305	-11.287524	-456.982134	39.218399	0.523115	-421.596669	44.826447	0.000000	-420.000000	0	37.335494	0.989017	0.227231	38.457352	-5.382205	-439.289402	6.369095	5.382205	19.289402	0.523115	1.596669	9.982134	0	1	0	1	1
hl	4	65.500000	11	2	4	8.000000	35.000000	0.457190	2.505733	3051.927376	-420.000000	0.000000	75.000000	3098.828060	1335.418806	2511.323959	0.000000	0	435.134554	20.987937	38.083758	-11.767289	-456.741683	39.221888	0.413423	-421.737002	44.826447	0.000000	-420.000000	0	37.080895	0.254599	0.026689	38.652823	-5.676933	-439.239343	6.173624	5.676933	19.239343	0.413423	1.737002	9.741683	0	1	0	1	1
hl	4	65.500000	11	2	4	8.000000	35.000000	0.457190	2.505733	3099.047914	-420.000000	0.000000	76.000000	3146.035855	1335.418806	2511.323959	0.000000	0	435.148181	20.807680	38.254923	-11.828224	-456.562551	38.955731	0.654978	-421.545027	44.826447	0.000000	-420.000000	0	37.182636	0.101742	0.180257	38.605327	-5.586623	-439.053789	6.221119	5.586623	19.053789	0.654978	1.545027	9.562551	0	1	0	1	1
hl	4	65.500000	11	2	4	8.000000	35.000000	0.457190	2.505733	3146.295488	-420.000000	0.000000	77.000000	3192.686316	1335.418806	2511.323959	0.000000	0	435.336500	20.875285	38.138717	-11.738788	-456.558838	38.972094	0.874553	-421.752709	44.826447	0.000000	-420.000000	0	37.030494	0.152142	0.067605	38.555406	-5.432118	-439.155774	6.271041	5.432118	19.155774	0.874553	1.752709	9.558838	0	1	0	1	1
hl	4	65.500000	11	2	4	8.000000	35.000000	0.457190	2.505733	3192.903604	-420.000000	0.000000	78.000000	3240.145189	1335.418806	2511.323959	0.000000	0	435.241976	20.918131	38.129589	-11.752008	-456.540221	39.024310	0.653698	-421.811773	44.826447	0.000000	-420.000000	0	36.888578	0.141917	0.042846	38.576949	-5.549155	-439.175997	6.249497	5.549155	19.175997	0.653698	1.811773	9.540221	0	1	0	1	1
hl	4	65.500000	11	2	4	8.000000	35.000000	0.457190	2.505733	3240.363332	-420.000000	0.000000	79.000000	3287.113027	1335.418806	2511.323959	0.000000	0	435.238532	20.894015	38.076739	-11.659898	-456.409064	39.067342	0.575307	-421.891078	44.826447	0.000000	-420.000000	0	36.635678	0.252900	0.024116	38.572040	-5.542295	-439.150071	6.254406	5.542295	19.150071	0.575307	1.891078	9.409064	0	1	0	1	1
hl	4	65.500000	11	2	4	8.000000	35.000000	0.457190	2.505733	3287.335874	-420.000000	0.000000	80.000000	3333.993607	1335.418806	2511.323959	0.000000	0	435.346021	20.900922	37.968093	-11.566374	-456.392485	38.991067	0.651835	-421.910728	44.826447	0.000000	-420.000000	0	36.596757	0.038921	0.006908	38.479580	-5.457270	-439.151607	6.346866	5.457270	19.151607	0.651835	1.910728	9.392485	0	1	0	1	1
hl	4	65.500000	11	2	4	8.000000	35.000000	0.457190	2.505733	3334.213889	-420.000000	0.000000	81.000000	3381.098746	1335.418806	2511.323959	0.000000	0	435.346525	20.889680	37.954921	-11.549381	-456.373853	39.017866	0.651237	-421.914008	44.826447	0.000000	-420.000000	0	36.571380	0.025377	0.011242	38.486393	-5.449072	-439.143931	6.340053	5.449072	19.143931	0.651237	1.914008	9.373853	0	1	0	1	1
hl	4	65.500000	11	2	4	8.000000	35.000000	0.457190	2.505733	3381.316889	-420.000000	0.000000	82.000000	3428.256924	1335.418806	2511.323959	0.000000	0	435.202775	21.018178	37.859149	-11.713860	-456.442075	39.204752	0.404294	-422.037351	44.826447	0.000000	-420.000000	0	36.501307	0.070073	0.128498	38.531951	-5.654783	-439.239713	6.294496	5.654783	19.239713	0.404294	2.037351	9.442075	0	1	0	1	1
hl	4	65.500000	11	2	4	8.000000	35.000000	0.457190	2.505733	3428.474211	-420.000000	0.000000	83.000000	3475.347093	1335.418806	2511.323959	0.000000	0	435.177876	20.916562	37.935828	-11.793018	-456.353311	39.031035	0.502537	-421.877566	44.826447	0.000000	-420.000000	0	36.619082	0.117775	0.101616	38.483431	-5.645240	-439.115439	6.343015	5.645240	19.115439	0.502537	1.877566	9.353311	0	1	0	1	1
hl	4	65.500000	11	2	4	8.000000	35.000000	0.457190	2.505733	3475.578923	-420.000000	0.000000	84.000000	3522.044605	1335.418806	2511.323959	0.000000	0	435.381458	20.974726	37.677535	-11.703974	-456.403592	38.948326	0.693559	-421.921644	44.826447	0.000000	-420.000000	0	36.664949	0.045867	0.058163	38.312930	-5.505207	-439.162618	6.513516	5.505207	19.162618	0.693559	1.921644	9.403592	0	1	0	1	1
hl	4	65.500000	11	2	4	8.000000	35.000000	0.457190	2.505733	3522.269591	-420.000000	0.000000	85.000000	3569.458566	1335.418806	2511.323959	0.000000	0	435.373609	20.962904	37.655083	-11.732484	-456.408582	38.870782	0.687695	-421.846708	44.826447	0.000000	-420.000000	0	36.745911	0.080962	0.011821	38.262932	-5.522394	-439.127645	6.563514	5.522394	19.127645	0.687695	1.846708	9.408582	0	1	0	1	1
hl	4	65.500000	11	2	4	8.000000	35.000000	0.457190	2.505733	3569.677564	-420.000000	0.000000	86.000000	3616.798957	1335.418806	2511.323959	0.000000	0	435.241685	21.004884	37.710479	-11.796313	-456.414638	39.100098	0.508685	-421.958335	44.826447	0.000000	-420.000000	0	36.613944	0.131967	0.041980	38.405289	-5.643814	-439.186487	6.421158	5.643814	19.186487	0.508685	1.958335	9.414638	0	1	0	1	1
hl	4	65.500000	11	2	4	8.000000	35.000000	0.457190	2.505733	3617.016672	-420.000000	0.000000	87.000000	3663.646174	1335.418806	2511.323959	0.000000	0	435.120390	20.996998	37.823992	-11.890366	-456.386759	39.041064	0.365953	-421.916699	44.826447	0.000000	-420.000000	0	36.604421	0.009522	0.007886	38.432528	-5.762207	-439.151729	6.393918	5.762207	19.151729	0.365953	1.916699	9.386759	0	1	0	1	1
hl	4	65.500000	11	2	4	8.000000	35.000000	0.457190	2.505733	3663.864317	-420.000000	0.000000	88.000000	3710.796653	1335.418806	2511.323959	0.000000	0	435.248316	21.057763	37.577219	-11.837205	-456.412250	39.027208	0.450364	-421.977787	44.826447	0.000000	-420.000000	0	36.589877	0.014544	0.060765	38.302214	-5.693420	-439.195019	6.524233	5.693420	19.195019	0.450364	1.977787	9.412250	0	1	0	1	1
hl	4	65.500000	11	2	4	8.000000	35.000000	0.457190	2.505733	3711.013512	-420.000000	0.000000	89.000000	3757.798709	1335.418806	2511.323959	0.000000	0	435.291281	21.083517	37.490260	-11.767015	-456.372617	39.042860	0.425964	-422.063185	44.826447	0.000000	-420.000000	0	36.444703	0.145174	0.025754	38.266560	-5.670526	-439.217901	6.559886	5.670526	19.217901	0.425964	2.063185	9.372617	0	1	0	1	1
hl	4	65.500000	11	2	4	8.000000	35.000000	0.457190	2.505733	3758.028400	-420.000000	0.000000	90.000000	3804.796060	1335.418806	2511.323959	0.000000	0	435.143969	21.021392	37.659392	-11.976926	-456.328096	38.912135	0.392804	-421.911695	44.826447	0.000000	-420.000000	0	36.593282	0.148579	0.062125	38.285763	-5.792061	-439.119896	6.540683	5.792061	19.119896	0.392804	1.911695	9.328096	0	1	0	1	1
hl	4	65.500000	11	2	4	8.000000	35.000000	0.457190	2.505733	3805.065103	-420.000000	0.000000	91.000000	3852.016259	1335.418806	2511.323959	0.000000	0	435.129181	21.119984	37.507777	-12.005037	-456.358952	39.055052	0.288038	-422.054288	44.826447	0.000000	-420.000000	0	36.473603	0.119679	0.098592	38.281414	-5.858499	-439.206620	6.545032	5.858499	19.206620	0.288038	2.054288	9.358952	0	1	0	1	1
hl	4	65.500000	11	2	4	8.000000	35.000000	0.457190	2.505733	3852.236968	-420.000000	0.000000	92.000000	3887.457179	1335.418806	2511.323959	3887.453329	0	435.136639	21.168819	  37.609382  -12.102571 -456.371208	  39.109230    0.398268 -422.205849	44.826447	0.000000	-420.000000	0	36.411430	0.062173	0.048836	1
