subjName	sessionNR	IOD	trialN	textureType	texnum	visualAngle	simulatedDepth	light_intensity	ambient_intensity	time	displayDistance	isRotated	frameN	timTote	startTime	touchTime	endTime	fingersOccluded	distanceToHome	distanceToObject	indexXraw	indexYraw	indexZraw	thumbXraw	thumbYraw	thumbZraw	targetX	targetY	targetZ	failCause	gripAperture	gripApertureVel	distFromObjVel	gripOriginX	gripOriginY	gripOriginZ	distFromObjX	distFromObjY	distFromObjZ	y_dist_thm	z_dist_thm	z_dist_ind	handOnObj	handnearObj	handfarObj	handTouchObj	framesOccluded
hl	4	65.500000	63	1	26	8.000000	45.000000	0.717835	1.704328	887.164611	-420.000000	0.000000	30.000000	933.928849	0.000000	0.000000	0.000000	0	4.229031	428.380695	214.836387	-353.614461	-253.198940	220.566415	-353.814607	-249.101204	44.826447	0.000000	-420.000000	0	7.047319	0.045887	0.089376	217.701401	-353.714534	-251.150072	172.874955	353.714534	168.849928	353.814607	170.898796	203.801060	0	0	1	0	0
hl	4	65.500000	63	1	26	8.000000	45.000000	0.717835	1.704328	934.416890	-420.000000	0.000000	31.000000	980.957424	0.000000	0.000000	0.000000	0	4.316794	428.299641	214.728286	-353.605063	-253.216607	220.388494	-353.755701	-249.058976	44.826447	0.000000	-420.000000	0	7.024710	0.022609	0.081054	217.558390	-353.680382	-251.137791	172.731943	353.680382	168.862209	353.755701	170.941024	203.783393	0	0	1	0	0
hl	4	65.500000	63	1	26	8.000000	45.000000	0.717835	1.704328	981.184977	-420.000000	0.000000	32.000000	1028.146399	0.000000	0.000000	0.000000	0	4.314531	428.254855	214.607659	-353.544358	-253.263790	220.457272	-353.765498	-249.079321	44.826447	0.000000	-420.000000	0	7.195600	0.170890	0.044786	217.532465	-353.654928	-251.171555	172.706019	353.654928	168.828445	353.765498	170.920679	203.736210	0	0	1	0	0
hl	4	65.500000	63	1	26	8.000000	45.000000	0.717835	1.704328	1028.363686	-420.000000	0.000000	33.000000	1075.168986	0.000000	0.000000	0.000000	0	4.264177	428.342389	214.829014	-353.661344	-253.240522	220.432901	-353.744526	-249.061170	44.826447	0.000000	-420.000000	0	6.991241	0.204359	0.087534	217.630958	-353.702935	-251.150846	172.804511	353.702935	168.849154	353.744526	170.938830	203.759478	0	0	1	0	0
hl	4	65.500000	63	1	26	8.000000	45.000000	0.717835	1.704328	1075.386273	-420.000000	0.000000	34.000000	1122.322459	0.000000	0.000000	0.000000	0	4.329820	428.392558	214.915542	-353.571369	-253.110263	220.481313	-353.787525	-248.976669	44.826447	0.000000	-420.000000	0	6.936219	0.055022	0.050169	217.698428	-353.679447	-251.043466	172.871981	353.679447	168.956534	353.787525	171.023331	203.889737	0	0	1	0	0
hl	4	65.500000	63	1	26	8.000000	45.000000	0.717835	1.704328	1122.553433	-420.000000	0.000000	35.000000	1169.642319	0.000000	0.000000	0.000000	0	4.432115	428.404060	214.747292	-353.514067	-253.045177	220.520264	-353.844645	-248.850829	44.826447	0.000000	-420.000000	0	7.143461	0.207243	0.011502	217.633778	-353.679356	-250.948003	172.807331	353.679356	169.051997	353.844645	171.149171	203.954823	0	0	1	0	0
hl	4	65.500000	63	1	26	8.000000	45.000000	0.717835	1.704328	1169.859178	-420.000000	0.000000	36.000000	1217.001102	0.000000	0.000000	0.000000	0	4.880169	427.837437	214.751477	-353.393060	-253.378778	220.245681	-352.644233	-248.348891	44.826447	0.000000	-420.000000	0	7.486439	0.342978	0.566623	217.498579	-353.018646	-250.863835	172.672132	353.018646	169.136165	352.644233	171.651109	203.621222	0	0	1	0	0
hl	4	65.500000	63	1	26	8.000000	45.000000	0.717835	1.704328	1217.217106	-420.000000	0.000000	37.000000	1264.425329	1253.090034	0.000000	0.000000	0	8.039673	423.418286	214.313902	-350.498689	-256.360437	218.248027	-347.000374	-247.424408	44.826447	0.000000	-420.000000	0	10.371507	2.885068	4.419151	216.280965	-348.749531	-251.892423	171.454518	348.749531	168.107577	347.000374	172.575592	200.639563	0	0	1	0	0
hl	4	65.500000	63	1	26	8.000000	45.000000	0.717835	1.704328	1264.763664	-420.000000	0.000000	38.000000	1311.557843	1253.090034	0.000000	0.000000	0	17.296341	413.315741	213.402649	-341.601801	-264.990839	211.784569	-338.024801	-245.094010	44.826447	0.000000	-420.000000	0	20.280456	9.908949	10.102545	212.593609	-339.813301	-255.042425	167.767163	339.813301	164.957575	338.024801	174.905990	192.009161	0	0	1	0	0
hl	4	65.500000	63	1	26	8.000000	45.000000	0.717835	1.704328	1311.920558	-420.000000	0.000000	39.000000	1358.632613	1253.090034	0.000000	0.000000	0	33.177301	398.044630	211.847576	-325.652129	-272.026341	203.629954	-323.918948	-242.929305	44.826447	0.000000	-420.000000	0	30.284827	10.004371	15.271111	207.738765	-324.785538	-257.477823	162.912318	324.785538	162.522177	323.918948	177.070695	184.973659	0	0	1	0	0
hl	4	65.500000	63	1	26	8.000000	45.000000	0.717835	1.704328	1358.855461	-420.000000	0.000000	40.000000	1405.937075	1253.090034	0.000000	0.000000	0	53.067373	379.266510	208.290270	-305.719582	-277.757443	196.600394	-305.767988	-242.742254	44.826447	0.000000	-420.000000	0	36.915024	6.630197	18.778119	202.445332	-305.743785	-260.249849	157.618885	305.743785	159.750151	305.767988	177.257746	179.242557	0	0	1	0	0
hl	4	65.500000	63	1	26	8.000000	45.000000	0.717835	1.704328	1406.196280	-420.000000	0.000000	41.000000	1452.805679	1253.090034	0.000000	0.000000	0	73.340543	359.180567	201.356534	-287.818446	-284.183591	188.044799	-287.234930	-246.774005	44.826447	0.000000	-420.000000	0	39.711710	2.796687	20.085943	194.700666	-287.526688	-265.478798	149.874220	287.526688	154.521202	287.234930	173.225995	172.816409	0	0	1	0	0
hl	4	65.500000	63	1	26	8.000000	45.000000	0.717835	1.704328	1453.025533	-420.000000	0.000000	42.000000	1499.650758	1253.090034	0.000000	0.000000	0	100.068563	334.057043	195.131024	-262.981502	-289.738624	181.328068	-260.869918	-250.764588	44.826447	0.000000	-420.000000	0	41.399950	1.688240	25.123525	188.229546	-261.925710	-270.251606	143.403099	261.925710	149.748394	260.869918	169.235412	167.261376	0	0	1	0	0
hl	4	65.500000	63	1	26	8.000000	45.000000	0.717835	1.704328	1499.870184	-420.000000	0.000000	43.000000	1547.268746	1253.090034	0.000000	0.000000	0	130.018764	306.011532	188.181176	-233.879248	-297.709607	171.807396	-233.422399	-253.984960	44.826447	0.000000	-420.000000	0	46.692121	5.292171	28.045510	179.994286	-233.650824	-275.847283	135.167840	233.650824	144.152717	233.422399	166.015040	159.290393	0	0	1	0	0
hl	4	65.500000	63	1	26	8.000000	45.000000	0.717835	1.704328	1547.486889	-420.000000	0.000000	44.000000	1594.048810	1253.090034	0.000000	0.000000	0	160.851336	277.282681	178.688996	-204.001546	-305.396333	160.223473	-206.297989	-256.994775	44.826447	0.000000	-420.000000	0	51.855183	5.163063	28.728851	169.456234	-205.149768	-281.195554	124.629788	205.149768	138.804446	206.297989	163.005225	151.603667	0	0	1	0	0
hl	4	65.500000	63	1	26	8.000000	45.000000	0.717835	1.704328	1594.268236	-420.000000	0.000000	45.000000	1640.750599	1253.090034	0.000000	0.000000	0	191.780433	248.230404	168.460333	-175.068906	-314.608180	148.052843	-179.054213	-261.565054	44.826447	0.000000	-420.000000	0	56.972990	5.117807	29.052277	158.256588	-177.061559	-288.086617	113.430142	177.061559	131.913383	179.054213	158.434946	142.391820	0	0	0	0	0
hl	4	65.500000	63	1	26	8.000000	45.000000	0.717835	1.704328	1640.979435	-420.000000	0.000000	46.000000	1687.256488	1253.090034	0.000000	0.000000	0	221.815202	219.339408	158.497121	-146.840065	-326.808899	136.128803	-153.968099	-268.365431	44.826447	0.000000	-420.000000	0	62.982453	6.009464	28.890996	147.312962	-150.404082	-297.587165	102.486516	150.404082	122.412835	153.968099	151.634569	130.191101	0	0	0	0	0
hl	4	65.500000	63	1	26	8.000000	45.000000	0.717835	1.704328	1687.488745	-420.000000	0.000000	47.000000	1734.470698	1253.090034	0.000000	0.000000	0	249.620494	192.315325	150.141646	-121.801045	-339.500305	125.273418	-130.322294	-277.190549	44.826447	0.000000	-420.000000	0	67.627998	4.645545	27.024083	137.707532	-126.061669	-308.345427	92.881086	126.061669	111.654573	130.322294	142.809451	117.499695	0	0	0	0	0
hl	4	65.500000	63	1	26	8.000000	45.000000	0.717835	1.704328	1734.688841	-420.000000	0.000000	48.000000	1781.764039	1253.090034	0.000000	0.000000	0	274.159758	167.442697	143.186502	-100.357693	-353.648204	114.372114	-110.849959	-287.990452	44.826447	0.000000	-420.000000	0	72.465833	4.837835	24.872628	128.779308	-105.603826	-320.819328	83.952861	105.603826	99.180672	110.849959	132.009548	103.351796	0	0	0	0	0
hl	4	65.500000	63	1	26	8.000000	45.000000	0.717835	1.704328	1782.034792	-420.000000	0.000000	49.000000	1828.719900	1253.090034	0.000000	0.000000	0	295.811212	144.549907	137.428017	-82.640645	-369.927645	104.531887	-94.518182	-299.790156	44.826447	0.000000	-420.000000	0	78.374094	5.908262	22.892789	120.979952	-88.579414	-334.858901	76.153505	88.579414	85.141099	94.518182	120.209844	87.072355	0	0	0	0	0
hl	4	65.500000	63	1	26	8.000000	45.000000	0.717835	1.704328	1828.943176	-420.000000	0.000000	50.000000	1875.683460	1253.090034	0.000000	0.000000	0	314.536847	124.330009	132.454302	-69.082592	-385.433084	95.868862	-80.330199	-312.165446	44.826447	0.000000	-420.000000	0	82.662868	4.288774	20.219898	114.161582	-74.706396	-348.799265	69.335135	74.706396	71.200735	80.330199	107.834554	71.566916	0	0	0	0	0
hl	4	65.500000	63	1	26	8.000000	45.000000	0.717835	1.704328	1875.901175	-420.000000	0.000000	51.000000	1922.754809	1253.090034	0.000000	0.000000	0	331.194140	106.255704	126.493875	-58.239961	-399.555204	86.950845	-67.849910	-322.385376	44.826447	0.000000	-420.000000	0	87.242104	4.579236	18.074305	106.722360	-63.044936	-360.970290	61.895914	63.044936	59.029710	67.849910	97.614624	57.444796	0	0	0	0	0
hl	4	65.500000	63	1	26	8.000000	45.000000	0.717835	1.704328	1922.972952	-420.000000	0.000000	52.000000	1970.167914	1253.090034	0.000000	0.000000	0	346.793662	90.154021	120.832573	-47.373620	-410.359327	79.166098	-55.847623	-331.252795	44.826447	0.000000	-420.000000	0	89.809506	2.567401	16.101683	99.999336	-51.610622	-370.806061	55.172889	51.610622	49.193939	55.847623	88.747205	46.640673	0	0	0	0	0
hl	4	65.500000	63	1	26	8.000000	45.000000	0.717835	1.704328	1970.386057	-420.000000	0.000000	53.000000	2016.663965	1253.090034	0.000000	0.000000	0	361.560705	75.460258	114.384176	-36.828766	-419.488682	73.183833	-44.120983	-339.044943	44.826447	0.000000	-420.000000	0	90.674362	0.864856	14.693763	93.784005	-40.474875	-379.266812	48.957558	40.474875	40.733188	44.120983	80.955057	37.511318	0	0	0	0	0
hl	4	65.500000	63	1	26	8.000000	45.000000	0.717835	1.704328	2016.882108	-420.000000	0.000000	54.000000	2064.044563	1253.090034	0.000000	0.000000	0	375.414526	62.423837	107.207443	-26.979080	-426.618177	68.590726	-32.070525	-344.978041	44.826447	0.000000	-420.000000	0	90.455986	0.218376	13.036421	87.899084	-29.524802	-385.798109	43.072638	29.524802	34.201891	32.070525	75.021959	30.381823	0	0	0	0	0
hl	4	65.500000	63	1	26	8.000000	45.000000	0.717835	1.704328	2064.261850	-420.000000	0.000000	55.000000	2110.901618	1253.090034	0.000000	0.000000	0	388.287497	50.783815	101.625945	-17.477197	-433.264296	63.580513	-21.351067	-351.057986	44.826447	0.000000	-420.000000	0	90.666086	0.210100	11.640022	82.603229	-19.414132	-392.161141	37.776783	19.414132	27.838859	21.351067	68.942014	23.735704	0	0	0	0	0
hl	4	65.500000	63	1	26	8.000000	45.000000	0.717835	1.704328	2111.118905	-420.000000	0.000000	56.000000	2158.261685	1253.090034	0.000000	0.000000	0	399.882132	40.684317	96.563810	-8.723953	-439.437049	58.523387	-12.460416	-357.083887	44.826447	0.000000	-420.000000	0	90.791399	0.125313	10.099498	77.543599	-10.592184	-398.260468	32.717152	10.592184	21.739532	12.460416	62.916113	17.562951	0	0	0	0	0
hl	4	65.500000	63	1	26	8.000000	45.000000	0.717835	1.704328	2158.478117	-420.000000	0.000000	57.000000	2205.033622	1253.090034	0.000000	0.000000	0	410.105278	32.224996	92.076290	-1.037413	-445.544465	53.999336	-5.631747	-364.028592	44.826447	0.000000	-420.000000	0	90.087734	0.703665	8.459321	73.037813	-3.334580	-404.786528	28.211367	3.334580	15.213472	5.631747	55.971408	11.455535	0	0	0	0	0
hl	4	65.500000	63	1	26	8.000000	45.000000	0.717835	1.704328	2205.250481	-420.000000	0.000000	58.000000	2252.152876	1253.090034	0.000000	0.000000	0	418.373697	25.102415	87.854053	3.314254	-452.073480	48.711398	-0.211558	-370.316576	44.826447	0.000000	-420.000000	0	90.712569	0.624835	7.122580	68.282726	1.551348	-411.195028	23.456279	1.551348	8.804972	0.211558	49.683424	4.926520	0	0	0	0	0
hl	4	65.500000	63	1	26	8.000000	45.000000	0.717835	1.704328	2252.373585	-420.000000	0.000000	59.000000	2299.306349	1253.090034	0.000000	0.000000	0	425.829038	19.743786	83.212559	7.342889	-458.431155	44.263085	3.299636	-377.638893	44.826447	0.000000	-420.000000	0	89.781953	0.930616	5.358629	63.737822	5.321263	-418.035024	18.911376	5.321263	1.964976	3.299636	42.361107	1.431155	0	0	0	0	0
hl	4	65.500000	63	1	26	8.000000	45.000000	0.717835	1.704328	2303.859971	-420.000000	0.000000	60.000000	2346.499601	1253.090034	0.000000	0.000000	0	431.535020	16.962799	78.850856	9.215726	-463.250571	40.182457	6.070750	-384.102029	44.826447	0.000000	-420.000000	0	88.145492	1.636461	2.780987	59.516657	7.643238	-423.676300	14.690210	7.643238	3.676300	6.070750	35.897971	6.250571	0	0	0	0	0
hl	4	65.500000	63	1	26	8.000000	45.000000	0.717835	1.704328	2346.716033	-420.000000	0.000000	61.000000	2393.359222	1253.090034	0.000000	0.000000	0	436.460865	17.132755	74.699642	10.838644	-467.564577	37.377648	8.362112	-389.830896	44.826447	0.000000	-420.000000	0	86.264648	1.880843	0.169956	56.038645	9.600378	-428.697737	11.212198	9.600378	8.697737	8.362112	30.169104	10.564577	0	0	0	0	0
hl	4	65.500000	63	1	26	8.000000	45.000000	0.717835	1.704328	2393.576510	-420.000000	0.000000	62.000000	2440.515262	1253.090034	0.000000	0.000000	0	440.127685	18.105218	70.140567	11.931554	-469.856978	35.055425	9.380881	-394.950034	44.826447	0.000000	-420.000000	0	82.755806	3.508842	0.972463	52.597996	10.656217	-432.403506	7.771549	10.656217	12.403506	9.380881	25.049966	12.856978	0	1	0	0	0
hl	4	65.500000	63	1	26	8.000000	45.000000	0.717835	1.704328	2440.742387	-420.000000	0.000000	63.000000	2487.597303	1253.090034	0.000000	0.000000	0	441.892615	19.554976	65.840575	11.138716	-471.662687	33.674025	7.939462	-401.023061	44.826447	0.000000	-420.000000	0	77.684484	5.071323	1.449758	49.757300	9.539089	-436.342874	4.930854	9.539089	16.342874	7.939462	18.976939	14.662687	0	1	0	0	0
hl	4	65.500000	63	1	26	8.000000	45.000000	0.717835	1.704328	2487.813307	-420.000000	0.000000	64.000000	2534.077100	1253.090034	2523.152855	0.000000	0	443.163283	21.416140	62.860975	9.789007	-473.142849	33.361163	7.945525	-405.288072	44.826447	0.000000	-420.000000	0	74.012891	3.671593	1.861165	48.111069	8.867266	-439.215460	3.284622	8.867266	19.215460	7.945525	14.711928	16.142849	0	1	0	1	0
hl	4	65.500000	63	1	26	8.000000	45.000000	0.717835	1.704328	2534.296954	-420.000000	0.000000	65.000000	2581.189083	1253.090034	2523.152855	0.000000	0	443.249555	22.798852	58.619163	7.058110	-474.087507	32.438460	5.706181	-409.664638	44.826447	0.000000	-420.000000	0	69.552591	4.460300	1.382711	45.528812	6.382145	-441.876072	0.702365	6.382145	21.876072	5.706181	10.335362	17.087507	0	1	0	1	0
hl	4	65.500000	63	1	26	8.000000	45.000000	0.717835	1.704328	2581.408509	-420.000000	0.000000	66.000000	2628.070091	1253.090034	2523.152855	0.000000	0	442.837335	24.492483	56.370595	4.243550	-474.896165	32.927980	4.320633	-413.333038	44.826447	0.000000	-420.000000	0	65.875495	3.677096	1.693631	44.649287	4.282092	-444.114602	0.177159	4.282092	24.114602	4.320633	6.666962	17.896165	0	1	0	1	0
hl	4	65.500000	63	1	26	8.000000	45.000000	0.717835	1.704328	2628.288234	-420.000000	0.000000	67.000000	2675.114921	1253.090034	2523.152855	0.000000	0	442.468140	26.450360	53.870317	1.655149	-475.995018	33.115384	2.506930	-416.674226	44.826447	0.000000	-420.000000	0	62.852599	3.022896	1.957877	43.492850	2.081039	-446.334622	1.333596	2.081039	26.334622	2.506930	3.325774	18.995018	0	1	0	1	0
hl	4	65.500000	63	1	26	8.000000	45.000000	0.717835	1.704328	2675.333491	-420.000000	0.000000	68.000000	2722.314161	1253.090034	2523.152855	0.000000	0	441.344671	28.273634	52.056653	-1.682083	-476.667029	33.457859	0.322330	-419.712208	44.826447	0.000000	-420.000000	0	59.948181	2.904418	1.823275	42.757256	-0.679876	-448.189619	2.069191	0.679876	28.189619	0.322330	0.287792	19.667029	0	1	0	1	0
hl	4	65.500000	63	1	26	8.000000	45.000000	0.717835	1.704328	2722.531020	-420.000000	0.000000	69.000000	2769.392353	1253.090034	2523.152855	0.000000	0	440.899499	29.408674	50.379027	-3.572146	-476.539942	34.132033	-0.531892	-421.908317	44.826447	0.000000	-420.000000	0	57.077337	2.870844	1.135040	42.255530	-2.052019	-449.224129	2.570917	2.052019	29.224129	0.531892	1.908317	19.539942	0	1	0	1	0
hl	4	65.500000	63	1	26	8.000000	45.000000	0.717835	1.704328	2769.688770	-420.000000	0.000000	70.000000	2816.238287	1253.090034	2523.152855	0.000000	0	439.378842	28.626175	46.859023	-7.118723	-473.545398	34.391491	-1.098470	-422.487712	44.826447	0.000000	-420.000000	0	52.901513	4.175825	0.782499	40.625257	-4.108596	-448.016555	4.201189	4.108596	28.016555	1.098470	2.487712	16.545398	0	1	0	1	0
hl	4	65.500000	63	1	26	8.000000	45.000000	0.717835	1.704328	2816.507330	-420.000000	0.000000	71.000000	2863.636850	1253.090034	2523.152855	0.000000	0	439.511255	27.247653	46.082860	-6.027232	-471.135372	36.464109	0.075969	-422.565900	44.826447	0.000000	-420.000000	0	49.887504	3.014009	1.378523	41.273485	-2.975631	-446.850636	3.552962	2.975631	26.850636	0.075969	2.565900	14.135372	0	1	0	1	0
hl	4	65.500000	63	1	26	8.000000	45.000000	0.717835	1.704328	2863.856703	-420.000000	0.000000	72.000000	2910.539672	1253.090034	2523.152855	0.000000	0	439.781811	25.363079	44.525833	-4.038591	-467.629467	39.404538	1.285051	-422.697602	44.826447	0.000000	-420.000000	0	45.535056	4.352448	1.884574	41.965186	-1.376770	-445.163534	2.861261	1.376770	25.163534	1.285051	2.697602	10.629467	0	1	0	1	0
hl	4	65.500000	63	1	26	8.000000	45.000000	0.717835	1.704328	2910.760381	-420.000000	0.000000	73.000000	2957.644384	1253.090034	2523.152855	0.000000	0	439.415510	24.512023	44.043795	-3.681058	-466.047522	41.033294	1.434771	-422.710794	44.826447	0.000000	-420.000000	0	43.741363	1.793693	0.851056	42.538544	-1.123143	-444.379158	2.287902	1.123143	24.379158	1.434771	2.710794	9.047522	0	1	0	1	0
hl	4	65.500000	63	1	26	8.000000	45.000000	0.717835	1.704328	2957.871081	-420.000000	0.000000	74.000000	3004.587841	1253.090034	2523.152855	0.000000	0	438.982091	24.303748	43.958281	-3.788659	-465.372551	41.839200	1.032328	-423.003344	44.826447	0.000000	-420.000000	0	42.695223	1.046140	0.208275	42.898741	-1.378166	-444.187947	1.927706	1.378166	24.187947	1.032328	3.003344	8.372551	0	1	0	1	0
hl	4	65.500000	63	1	26	8.000000	45.000000	0.717835	1.704328	3004.807267	-420.000000	0.000000	75.000000	3051.510767	1253.090034	2523.152855	0.000000	0	438.933310	24.352678	43.639402	-3.756618	-465.104638	41.836086	0.690366	-423.324269	44.826447	0.000000	-420.000000	0	42.055045	0.640178	0.048930	42.737744	-1.533126	-444.214454	2.088702	1.533126	24.214454	0.690366	3.324269	8.104638	0	1	0	1	0
hl	4	65.500000	63	1	26	8.000000	45.000000	0.717835	1.704328	3051.728482	-420.000000	0.000000	76.000000	3099.038504	1253.090034	2523.152855	0.000000	0	438.909488	24.449697	43.460749	-3.994747	-465.130031	41.689765	0.628690	-423.445158	44.826447	0.000000	-420.000000	0	41.977866	0.077179	0.097019	42.575257	-1.683028	-444.287594	2.251190	1.683028	24.287594	0.628690	3.445158	8.130031	0	1	0	1	0
hl	4	65.500000	63	1	26	8.000000	45.000000	0.717835	1.704328	3099.258358	-420.000000	0.000000	77.000000	3146.076062	1253.090034	2523.152855	0.000000	0	438.953518	24.375753	43.403770	-3.904696	-464.941968	41.741009	0.718535	-423.495979	44.826447	0.000000	-420.000000	0	41.736184	0.241682	0.073943	42.572389	-1.593081	-444.218973	2.254057	1.593081	24.218973	0.718535	3.495979	7.941968	1	1	0	1	0
hl	4	65.500000	63	1	26	8.000000	45.000000	0.717835	1.704328	3146.293349	-420.000000	0.000000	78.000000	3193.032778	1253.090034	2523.152855	0.000000	0	438.926429	24.473848	43.266105	-4.129072	-465.076326	41.742655	0.716956	-423.530942	44.826447	0.000000	-420.000000	0	41.854794	0.118610	0.098095	42.504380	-1.706058	-444.303634	2.322067	1.706058	24.303634	0.716956	3.530942	8.076326	0	1	0	1	0
hl	4	65.500000	63	1	26	8.000000	45.000000	0.717835	1.704328	3193.251349	-420.000000	0.000000	79.000000	3239.730290	1253.090034	2523.152855	0.000000	0	438.895677	24.311187	43.435406	-4.162583	-464.824417	41.648026	0.878597	-423.471242	44.826447	0.000000	-420.000000	0	41.697641	0.157153	0.162661	42.541716	-1.641993	-444.147830	2.284731	1.641993	24.147830	0.878597	3.471242	7.824417	1	1	0	1	0
hl	4	65.500000	63	1	26	8.000000	45.000000	0.717835	1.704328	3239.959982	-420.000000	0.000000	80.000000	3286.760149	1253.090034	2523.152855	0.000000	0	438.839757	24.315227	43.435599	-4.213969	-464.815610	41.727407	0.826571	-423.488505	44.826447	0.000000	-420.000000	0	41.668388	0.029253	0.004040	42.581503	-1.693699	-444.152057	2.244944	1.693699	24.152057	0.826571	3.488505	7.815610	1	1	0	1	0
hl	4	65.500000	63	1	26	8.000000	45.000000	0.717835	1.704328	3286.982141	-420.000000	0.000000	81.000000	3334.064610	1253.090034	2523.152855	0.000000	0	438.693012	24.274433	43.531810	-4.294751	-464.715753	41.737926	0.645822	-423.496960	44.826447	0.000000	-420.000000	0	41.552572	0.115817	0.040793	42.634868	-1.824465	-444.106357	2.191578	1.824465	24.106357	0.645822	3.496960	7.715753	1	1	0	1	0
hl	4	65.500000	63	1	26	8.000000	45.000000	0.717835	1.704328	3334.282753	-420.000000	0.000000	82.000000	3381.076932	1253.090034	2523.152855	0.000000	0	438.691749	24.377051	43.371841	-4.310083	-464.837426	41.780225	0.500791	-423.558796	44.826447	0.000000	-420.000000	0	41.588496	0.035924	0.102618	42.576033	-1.904646	-444.198111	2.250413	1.904646	24.198111	0.500791	3.558796	7.837426	1	1	0	1	0
hl	4	65.500000	63	1	26	8.000000	45.000000	0.717835	1.704328	3381.295503	-420.000000	0.000000	83.000000	3428.379683	1253.090034	2523.152855	0.000000	0	438.584736	24.399224	43.465165	-4.396227	-464.760566	41.880079	0.393111	-423.682264	44.826447	0.000000	-420.000000	0	41.386920	0.201576	0.022173	42.672622	-2.001558	-444.221415	2.153825	2.001558	24.221415	0.393111	3.682264	7.760566	1	1	0	1	0
hl	4	65.500000	63	1	26	8.000000	45.000000	0.717835	1.704328	3428.597398	-420.000000	0.000000	84.000000	3475.238877	1253.090034	2523.152855	0.000000	0	438.664005	24.325428	43.430761	-4.349523	-464.737199	41.679774	0.509808	-423.548714	44.826447	0.000000	-420.000000	0	41.511087	0.124168	0.073796	42.555267	-1.919857	-444.142956	2.271179	1.919857	24.142956	0.509808	3.548714	7.737199	1	1	0	1	0
hl	4	65.500000	63	1	26	8.000000	45.000000	0.717835	1.704328	3475.457020	-420.000000	0.000000	85.000000	3522.520241	1253.090034	2523.152855	0.000000	0	438.617554	24.384664	43.400340	-4.468713	-464.807073	41.747277	0.473213	-423.589061	44.826447	0.000000	-420.000000	0	41.546116	0.035028	0.059236	42.573808	-1.997750	-444.198067	2.252638	1.997750	24.198067	0.473213	3.589061	7.807073	1	1	0	1	0
hl	4	65.500000	63	1	26	8.000000	45.000000	0.717835	1.704328	3522.738812	-420.000000	0.000000	86.000000	3569.729747	1253.090034	2523.152855	0.000000	0	438.467155	24.428655	43.522622	-4.626470	-464.775133	41.880810	0.339254	-423.707839	44.826447	0.000000	-420.000000	0	41.398992	0.147124	0.043991	42.701716	-2.143608	-444.241486	2.124730	2.143608	24.241486	0.339254	3.707839	7.775133	1	1	0	1	0
hl	4	65.500000	63	1	26	8.000000	45.000000	0.717835	1.704328	3569.946179	-420.000000	0.000000	87.000000	3616.631714	1253.090034	2523.152855	0.000000	0	438.338049	24.417407	43.517604	-4.655575	-464.727292	41.965282	0.108987	-423.716270	44.826447	0.000000	-420.000000	0	41.316035	0.082958	0.011247	42.741443	-2.273294	-444.221781	2.085003	2.273294	24.221781	0.108987	3.716270	7.727292	1	1	0	1	0
hl	4	65.500000	63	1	26	8.000000	45.000000	0.717835	1.704328	3616.850284	-420.000000	0.000000	88.000000	3663.742841	1253.090034	2523.152855	0.000000	0	438.301625	24.529153	43.459012	-4.775924	-464.850200	42.056096	0.042161	-423.803553	44.826447	0.000000	-420.000000	0	41.352260	0.036226	0.111746	42.757554	-2.366881	-444.326876	2.068893	2.366881	24.326876	0.042161	3.803553	7.850200	1	1	0	1	0
hl	4	65.500000	63	1	26	8.000000	45.000000	0.717835	1.704328	3663.960984	-420.000000	0.000000	89.000000	3710.949353	1253.090034	2523.152855	0.000000	0	438.384880	24.533317	43.319531	-4.683792	-464.870680	41.926299	0.026106	-423.775167	44.826447	0.000000	-420.000000	0	41.387986	0.035726	0.004164	42.622915	-2.328843	-444.322923	2.203532	2.328843	24.322923	0.026106	3.775167	7.870680	1	1	0	1	0
hl	4	65.500000	63	1	26	8.000000	45.000000	0.717835	1.704328	3711.169206	-420.000000	0.000000	90.000000	3757.798709	1253.090034	2523.152855	0.000000	0	438.418653	24.598681	43.418529	-4.748001	-464.810670	42.004366	0.178936	-423.991084	44.826447	0.000000	-420.000000	0	41.140164	0.247822	0.065364	42.711447	-2.284533	-444.400877	2.114999	2.284533	24.400877	0.178936	3.991084	7.810670	1	1	0	1	0
hl	4	65.500000	63	1	26	8.000000	45.000000	0.717835	1.704328	3758.109669	-420.000000	0.000000	91.000000	3804.619407	1253.090034	2523.152855	0.000000	0	438.554331	24.555686	43.273541	-4.559970	-464.838130	41.854238	0.229028	-423.872169	44.826447	0.000000	-420.000000	0	41.269345	0.129181	0.042995	42.563890	-2.165471	-444.355149	2.262557	2.165471	24.355149	0.229028	3.872169	7.838130	1	1	0	1	0
hl	4	65.500000	63	1	26	8.000000	45.000000	0.717835	1.704328	3804.840544	-420.000000	0.000000	92.000000	3851.999577	1253.090034	2523.152855	0.000000	0	438.517287	24.483228	43.363051	-4.525039	-464.715064	41.826997	0.208070	-423.856127	44.826447	0.000000	-420.000000	0	41.160836	0.108509	0.072458	42.595024	-2.158484	-444.285596	2.231423	2.158484	24.285596	0.208070	3.856127	7.715064	1	1	0	1	0
hl	4	65.500000	63	1	26	8.000000	45.000000	0.717835	1.704328	3852.217720	-420.000000	0.000000	93.000000	3899.117549	1253.090034	2523.152855	0.000000	0	438.330150	24.450279	43.540588	-4.638752	-464.636353	41.909989	0.025680	-423.864416	44.826447	0.000000	-420.000000	0	41.070265	0.090572	0.032949	42.725288	-2.306536	-444.250385	2.101158	2.306536	24.250385	0.025680	3.864416	7.636353	1	1	0	1	0
hl	4	65.500000	63	1	26	8.000000	45.000000	0.717835	1.704328	3899.336547	-420.000000	0.000000	94.000000	3934.398925	1253.090034	2523.152855	3934.395075	0	438.345343	24.453611	  43.577045   -4.653269 -464.605507	  41.932810    0.098246 -423.912566	44.826447	0.000000	-420.000000	0	41.002389	0.067876	0.003332	0
