subjName	sessionNR	IOD	trialN	textureType	texnum	visualAngle	simulatedDepth	light_intensity	ambient_intensity	time	displayDistance	isRotated	frameN	timTote	startTime	touchTime	endTime	fingersOccluded	distanceToHome	distanceToObject	indexXraw	indexYraw	indexZraw	thumbXraw	thumbYraw	thumbZraw	targetX	targetY	targetZ	failCause	gripAperture	gripApertureVel	distFromObjVel	gripOriginX	gripOriginY	gripOriginZ	distFromObjX	distFromObjY	distFromObjZ	y_dist_thm	z_dist_thm	z_dist_ind	handOnObj	handnearObj	handfarObj	handTouchObj	framesOccluded
hl	5	65.500000	82	3	32	8.000000	55.000000	0.254479	3.206439	877.336168	-420.000000	0.000000	30.000000	924.866654	0.000000	0.000000	0.000000	0	9.143849	437.452806	220.026873	-354.022452	-239.839372	225.636042	-356.612629	-234.712839	44.712448	0.000000	-420.000000	0	8.028271	0.075041	0.050952	222.831457	-355.317541	-237.276105	178.119009	355.317541	182.723895	356.612629	185.287161	227.160628	0	0	1	0	0
hl	5	65.500000	82	3	32	8.000000	55.000000	0.254479	3.206439	925.059134	-420.000000	0.000000	31.000000	971.436026	0.000000	0.000000	0.000000	0	9.080518	437.504983	220.086550	-354.103323	-239.965885	225.751998	-356.671155	-234.778876	44.712448	0.000000	-420.000000	0	8.099144	0.070873	0.052177	222.919274	-355.387239	-237.372380	178.206826	355.387239	182.627620	356.671155	185.221124	227.034115	0	0	1	0	0
hl	5	65.500000	82	3	32	8.000000	55.000000	0.254479	3.206439	971.536116	-420.000000	0.000000	32.000000	1018.663251	0.000000	0.000000	0.000000	0	9.096261	437.607136	220.234968	-354.155623	-239.977601	226.006673	-356.717374	-234.862965	44.712448	0.000000	-420.000000	0	8.126171	0.027027	0.102153	223.120820	-355.436499	-237.420283	178.408372	355.436499	182.579717	356.717374	185.137035	227.022399	0	0	1	0	0
hl	5	65.500000	82	3	32	8.000000	55.000000	0.254479	3.206439	1018.764195	-420.000000	0.000000	33.000000	1065.291222	0.000000	0.000000	0.000000	0	9.088220	437.587799	220.197864	-354.140490	-239.977811	226.045816	-356.690856	-234.876355	44.712448	0.000000	-420.000000	0	8.168706	0.042536	0.019337	223.121840	-355.415673	-237.427083	178.409392	355.415673	182.572917	356.690856	185.123645	227.022189	0	0	1	0	0
hl	5	65.500000	82	3	32	8.000000	55.000000	0.254479	3.206439	1065.404143	-420.000000	0.000000	34.000000	1113.044985	0.000000	0.000000	0.000000	0	9.112536	437.516739	220.130634	-354.104522	-239.931408	225.740033	-356.652351	-234.754115	44.712448	0.000000	-420.000000	0	8.047431	0.121275	0.071060	222.935334	-355.378437	-237.342761	178.222885	355.378437	182.657239	356.652351	185.245885	227.068592	0	0	1	0	0
hl	5	65.500000	82	3	32	8.000000	55.000000	0.254479	3.206439	1113.140797	-420.000000	0.000000	35.000000	1160.071602	0.000000	0.000000	0.000000	0	9.140256	437.369463	220.026583	-354.066395	-239.845372	225.366727	-356.461666	-234.635062	44.712448	0.000000	-420.000000	0	7.835930	0.211502	0.147276	222.696655	-355.264031	-237.240217	177.984207	355.264031	182.759783	356.461666	185.364938	227.154628	0	0	1	0	0
hl	5	65.500000	82	3	32	8.000000	55.000000	0.254479	3.206439	1160.166987	-420.000000	0.000000	36.000000	1207.189327	0.000000	0.000000	0.000000	0	9.188547	437.136658	220.205413	-353.982851	-239.867480	225.266023	-355.872609	-234.496198	44.712448	0.000000	-420.000000	0	7.617849	0.218080	0.232805	222.735718	-354.927730	-237.181839	178.023270	354.927730	182.818161	355.872609	185.503802	227.132520	0	0	1	0	0
hl	5	65.500000	82	3	32	8.000000	55.000000	0.254479	3.206439	1207.284712	-420.000000	0.000000	37.000000	1254.642822	0.000000	0.000000	0.000000	0	9.848914	433.565364	219.889396	-353.341269	-240.615497	223.657390	-348.520001	-233.455352	44.712448	0.000000	-420.000000	0	9.418602	1.800753	3.571295	221.773393	-350.930635	-237.035424	177.060945	350.930635	182.964576	348.520001	186.544648	226.384503	0	0	1	0	0
hl	5	65.500000	82	3	32	8.000000	55.000000	0.254479	3.206439	1254.737351	-420.000000	0.000000	38.000000	1301.985534	1290.362332	0.000000	0.000000	0	15.470811	422.758445	220.243156	-343.581479	-248.399241	221.470655	-336.485584	-233.410695	44.712448	0.000000	-420.000000	0	16.628741	7.210138	10.806919	220.856905	-340.033532	-240.904968	176.144457	340.033532	179.095032	336.485584	186.589305	218.600759	0	0	1	0	0
hl	5	65.500000	82	3	32	8.000000	55.000000	0.254479	3.206439	1302.141656	-420.000000	0.000000	39.000000	1349.054497	1290.362332	0.000000	0.000000	0	30.260961	406.744221	218.960174	-329.590040	-258.060883	218.827725	-319.227930	-236.335435	44.712448	0.000000	-420.000000	0	24.070438	7.441697	16.014224	218.893950	-324.408985	-247.198159	174.181501	324.408985	172.801841	319.227930	183.664565	208.939117	0	0	1	0	0
hl	5	65.500000	82	3	32	8.000000	55.000000	0.254479	3.206439	1349.160575	-420.000000	0.000000	40.000000	1396.118756	1290.362332	0.000000	0.000000	0	47.088911	389.212289	212.771751	-313.299660	-264.626846	213.643222	-303.929505	-241.590785	44.712448	0.000000	-420.000000	0	24.884119	0.813681	17.531932	213.207486	-308.614583	-253.108815	168.495038	308.614583	166.891185	303.929505	178.409215	202.373154	0	0	1	0	0
hl	5	65.500000	82	3	32	8.000000	55.000000	0.254479	3.206439	1396.214995	-420.000000	0.000000	41.000000	1443.203117	1290.362332	0.000000	0.000000	0	66.321166	369.173070	204.421022	-295.868077	-272.179376	203.094763	-287.682758	-246.197191	44.712448	0.000000	-420.000000	0	27.273290	2.389171	20.039219	203.757893	-291.775418	-259.188284	159.045444	291.775418	160.811716	287.682758	173.802809	194.820624	0	0	1	0	0
hl	5	65.500000	82	3	32	8.000000	55.000000	0.254479	3.206439	1443.311761	-420.000000	0.000000	42.000000	1490.079601	1290.362332	0.000000	0.000000	0	92.252277	343.690333	195.380267	-272.219616	-281.225741	190.054729	-265.137700	-248.746331	44.712448	0.000000	-420.000000	0	33.666407	6.393117	25.482737	192.717498	-268.678658	-264.986036	148.005050	268.678658	155.013964	265.137700	171.253669	185.774259	0	0	1	0	0
hl	5	65.500000	82	3	32	8.000000	55.000000	0.254479	3.206439	1490.180118	-420.000000	0.000000	43.000000	1537.019389	1290.362332	0.000000	0.000000	0	121.255318	315.329979	184.589713	-246.239842	-291.223924	176.126947	-240.031807	-252.680411	44.712448	0.000000	-420.000000	0	39.946971	6.280564	28.360354	180.358330	-243.135825	-271.952167	135.645882	243.135825	148.047833	240.031807	167.319589	175.776076	0	0	1	0	0
hl	5	65.500000	82	3	32	8.000000	55.000000	0.254479	3.206439	1537.119479	-420.000000	0.000000	44.000000	1584.454064	1290.362332	0.000000	0.000000	0	152.389482	285.061341	174.557040	-217.484139	-303.407979	161.307659	-213.843262	-256.835040	44.712448	0.000000	-420.000000	0	48.557602	8.610631	30.268638	167.932350	-215.663700	-280.121509	123.219901	215.663700	139.878491	213.843262	163.164960	163.592021	0	0	1	0	0
hl	5	65.500000	82	3	32	8.000000	55.000000	0.254479	3.206439	1584.551159	-420.000000	0.000000	45.000000	1631.758280	1290.362332	0.000000	0.000000	0	185.190337	253.700020	164.130161	-186.637749	-314.743301	146.558279	-186.243811	-261.710522	44.712448	0.000000	-420.000000	0	55.869507	7.311905	31.361320	155.344220	-186.440780	-288.226911	110.631772	186.440780	131.773089	186.243811	158.289478	152.256699	0	0	1	0	0
hl	5	65.500000	82	3	32	8.000000	55.000000	0.254479	3.206439	1631.854092	-420.000000	0.000000	46.000000	1678.248093	1290.362332	0.000000	0.000000	0	216.832367	223.130955	153.205954	-158.238750	-327.245183	131.550552	-159.774782	-268.086371	44.712448	0.000000	-420.000000	0	63.016513	7.147006	30.569065	142.378253	-159.006766	-297.665777	97.665805	159.006766	122.334223	159.774782	151.913629	139.754817	0	0	0	0	0
hl	5	65.500000	82	3	32	8.000000	55.000000	0.254479	3.206439	1678.343905	-420.000000	0.000000	47.000000	1725.264018	1290.362332	0.000000	0.000000	0	246.158361	194.294725	141.036804	-132.826699	-340.959894	116.162595	-136.726919	-274.999210	44.712448	0.000000	-420.000000	0	70.602761	7.586247	28.836231	128.599700	-134.776809	-307.979552	83.887252	134.776809	112.020448	136.726919	145.000790	126.040106	0	0	0	0	0
hl	5	65.500000	82	3	32	8.000000	55.000000	0.254479	3.206439	1725.358974	-420.000000	0.000000	48.000000	1772.170443	1290.362332	0.000000	0.000000	0	272.947249	167.486270	127.787432	-111.464392	-353.907842	101.165395	-116.212742	-283.850515	44.712448	0.000000	-420.000000	0	75.095330	4.492570	26.808454	114.476413	-113.838567	-318.879178	69.763965	113.838567	101.120822	116.212742	136.149485	113.092158	0	0	0	0	0
hl	5	65.500000	82	3	32	8.000000	55.000000	0.254479	3.206439	1772.315872	-420.000000	0.000000	49.000000	1818.740242	1290.362332	0.000000	0.000000	0	296.365755	143.191400	116.249710	-92.983241	-367.475170	87.658472	-100.292975	-294.893217	44.712448	0.000000	-420.000000	0	78.351968	3.256638	24.294870	101.954091	-96.638108	-331.184194	57.241643	96.638108	88.815806	100.292975	125.106783	99.524830	0	0	0	0	0
hl	5	65.500000	82	3	32	8.000000	55.000000	0.254479	3.206439	1818.841615	-420.000000	0.000000	50.000000	1865.890047	1290.362332	0.000000	0.000000	0	317.823515	120.565811	105.871403	-77.117712	-381.812405	75.307988	-85.950875	-306.088261	44.712448	0.000000	-420.000000	0	82.135821	3.783853	22.625589	90.589695	-81.534293	-343.950333	45.877247	81.534293	76.049667	85.950875	113.911739	85.187595	0	0	0	0	0
hl	5	65.500000	82	3	32	8.000000	55.000000	0.254479	3.206439	1865.985859	-420.000000	0.000000	51.000000	1913.249013	1290.362332	0.000000	0.000000	0	337.135184	100.406085	97.167286	-64.112104	-394.389413	64.527805	-71.657446	-316.501422	44.712448	0.000000	-420.000000	0	84.786833	2.651012	20.159725	80.847545	-67.884775	-355.445418	36.135097	67.884775	64.554582	71.657446	103.498578	72.610587	0	0	0	0	0
hl	5	65.500000	82	3	32	8.000000	55.000000	0.254479	3.206439	1913.343970	-420.000000	0.000000	52.000000	1960.246545	1290.362332	0.000000	0.000000	0	355.051514	81.658250	89.485379	-51.462123	-406.237237	55.795395	-58.825667	-327.043490	44.712448	0.000000	-420.000000	0	86.376422	1.589589	18.747836	72.640387	-55.143895	-366.640363	27.927939	55.143895	53.359637	58.825667	92.956510	60.762763	0	0	0	0	0
hl	5	65.500000	82	3	32	8.000000	55.000000	0.254479	3.206439	1960.340646	-420.000000	0.000000	53.000000	2007.416025	1290.362332	0.000000	0.000000	0	371.899942	64.521107	83.235818	-38.604152	-416.554300	48.167381	-46.327207	-335.830751	44.712448	0.000000	-420.000000	0	88.350055	1.973633	17.137143	65.701600	-42.465679	-376.192526	20.989151	42.465679	43.807474	46.327207	84.169249	50.445700	0	0	0	0	0
hl	5	65.500000	82	3	32	8.000000	55.000000	0.254479	3.206439	2007.516543	-420.000000	0.000000	54.000000	2054.659504	1290.362332	0.000000	0.000000	0	386.463257	49.965694	77.303315	-28.626019	-425.559592	40.571059	-35.023561	-342.846828	44.712448	0.000000	-420.000000	0	90.728102	2.378047	14.555412	58.937187	-31.824790	-384.203210	14.224739	31.824790	35.796790	35.023561	77.153172	41.440408	0	0	0	0	0
hl	5	65.500000	82	3	32	8.000000	55.000000	0.254479	3.206439	2054.754888	-420.000000	0.000000	55.000000	2101.565501	1290.362332	0.000000	0.000000	0	399.602424	36.823989	72.067461	-18.670829	-433.524620	33.971399	-26.127868	-350.430063	44.712448	0.000000	-420.000000	0	91.714899	0.986797	13.141705	53.019430	-22.399349	-391.977341	8.306982	22.399349	28.022659	26.127868	69.569937	33.475380	0	0	0	0	0
hl	5	65.500000	82	3	32	8.000000	55.000000	0.254479	3.206439	2101.660030	-420.000000	0.000000	56.000000	2148.495023	1290.362332	0.000000	0.000000	0	410.856420	25.182414	67.689302	-11.588227	-441.815611	29.182251	-17.737152	-357.920443	44.712448	0.000000	-420.000000	0	92.514872	0.799974	11.641575	48.435776	-14.662690	-399.868027	3.723328	14.662690	20.131973	17.737152	62.079557	25.184389	0	0	0	0	0
hl	5	65.500000	82	3	32	8.000000	55.000000	0.254479	3.206439	2148.590408	-420.000000	0.000000	57.000000	2195.748339	1290.362332	0.000000	0.000000	0	420.497171	14.282877	64.532248	-6.314704	-450.615872	26.296632	-10.708515	-366.487814	44.712448	0.000000	-420.000000	0	92.513772	0.001100	10.899537	45.414440	-8.511609	-408.551843	0.701992	8.511609	11.448157	10.708515	53.512186	16.384128	0	0	0	0	0
hl	5	65.500000	82	3	32	8.000000	55.000000	0.254479	3.206439	2195.843724	-420.000000	0.000000	58.000000	2242.664602	1290.362332	0.000000	0.000000	0	428.291726	4.847160	62.631298	-2.947499	-458.397662	25.358585	-4.730234	-375.860128	44.712448	0.000000	-420.000000	0	90.580781	1.932992	9.435718	43.994941	-3.838867	-417.128895	0.717507	3.838867	2.871105	4.730234	44.139872	8.602338	0	0	0	0	0
hl	5	65.500000	82	3	32	8.000000	55.000000	0.254479	3.206439	2242.765547	-420.000000	0.000000	59.000000	2289.710468	1290.362332	0.000000	0.000000	0	435.054137	5.442753	60.193375	-1.461345	-466.222254	25.202961	1.170806	-383.886184	44.712448	0.000000	-420.000000	0	89.501316	1.079464	0.595593	42.698168	-0.145269	-425.054219	2.014280	0.145269	5.054219	1.170806	36.113816	0.777746	0	0	0	0	0
hl	5	65.500000	82	3	32	8.000000	55.000000	0.254479	3.206439	2289.816546	-420.000000	0.000000	60.000000	2336.642985	1290.362332	0.000000	0.000000	0	439.405803	13.067025	58.751282	-1.466121	-472.948321	24.978506	3.158376	-392.501444	44.712448	0.000000	-420.000000	0	87.370970	2.130346	7.624272	41.864894	0.846127	-432.724883	2.847554	0.846127	12.724883	3.158376	27.498556	5.948321	0	1	0	0	0
hl	5	65.500000	82	3	32	8.000000	55.000000	0.254479	3.206439	2336.746496	-420.000000	0.000000	61.000000	2383.792362	1290.362332	0.000000	0.000000	0	442.286274	19.041212	57.363097	-2.426474	-477.894794	24.395960	3.965054	-399.376357	44.712448	0.000000	-420.000000	0	85.398061	1.972909	5.974187	40.879528	0.769290	-438.635575	3.832920	0.769290	18.635575	3.965054	20.623643	10.894794	0	1	0	0	0
hl	5	65.500000	82	3	32	8.000000	55.000000	0.254479	3.206439	2383.892451	-420.000000	0.000000	62.000000	2430.682105	1290.362332	0.000000	0.000000	0	443.980317	23.254627	54.619051	-4.208960	-480.527374	24.879481	4.353326	-404.910024	44.712448	0.000000	-420.000000	0	81.705192	3.692869	4.213415	39.749266	0.072183	-442.718699	4.963182	0.072183	22.718699	4.353326	15.089976	13.527374	0	1	0	0	0
hl	5	65.500000	82	3	32	8.000000	55.000000	0.254479	3.206439	2430.777917	-420.000000	0.000000	63.000000	2477.537630	1290.362332	2465.731786	0.000000	0	444.107914	26.368843	51.542519	-6.573071	-481.293505	24.550959	2.262734	-409.548975	44.712448	0.000000	-420.000000	0	77.161476	4.543716	3.114216	38.046739	-2.155168	-445.421240	6.665709	2.155168	25.421240	2.262734	10.451025	14.293505	0	1	0	1	0
hl	5	65.500000	82	3	32	8.000000	55.000000	0.254479	3.206439	2477.636008	-420.000000	0.000000	64.000000	2524.092886	1290.362332	2465.731786	0.000000	0	444.269320	28.642467	48.729031	-7.526291	-481.285790	25.072101	0.272125	-413.347887	44.712448	0.000000	-420.000000	0	72.360378	4.801098	2.273624	36.900566	-3.627083	-447.316839	7.811882	3.627083	27.316839	0.272125	6.652113	14.285790	0	1	0	1	0
hl	5	65.500000	82	3	32	8.000000	55.000000	0.254479	3.206439	2524.188698	-420.000000	0.000000	65.000000	2571.152012	1290.362332	2465.731786	0.000000	0	444.275124	30.591439	47.168117	-8.741936	-481.192298	27.251341	-0.460269	-417.403783	44.712448	0.000000	-420.000000	0	67.336756	5.023622	1.948972	37.209729	-4.601103	-449.298040	7.502719	4.601103	29.298040	0.460269	2.596217	14.192298	0	1	0	1	0
hl	5	65.500000	82	3	32	8.000000	55.000000	0.254479	3.206439	2571.247824	-420.000000	0.000000	66.000000	2618.450240	1290.362332	2465.731786	0.000000	0	443.862708	32.036928	46.458838	-9.907796	-480.809339	29.401336	-1.343230	-420.793191	44.712448	0.000000	-420.000000	0	62.978156	4.358599	1.445490	37.930087	-5.625513	-450.801265	6.782361	5.625513	30.801265	1.343230	0.793191	13.809339	0	1	0	1	0
hl	5	65.500000	82	3	32	8.000000	55.000000	0.254479	3.206439	2618.548190	-420.000000	0.000000	67.000000	2665.544867	1290.362332	2465.731786	0.000000	0	443.579014	32.772427	46.020104	-10.187936	-480.130534	31.444665	-1.941281	-423.162162	44.712448	0.000000	-420.000000	0	59.378836	3.599321	0.735499	38.732384	-6.064608	-451.646348	5.980064	6.064608	31.646348	1.941281	3.162162	13.130534	0	1	0	1	0
hl	5	65.500000	82	3	32	8.000000	55.000000	0.254479	3.206439	2665.642818	-420.000000	0.000000	68.000000	2712.805027	1290.362332	2465.731786	0.000000	0	443.260231	32.681083	45.836226	-10.573599	-479.586750	32.359823	-1.912542	-423.581454	44.712448	0.000000	-420.000000	0	58.251357	1.127478	0.091344	39.098025	-6.243071	-451.584102	5.614424	6.243071	31.584102	1.912542	3.581454	12.586750	0	1	0	1	0
hl	5	65.500000	82	3	32	8.000000	55.000000	0.254479	3.206439	2712.901267	-420.000000	0.000000	69.000000	2759.694342	1290.362332	2465.731786	0.000000	0	443.183626	32.350136	45.868574	-10.288661	-479.264505	32.961751	-1.773001	-423.412417	44.712448	0.000000	-420.000000	0	57.953070	0.298287	0.330947	39.415162	-6.030831	-451.338461	5.297286	6.030831	31.338461	1.773001	3.412417	12.264505	0	1	0	1	0
hl	5	65.500000	82	3	32	8.000000	55.000000	0.254479	3.206439	2759.892810	-420.000000	0.000000	70.000000	2806.839442	1290.362332	2465.731786	0.000000	0	442.697816	32.186457	45.865278	-10.599321	-478.895121	33.894912	-2.037810	-423.480904	44.712448	0.000000	-420.000000	0	57.335196	0.617875	0.163679	39.880095	-6.318566	-451.188012	4.832353	6.318566	31.188012	2.037810	3.480904	11.895121	0	1	0	1	0
hl	5	65.500000	82	3	32	8.000000	55.000000	0.254479	3.206439	2806.939959	-420.000000	0.000000	71.000000	2854.073938	1290.362332	2465.731786	0.000000	0	442.456266	32.057407	45.516167	-10.612606	-478.502266	34.833910	-2.206452	-423.659047	44.712448	0.000000	-420.000000	0	56.502679	0.832516	0.129050	40.175038	-6.409529	-451.080656	4.537410	6.409529	31.080656	2.206452	3.659047	11.502266	0	1	0	1	0
hl	5	65.500000	82	3	32	8.000000	55.000000	0.254479	3.206439	2854.174455	-420.000000	0.000000	72.000000	2900.905937	1290.362332	2465.731786	0.000000	0	442.157386	31.914112	45.526870	-10.740147	-478.161685	35.288243	-2.420603	-423.698710	44.712448	0.000000	-420.000000	0	56.038022	0.464657	0.143295	40.407557	-6.580375	-450.930197	4.304891	6.580375	30.930197	2.420603	3.698710	11.161685	0	1	0	1	0
hl	5	65.500000	82	3	32	8.000000	55.000000	0.254479	3.206439	2901.001749	-420.000000	0.000000	73.000000	2947.869678	1290.362332	2465.731786	0.000000	0	442.246032	31.733390	45.432582	-10.473908	-477.936519	35.241974	-2.345636	-423.603086	44.712448	0.000000	-420.000000	0	55.875211	0.162811	0.180722	40.337278	-6.409772	-450.769802	4.375170	6.409772	30.769802	2.345636	3.603086	10.936519	0	1	0	1	0
hl	5	65.500000	82	3	32	8.000000	55.000000	0.254479	3.206439	2947.966774	-420.000000	0.000000	74.000000	2995.099469	1290.362332	2465.731786	0.000000	0	442.246819	31.657981	45.454799	-10.568911	-477.831696	35.126158	-2.203519	-423.548765	44.712448	0.000000	-420.000000	0	55.886467	0.011256	0.075408	40.290478	-6.386215	-450.690230	4.421970	6.386215	30.690230	2.203519	3.548765	10.831696	0	1	0	1	0
hl	5	65.500000	82	3	32	8.000000	55.000000	0.254479	3.206439	2995.196564	-420.000000	0.000000	75.000000	3042.232165	1290.362332	2465.731786	0.000000	0	442.089684	31.591909	45.559669	-10.699532	-477.634557	34.990871	-2.368438	-423.542798	44.712448	0.000000	-420.000000	0	55.740694	0.145772	0.066072	40.275270	-6.533985	-450.588678	4.437178	6.533985	30.588678	2.368438	3.542798	10.634557	0	1	0	1	0
hl	5	65.500000	82	3	32	8.000000	55.000000	0.254479	3.206439	3042.328832	-420.000000	0.000000	76.000000	3089.268193	1290.362332	2465.731786	0.000000	0	442.238768	31.534407	45.477281	-10.514613	-477.604847	34.904773	-2.219078	-423.499617	44.712448	0.000000	-420.000000	0	55.749168	0.008474	0.057502	40.191027	-6.366846	-450.552232	4.521421	6.366846	30.552232	2.219078	3.499617	10.604847	0	1	0	1	0
hl	5	65.500000	82	3	32	8.000000	55.000000	0.254479	3.206439	3089.365716	-420.000000	0.000000	77.000000	3136.398749	1290.362332	2465.731786	0.000000	0	442.332290	31.480411	45.336422	-10.276791	-477.500769	34.946852	-2.224633	-423.525538	44.712448	0.000000	-420.000000	0	55.552732	0.196437	0.053997	40.141637	-6.250712	-450.513154	4.570811	6.250712	30.513154	2.224633	3.525538	10.500769	0	1	0	1	0
hl	5	65.500000	82	3	32	8.000000	55.000000	0.254479	3.206439	3136.496272	-420.000000	0.000000	78.000000	3183.234171	1290.362332	2465.731786	0.000000	0	442.160631	31.493228	45.433671	-10.610973	-477.517870	34.865030	-2.286880	-423.454677	44.712448	0.000000	-420.000000	0	55.711898	0.159166	0.012817	40.149350	-6.448926	-450.486274	4.563098	6.448926	30.486274	2.286880	3.454677	10.517870	0	1	0	1	0
hl	5	65.500000	82	3	32	8.000000	55.000000	0.254479	3.206439	3183.331694	-420.000000	0.000000	79.000000	3230.635910	1290.362332	2465.731786	0.000000	0	442.089180	31.536233	45.533672	-10.774123	-477.446622	35.061354	-2.217852	-423.638383	44.712448	0.000000	-420.000000	0	55.481580	0.230318	0.043005	40.297513	-6.495988	-450.542503	4.414935	6.495988	30.542503	2.217852	3.638383	10.446622	0	1	0	1	0
hl	5	65.500000	82	3	32	8.000000	55.000000	0.254479	3.206439	3230.737710	-420.000000	0.000000	80.000000	3277.482025	1290.362332	2465.731786	0.000000	0	442.135016	31.471926	45.577441	-10.658413	-477.319370	35.057138	-2.145425	-423.678340	44.712448	0.000000	-420.000000	0	55.321857	0.159724	0.064307	40.317289	-6.401919	-450.498855	4.395159	6.401919	30.498855	2.145425	3.678340	10.319370	0	1	0	1	0
hl	5	65.500000	82	3	32	8.000000	55.000000	0.254479	3.206439	3277.582114	-420.000000	0.000000	81.000000	3324.492389	1290.362332	2465.731786	0.000000	0	442.186052	31.490886	45.436833	-10.522439	-477.321808	35.079440	-2.231975	-423.708225	44.712448	0.000000	-420.000000	0	55.230641	0.091216	0.018960	40.258137	-6.377207	-450.515017	4.454312	6.377207	30.515017	2.231975	3.708225	10.321808	0	1	0	1	0
hl	5	65.500000	82	3	32	8.000000	55.000000	0.254479	3.206439	3324.589912	-420.000000	0.000000	82.000000	3371.847505	1290.362332	2465.731786	0.000000	0	442.000465	31.566374	45.613680	-10.775311	-477.309627	35.259846	-2.342008	-423.850441	44.712448	0.000000	-420.000000	0	55.101788	0.128852	0.075488	40.436763	-6.558659	-450.580034	4.275685	6.558659	30.580034	2.342008	3.850441	10.309627	0	1	0	1	0
hl	5	65.500000	82	3	32	8.000000	55.000000	0.254479	3.206439	3371.944600	-420.000000	0.000000	83.000000	3418.963091	1290.362332	2465.731786	0.000000	0	441.992185	31.595255	45.597454	-10.776250	-477.315076	35.368364	-2.355166	-423.914414	44.712448	0.000000	-420.000000	0	55.019811	0.081978	0.028881	40.482909	-6.565708	-450.614745	4.229539	6.565708	30.614745	2.355166	3.914414	10.315076	0	1	0	1	0
hl	5	65.500000	82	3	32	8.000000	55.000000	0.254479	3.206439	3419.061042	-420.000000	0.000000	84.000000	3465.810917	1290.362332	2465.731786	0.000000	0	441.957884	31.479176	45.585880	-10.703287	-477.210185	35.131072	-2.476484	-423.734211	44.712448	0.000000	-420.000000	0	55.105927	0.086116	0.116079	40.358476	-6.589886	-450.472198	4.353972	6.589886	30.472198	2.476484	3.734211	10.210185	0	1	0	1	0
hl	5	65.500000	82	3	32	8.000000	55.000000	0.254479	3.206439	3465.908440	-420.000000	0.000000	85.000000	3512.934630	1290.362332	2465.731786	0.000000	0	441.875787	31.569796	45.471749	-10.830088	-477.268498	35.190067	-2.653209	-423.788994	44.712448	0.000000	-420.000000	0	55.069335	0.036592	0.090621	40.330908	-6.741649	-450.528746	4.381540	6.741649	30.528746	2.653209	3.788994	10.268498	0	1	0	1	0
hl	5	65.500000	82	3	32	8.000000	55.000000	0.254479	3.206439	3513.031297	-420.000000	0.000000	86.000000	3559.842766	1290.362332	2465.731786	0.000000	0	441.830547	31.600310	45.402500	-10.801074	-477.272656	35.246819	-2.821512	-423.815253	44.712448	0.000000	-420.000000	0	54.995501	0.073834	0.030513	40.324660	-6.811293	-450.543955	4.387788	6.811293	30.543955	2.821512	3.815253	10.272656	0	1	0	1	0
hl	5	65.500000	82	3	32	8.000000	55.000000	0.254479	3.206439	3559.939861	-420.000000	0.000000	87.000000	3607.107630	1290.362332	2465.731786	0.000000	0	441.745567	31.662852	45.446823	-10.867710	-477.263036	35.396456	-2.938440	-423.940647	44.712448	0.000000	-420.000000	0	54.837581	0.157919	0.062542	40.421640	-6.903075	-450.601842	4.290808	6.903075	30.601842	2.938440	3.940647	10.263036	0	1	0	1	0
hl	5	65.500000	82	3	32	8.000000	55.000000	0.254479	3.206439	3607.204298	-420.000000	0.000000	88.000000	3654.085914	1290.362332	2465.731786	0.000000	0	441.761988	31.658515	45.472489	-10.841813	-477.229003	35.388708	-2.915945	-423.979113	44.712448	0.000000	-420.000000	0	54.772738	0.064844	0.004337	40.430599	-6.878879	-450.604058	4.281849	6.878879	30.604058	2.915945	3.979113	10.229003	0	1	0	1	0
hl	5	65.500000	82	3	32	8.000000	55.000000	0.254479	3.206439	3654.188142	-420.000000	0.000000	89.000000	3700.946144	1290.362332	2465.731786	0.000000	0	441.891137	31.663848	45.426691	-10.817183	-477.298139	35.332257	-2.695492	-423.961195	44.712448	0.000000	-420.000000	0	54.887969	0.115231	0.005333	40.379474	-6.756337	-450.629667	4.332974	6.756337	30.629667	2.695492	3.961195	10.298139	0	1	0	1	0
hl	5	65.500000	82	3	32	8.000000	55.000000	0.254479	3.206439	3701.044095	-420.000000	0.000000	90.000000	3748.408194	1290.362332	2465.731786	0.000000	0	441.889871	31.670155	45.493395	-10.854627	-477.230933	35.392078	-2.618957	-424.067808	44.712448	0.000000	-420.000000	0	54.737379	0.150589	0.006307	40.442737	-6.736792	-450.649370	4.269711	6.736792	30.649370	2.618957	4.067808	10.230933	0	1	0	1	0
hl	5	65.500000	82	3	32	8.000000	55.000000	0.254479	3.206439	3748.509566	-420.000000	0.000000	91.000000	3795.226078	1290.362332	2465.731786	0.000000	0	442.018224	31.649679	45.398761	-10.641409	-477.189690	35.396107	-2.555981	-424.114145	44.712448	0.000000	-420.000000	0	54.611728	0.125652	0.020476	40.397434	-6.598695	-450.651918	4.315014	6.598695	30.651918	2.555981	4.114145	10.189690	0	1	0	1	0
hl	5	65.500000	82	3	32	8.000000	55.000000	0.254479	3.206439	3795.326167	-420.000000	0.000000	92.000000	3842.313434	1290.362332	2465.731786	0.000000	0	441.974321	31.632379	45.483916	-10.798949	-477.198573	35.443302	-2.427670	-424.081730	44.712448	0.000000	-420.000000	0	54.701840	0.090112	0.017300	40.463609	-6.613309	-450.640152	4.248839	6.613309	30.640152	2.427670	4.081730	10.198573	0	1	0	1	0
hl	5	65.500000	82	3	32	8.000000	55.000000	0.254479	3.206439	3842.414806	-420.000000	0.000000	93.000000	3889.361866	1290.362332	2465.731786	0.000000	0	442.041689	31.650627	45.332292	-10.676280	-477.241275	35.385372	-2.498981	-424.058361	44.712448	0.000000	-420.000000	0	54.719574	0.017734	0.018248	40.358832	-6.587631	-450.649818	4.353616	6.587631	30.649818	2.498981	4.058361	10.241275	0	1	0	1	0
hl	5	65.500000	82	3	32	8.000000	55.000000	0.254479	3.206439	3889.458961	-420.000000	0.000000	94.000000	3924.755016	1290.362332	2465.731786	3924.750739	0	441.966129	31.633891	  45.378832  -10.738152 -477.196570	  35.338155   -2.589633 -424.035404	44.712448	0.000000	-420.000000	0	54.711270	0.008304	0.016737	0
