subjName	sessionNR	IOD	trialN	textureType	texnum	visualAngle	simulatedDepth	light_intensity	ambient_intensity	time	displayDistance	isRotated	frameN	timTote	startTime	touchTime	endTime	fingersOccluded	distanceToHome	distanceToObject	indexXraw	indexYraw	indexZraw	thumbXraw	thumbYraw	thumbZraw	targetX	targetY	targetZ	failCause	gripAperture	gripApertureVel	distFromObjVel	gripOriginX	gripOriginY	gripOriginZ	distFromObjX	distFromObjY	distFromObjZ	y_dist_thm	z_dist_thm	z_dist_ind	handOnObj	handnearObj	handfarObj	handTouchObj	framesOccluded
hl	5	65.500000	54	3	1	8.000000	35.000000	0.268178	3.258300	905.119530	-420.000000	0.000000	30.000000	952.235971	0.000000	0.000000	0.000000	0	4.043235	434.379341	217.409992	-353.364103	-246.020496	226.448914	-355.740502	-238.608094	44.712448	0.000000	-420.000000	0	11.928667	0.183750	0.128594	221.929453	-354.552302	-242.314295	177.217005	354.552302	177.685705	355.740502	181.391906	200.979504	0	0	1	0	0
hl	5	65.500000	54	3	1	8.000000	35.000000	0.268178	3.258300	952.423318	-420.000000	0.000000	31.000000	998.855388	0.000000	0.000000	0.000000	0	4.164721	434.539603	217.707387	-353.457886	-245.927719	226.559983	-355.788594	-238.607916	44.712448	0.000000	-420.000000	0	11.720929	0.207738	0.160262	222.133685	-354.623240	-242.267817	177.421237	354.623240	177.732183	355.788594	181.392084	201.072281	0	0	1	0	0
hl	5	65.500000	54	3	1	8.000000	35.000000	0.268178	3.258300	998.952055	-420.000000	0.000000	32.000000	1046.150622	0.000000	0.000000	0.000000	0	4.131778	434.516511	217.481155	-353.380044	-246.010725	226.731521	-355.861189	-238.572761	44.712448	0.000000	-420.000000	0	12.126362	0.405433	0.023091	222.106338	-354.620617	-242.291743	177.393890	354.620617	177.708257	355.861189	181.427239	200.989275	0	0	1	0	0
hl	5	65.500000	54	3	1	8.000000	35.000000	0.268178	3.258300	1046.251139	-420.000000	0.000000	33.000000	1093.265352	0.000000	0.000000	0.000000	0	4.095117	434.463762	217.495891	-353.421685	-246.014782	226.528821	-355.784004	-238.568137	44.712448	0.000000	-420.000000	0	11.942650	0.183712	0.052750	222.012356	-354.602844	-242.291459	177.299908	354.602844	177.708541	355.784004	181.431863	200.985218	0	0	1	0	0
hl	5	65.500000	54	3	1	8.000000	35.000000	0.268178	3.258300	1093.361164	-420.000000	0.000000	34.000000	1140.504981	0.000000	0.000000	0.000000	0	4.137246	434.496379	217.525649	-353.423765	-245.975172	226.526667	-355.808070	-238.527980	44.712448	0.000000	-420.000000	0	11.923251	0.019399	0.032617	222.026158	-354.615918	-242.251576	177.313710	354.615918	177.748424	355.808070	181.472020	201.024828	0	0	1	0	0
hl	5	65.500000	54	3	1	8.000000	35.000000	0.268178	3.258300	1140.600365	-420.000000	0.000000	35.000000	1187.623561	0.000000	0.000000	0.000000	0	4.309162	434.565027	217.637047	-353.479345	-245.697200	226.357895	-355.752178	-238.412677	44.712448	0.000000	-420.000000	0	11.588064	0.335186	0.068649	221.997471	-354.615762	-242.054938	177.285023	354.615762	177.945062	355.752178	181.587323	201.302800	0	0	1	0	0
hl	5	65.500000	54	3	1	8.000000	35.000000	0.268178	3.258300	1187.718946	-420.000000	0.000000	36.000000	1234.441446	0.000000	0.000000	0.000000	0	3.980014	434.184925	216.732257	-353.729917	-245.843256	225.744536	-355.447644	-238.505593	44.712448	0.000000	-420.000000	0	11.747895	0.159831	0.380102	221.238397	-354.588781	-242.174425	176.525948	354.588781	177.825575	355.447644	181.494407	201.156744	0	0	1	0	0
hl	5	65.500000	54	3	1	8.000000	35.000000	0.268178	3.258300	1234.535974	-420.000000	0.000000	37.000000	1282.092125	0.000000	0.000000	0.000000	0	3.927863	430.879019	213.614952	-352.746020	-247.181205	222.795863	-352.648728	-239.766480	44.712448	0.000000	-420.000000	0	11.801557	0.053661	3.305906	218.205407	-352.697374	-243.473843	173.492959	352.697374	176.526157	352.648728	180.233520	199.818795	0	0	1	0	0
hl	5	65.500000	54	3	1	8.000000	35.000000	0.268178	3.258300	1282.191787	-420.000000	0.000000	38.000000	1329.429704	1317.833022	0.000000	0.000000	0	14.651315	418.645687	209.675700	-343.950272	-251.347814	215.845438	-340.379245	-242.546315	44.712448	0.000000	-420.000000	0	11.326265	0.475292	12.233332	212.760569	-342.164758	-246.947064	168.048121	342.164758	173.052936	340.379245	177.453685	195.652186	0	0	1	0	0
hl	5	65.500000	54	3	1	8.000000	35.000000	0.268178	3.258300	1329.789855	-420.000000	0.000000	39.000000	1375.789059	1317.833022	0.000000	0.000000	1	14.651315	418.645687	209.675700	-343.950272	-251.347814	215.845438	-340.379245	-242.546315	44.712448	0.000000	-420.000000	0	11.326265	0.000000	0.000000	212.760569	-342.164758	-246.947064	168.048121	342.164758	173.052936	340.379245	177.453685	195.652186	0	0	1	0	1
hl	5	65.500000	54	3	1	8.000000	35.000000	0.268178	3.258300	1375.889149	-420.000000	0.000000	40.000000	1422.969233	1317.833022	0.000000	0.000000	1	14.651315	418.645687	209.675700	-343.950272	-251.347814	215.845438	-340.379245	-242.546315	44.712448	0.000000	-420.000000	0	11.326265	0.000000	0.000000	212.760569	-342.164758	-246.947064	168.048121	342.164758	173.052936	340.379245	177.453685	195.652186	0	0	1	0	2
hl	5	65.500000	54	3	1	8.000000	35.000000	0.268178	3.258300	1423.064190	-420.000000	0.000000	41.000000	1470.096796	1317.833022	0.000000	0.000000	1	14.651315	418.645687	209.675700	-343.950272	-251.347814	215.845438	-340.379245	-242.546315	44.712448	0.000000	-420.000000	0	11.326265	0.000000	0.000000	212.760569	-342.164758	-246.947064	168.048121	342.164758	173.052936	340.379245	177.453685	195.652186	0	0	1	0	3
hl	5	65.500000	54	3	1	8.000000	35.000000	0.268178	3.258300	1470.209717	-420.000000	0.000000	42.000000	1517.016053	1317.833022	0.000000	0.000000	1	14.651315	418.645687	209.675700	-343.950272	-251.347814	215.845438	-340.379245	-242.546315	44.712448	0.000000	-420.000000	0	11.326265	0.000000	0.000000	212.760569	-342.164758	-246.947064	168.048121	342.164758	173.052936	340.379245	177.453685	195.652186	0	0	1	0	4
hl	5	65.500000	54	3	1	8.000000	35.000000	0.268178	3.258300	1517.115714	-420.000000	0.000000	43.000000	1564.463987	1317.833022	0.000000	0.000000	1	14.651315	418.645687	209.675700	-343.950272	-251.347814	215.845438	-340.379245	-242.546315	44.712448	0.000000	-420.000000	0	11.326265	0.000000	0.000000	212.760569	-342.164758	-246.947064	168.048121	342.164758	173.052936	340.379245	177.453685	195.652186	0	0	1	0	5
hl	5	65.500000	54	3	1	8.000000	35.000000	0.268178	3.258300	1564.562366	-420.000000	0.000000	44.000000	1611.411474	1317.833022	0.000000	0.000000	0	200.234751	238.094920	183.422828	-173.312579	-340.110861	143.492125	-171.632765	-273.244159	44.712448	0.000000	-420.000000	0	77.900184	66.573919	180.550767	163.457477	-172.472672	-306.677510	118.745029	172.472672	113.322490	171.632765	146.755841	106.889139	0	0	0	0	5
hl	5	65.500000	54	3	1	8.000000	35.000000	0.268178	3.258300	1611.507714	-420.000000	0.000000	45.000000	1658.675056	1317.833022	0.000000	0.000000	0	231.966590	207.520128	172.799936	-143.582813	-352.008481	129.426336	-145.435686	-279.563366	44.712448	0.000000	-420.000000	0	84.457071	6.556887	30.574793	151.113136	-144.509250	-315.785924	106.400688	144.509250	104.214076	145.435686	140.436634	94.991519	0	0	0	0	5
hl	5	65.500000	54	3	1	8.000000	35.000000	0.268178	3.258300	1658.771296	-420.000000	0.000000	46.000000	1705.292761	1317.833022	0.000000	0.000000	0	259.810932	179.870830	160.485490	-120.003233	-364.522892	114.908306	-122.853769	-286.135861	44.712448	0.000000	-420.000000	0	90.718972	6.261901	27.649297	137.696898	-121.428501	-325.329376	92.984449	121.428501	94.670624	122.853769	133.864139	82.477108	0	0	0	0	5
hl	5	65.500000	54	3	1	8.000000	35.000000	0.268178	3.258300	1705.387718	-420.000000	0.000000	47.000000	1752.368569	1317.833022	0.000000	0.000000	0	283.064755	155.886610	147.293022	-101.396974	-375.741346	99.717790	-106.119186	-293.067934	44.712448	0.000000	-420.000000	0	95.501807	4.782835	23.984221	123.505406	-103.758080	-334.404640	78.792958	103.758080	85.595360	106.119186	126.932066	71.258654	0	0	0	0	5
hl	5	65.500000	54	3	1	8.000000	35.000000	0.268178	3.258300	1752.464808	-420.000000	0.000000	48.000000	1799.285687	1317.833022	0.000000	0.000000	0	303.766374	134.024583	135.071532	-85.540580	-387.412298	86.036902	-92.657323	-301.739075	44.712448	0.000000	-420.000000	0	98.969409	3.467603	21.862027	110.554217	-89.098952	-344.575687	65.841769	89.098952	75.424313	92.657323	118.260925	59.587702	0	0	0	0	5
hl	5	65.500000	54	3	1	8.000000	35.000000	0.268178	3.258300	1799.437532	-420.000000	0.000000	49.000000	1846.038556	1317.833022	0.000000	0.000000	0	322.332606	114.456061	125.522587	-72.162736	-398.838774	74.141009	-80.068343	-310.494141	44.712448	0.000000	-420.000000	0	102.505314	3.535904	19.568522	99.831798	-76.115540	-354.666457	55.119350	76.115540	65.333543	80.068343	109.505859	48.161226	0	0	0	0	5
hl	5	65.500000	54	3	1	8.000000	35.000000	0.268178	3.258300	1846.139501	-420.000000	0.000000	50.000000	1893.544234	1317.833022	0.000000	0.000000	0	339.551266	96.282878	118.277234	-60.277955	-410.714584	64.801023	-67.806264	-320.175143	44.712448	0.000000	-420.000000	0	105.421871	2.916557	18.173183	91.539129	-64.042109	-365.444864	46.826680	64.042109	54.555136	67.806264	99.824857	36.285416	0	0	0	0	5
hl	5	65.500000	54	3	1	8.000000	35.000000	0.268178	3.258300	1893.640474	-420.000000	0.000000	51.000000	1940.644849	1317.833022	0.000000	0.000000	0	355.677163	79.517439	114.336216	-48.693515	-422.099468	57.155290	-55.933600	-330.663320	44.712448	0.000000	-420.000000	0	108.086291	2.664419	16.765439	85.745753	-52.313557	-376.381394	41.033305	52.313557	43.618606	55.933600	89.336680	24.900532	0	0	0	0	5
hl	5	65.500000	54	3	1	8.000000	35.000000	0.268178	3.258300	1940.739806	-420.000000	0.000000	52.000000	1987.948638	1317.833022	0.000000	0.000000	0	370.028923	64.789565	111.594184	-39.119773	-433.028599	51.702220	-44.967875	-341.679604	44.712448	0.000000	-420.000000	0	109.388694	1.302404	14.727874	81.648202	-42.043824	-387.354102	36.935754	42.043824	32.645898	44.967875	78.320396	13.971401	0	0	0	0	5
hl	5	65.500000	54	3	1	8.000000	35.000000	0.268178	3.258300	1988.044022	-420.000000	0.000000	53.000000	2034.904680	1317.833022	0.000000	0.000000	0	382.178887	52.561912	109.185255	-31.020041	-443.211162	46.504652	-36.718626	-351.275765	44.712448	0.000000	-420.000000	0	111.415659	2.026965	12.227653	77.844954	-33.869333	-397.243463	33.132506	33.869333	22.756537	36.718626	68.724235	3.788838	0	0	0	0	5
hl	5	65.500000	54	3	1	8.000000	35.000000	0.268178	3.258300	2035.000064	-420.000000	0.000000	54.000000	2081.743095	1317.833022	0.000000	0.000000	0	392.717304	42.991201	107.674813	-24.178501	-451.175880	43.387985	-28.928702	-361.014633	44.712448	0.000000	-420.000000	0	110.835062	0.580597	9.570711	75.531399	-26.553601	-406.095256	30.818951	26.553601	13.904744	28.928702	58.985367	4.175880	0	0	0	0	5
hl	5	65.500000	54	3	1	8.000000	35.000000	0.268178	3.258300	2081.843185	-420.000000	0.000000	55.000000	2129.006677	1317.833022	0.000000	0.000000	0	401.197214	35.431015	103.963891	-20.002524	-458.878443	39.994970	-23.498099	-368.664843	44.712448	0.000000	-420.000000	0	110.646896	0.188166	7.560186	71.979431	-21.750311	-413.771643	27.266983	21.750311	6.228357	23.498099	51.335157	11.878443	0	0	0	0	5
hl	5	65.500000	54	3	1	8.000000	35.000000	0.268178	3.258300	2129.107194	-420.000000	0.000000	56.000000	2176.241600	1317.833022	0.000000	0.000000	0	409.451060	30.783497	101.924540	-15.694003	-466.150235	39.469590	-17.137012	-377.287496	44.712448	0.000000	-420.000000	0	108.624535	2.022361	4.647518	70.697065	-16.415507	-421.718865	25.984617	16.415507	1.718865	17.137012	42.712504	19.150235	0	0	0	0	5
hl	5	65.500000	54	3	1	8.000000	35.000000	0.268178	3.258300	2176.337412	-420.000000	0.000000	57.000000	2223.084721	1317.833022	0.000000	0.000000	0	416.307237	28.695089	98.834522	-13.802472	-472.905146	38.898586	-11.565420	-384.883027	44.712448	0.000000	-420.000000	0	106.513916	2.110619	2.088409	68.866554	-12.683946	-428.894087	24.154106	12.683946	8.894087	11.565420	35.116973	25.905146	0	0	0	0	5
hl	5	65.500000	54	3	1	8.000000	35.000000	0.268178	3.258300	2223.179678	-420.000000	0.000000	58.000000	2270.275588	1317.833022	0.000000	0.000000	0	423.590236	28.179268	95.336971	-9.576481	-478.025257	38.710648	-6.492809	-392.419366	44.712448	0.000000	-420.000000	0	102.686017	3.827898	0.515821	67.023809	-8.034645	-435.222312	22.311361	8.034645	15.222312	6.492809	27.580634	31.025257	0	1	0	0	5
hl	5	65.500000	54	3	1	8.000000	35.000000	0.268178	3.258300	2270.375677	-420.000000	0.000000	59.000000	2316.809030	1317.833022	0.000000	0.000000	0	429.651964	28.543233	90.281133	-7.505720	-481.813855	38.124517	-1.835836	-398.832187	44.712448	0.000000	-420.000000	0	98.175443	4.510575	0.363965	64.202825	-4.670778	-440.323021	19.490377	4.670778	20.323021	1.835836	21.167813	34.813855	0	1	0	0	5
hl	5	65.500000	54	3	1	8.000000	35.000000	0.268178	3.258300	2316.908692	-420.000000	0.000000	60.000000	2364.065340	1317.833022	0.000000	0.000000	0	434.721828	29.812765	85.862371	-5.178299	-485.249638	37.060588	1.094432	-403.907312	44.712448	0.000000	-420.000000	0	95.065952	3.109490	1.269532	61.461480	-2.041933	-444.578475	16.749031	2.041933	24.578475	1.094432	16.092688	38.249638	0	1	0	0	5
hl	5	65.500000	54	3	1	8.000000	35.000000	0.268178	3.258300	2364.164147	-420.000000	0.000000	61.000000	2411.329777	1317.833022	2399.362679	0.000000	0	438.625966	30.242633	79.651545	-3.876197	-486.005773	37.232527	4.019336	-407.887089	44.712448	0.000000	-420.000000	0	89.242598	5.823354	0.429867	58.442036	0.071570	-446.946431	13.729588	0.071570	26.946431	4.019336	12.112911	39.005773	0	1	0	1	5
hl	5	65.500000	54	3	1	8.000000	35.000000	0.268178	3.258300	2411.426017	-420.000000	0.000000	62.000000	2458.340569	1317.833022	2399.362679	0.000000	0	440.969107	31.389410	75.497945	-3.818335	-486.931620	37.153154	5.312425	-411.373537	44.712448	0.000000	-420.000000	0	85.221579	4.021019	1.146777	56.325549	0.747045	-449.152579	11.613101	0.747045	29.152579	5.312425	8.626463	39.931620	0	1	0	1	5
hl	5	65.500000	54	3	1	8.000000	35.000000	0.268178	3.258300	2458.437664	-420.000000	0.000000	63.000000	2505.301316	1317.833022	2399.362679	0.000000	0	442.976744	33.418568	71.878695	-3.617558	-488.110007	38.404879	6.047441	-415.342446	44.712448	0.000000	-420.000000	0	80.678538	4.543041	2.029158	55.141787	1.214942	-451.726227	10.429339	1.214942	31.726227	6.047441	4.657554	41.110007	0	1	0	1	5
hl	5	65.500000	54	3	1	8.000000	35.000000	0.268178	3.258300	2505.396700	-420.000000	0.000000	64.000000	2551.949818	1317.833022	2399.362679	0.000000	0	443.968849	34.048760	66.739214	-4.579911	-487.453660	39.127012	5.898537	-418.616123	44.712448	0.000000	-420.000000	0	74.905528	5.773010	0.630193	52.933113	0.659313	-453.034892	8.220665	0.659313	33.034892	5.898537	1.383877	40.453660	0	1	0	1	5
hl	5	65.500000	54	3	1	8.000000	35.000000	0.268178	3.258300	2552.045203	-420.000000	0.000000	65.000000	2599.065832	1317.833022	2399.362679	0.000000	0	446.137388	34.254884	61.504552	-2.912834	-487.098332	39.482717	6.550540	-420.330644	44.712448	0.000000	-420.000000	0	70.939699	3.965829	0.206123	50.493634	1.818853	-453.714488	5.781186	1.818853	33.714488	6.550540	0.330644	40.098332	0	1	0	1	5
hl	5	65.500000	54	3	1	8.000000	35.000000	0.268178	3.258300	2599.167633	-420.000000	0.000000	66.000000	2646.231891	1317.833022	2399.362679	0.000000	0	445.780843	32.776409	54.603216	-6.402771	-483.582415	39.267945	6.891822	-421.817613	44.712448	0.000000	-420.000000	0	65.013903	5.925796	1.478474	46.935580	0.244526	-452.700014	2.223132	0.244526	32.700014	6.891822	1.817613	36.582415	0	1	0	1	5
hl	5	65.500000	54	3	1	8.000000	35.000000	0.268178	3.258300	2646.327275	-420.000000	0.000000	67.000000	2693.126767	1317.833022	2399.362679	0.000000	0	444.145297	26.523657	44.245066	-8.592386	-471.180691	39.946313	7.417557	-421.594754	44.712448	0.000000	-420.000000	0	52.283484	12.730418	6.252753	42.095689	-0.587415	-446.387722	2.616759	0.587415	26.387722	7.417557	1.594754	24.180691	0	1	0	1	5
hl	5	65.500000	54	3	1	8.000000	35.000000	0.268178	3.258300	2693.222151	-420.000000	0.000000	68.000000	2740.432694	1317.833022	2399.362679	0.000000	0	443.731973	24.316004	41.231922	-7.626762	-466.380244	40.017085	6.652014	-421.549673	44.712448	0.000000	-420.000000	0	47.065267	5.218217	2.207653	40.624503	-0.487374	-443.964958	4.087945	0.487374	23.964958	6.652014	1.549673	19.380244	0	1	0	1	5
hl	5	65.500000	54	3	1	8.000000	35.000000	0.268178	3.258300	2740.527651	-420.000000	0.000000	69.000000	2787.632116	1317.833022	2399.362679	0.000000	0	442.024143	21.360536	38.990073	-8.748053	-460.105113	40.091120	6.035639	-421.255987	44.712448	0.000000	-420.000000	0	41.581540	5.483728	2.955468	39.540596	-1.356207	-440.680550	5.171852	1.356207	20.680550	6.035639	1.255987	13.105113	0	1	0	1	5
hl	5	65.500000	54	3	1	8.000000	35.000000	0.268178	3.258300	2787.782250	-420.000000	0.000000	70.000000	2834.232284	1317.833022	2399.362679	0.000000	0	441.311493	20.403530	38.790419	-8.267344	-458.242559	41.661543	5.384581	-421.461247	44.712448	0.000000	-420.000000	0	39.338065	2.243475	0.957007	40.225981	-1.441382	-439.851903	4.486467	1.441382	19.851903	5.384581	1.461247	11.242559	0	1	0	1	5
hl	5	65.500000	54	3	1	8.000000	35.000000	0.268178	3.258300	2834.332802	-420.000000	0.000000	71.000000	2881.080110	1317.833022	2399.362679	0.000000	0	440.387249	20.404819	39.340152	-8.120712	-458.070806	42.558523	3.583908	-421.781420	44.712448	0.000000	-420.000000	0	38.265854	1.072210	0.001289	40.949338	-2.268402	-439.926113	3.763111	2.268402	19.926113	3.583908	1.781420	11.070806	0	1	0	1	5
hl	5	65.500000	54	3	1	8.000000	35.000000	0.268178	3.258300	2881.181055	-420.000000	0.000000	72.000000	2928.303485	1317.833022	2399.362679	0.000000	0	439.427971	20.123499	40.179623	-7.731267	-457.586527	43.519473	1.952608	-421.829753	44.712448	0.000000	-420.000000	0	37.195146	1.070709	0.281320	41.849548	-2.889330	-439.708140	2.862900	2.889330	19.708140	1.952608	1.829753	10.586527	0	1	0	1	5
hl	5	65.500000	54	3	1	8.000000	35.000000	0.268178	3.258300	2928.399725	-420.000000	0.000000	73.000000	2975.537125	1317.833022	2399.362679	0.000000	0	438.646965	20.143576	40.722328	-8.171398	-457.415447	43.870046	0.938218	-421.921335	44.712448	0.000000	-420.000000	0	36.779413	0.415733	0.020077	42.296187	-3.616590	-439.668391	2.416261	3.616590	19.668391	0.938218	1.921335	10.415447	0	1	0	1	5
hl	5	65.500000	54	3	1	8.000000	35.000000	0.268178	3.258300	2975.638070	-420.000000	0.000000	74.000000	3022.640307	1317.833022	2399.362679	0.000000	0	437.819509	19.980624	41.684604	-8.371699	-456.804798	44.091129	-0.080810	-422.081447	44.712448	0.000000	-420.000000	0	35.780459	0.998954	0.162952	42.887866	-4.226254	-439.443123	1.824582	4.226254	19.443123	0.080810	2.081447	9.804798	0	1	0	1	5
hl	5	65.500000	54	3	1	8.000000	35.000000	0.268178	3.258300	3022.736119	-420.000000	0.000000	75.000000	3069.439371	1317.833022	2399.362679	0.000000	0	437.645124	20.134300	41.751108	-8.493455	-456.855683	44.310853	-0.386212	-422.277454	44.712448	0.000000	-420.000000	0	35.608055	0.172404	0.153676	43.030981	-4.439834	-439.566568	1.681467	4.439834	19.566568	0.386212	2.277454	9.855683	0	1	0	1	5
hl	5	65.500000	54	3	1	8.000000	35.000000	0.268178	3.258300	3069.533900	-420.000000	0.000000	76.000000	3116.483098	1317.833022	2399.362679	0.000000	0	437.715628	20.123808	41.723585	-8.206639	-456.649154	44.416421	-0.473711	-422.513731	44.712448	0.000000	-420.000000	0	35.103799	0.504256	0.010493	43.070003	-4.340175	-439.581443	1.642445	4.340175	19.581443	0.473711	2.513731	9.649154	0	1	0	1	5
hl	5	65.500000	54	3	1	8.000000	35.000000	0.268178	3.258300	3116.578910	-420.000000	0.000000	77.000000	3163.855324	1317.833022	2399.362679	0.000000	0	437.993153	20.300417	41.419972	-7.834175	-456.776179	44.704561	-0.411581	-422.841278	44.712448	0.000000	-420.000000	0	34.892133	0.211666	0.176609	43.062266	-4.122878	-439.808728	1.650182	4.122878	19.808728	0.411581	2.841278	9.776179	0	1	0	1	5
hl	5	65.500000	54	3	1	8.000000	35.000000	0.268178	3.258300	3163.950708	-420.000000	0.000000	78.000000	3210.737368	1317.833022	2399.362679	0.000000	0	437.910796	20.227817	41.677324	-7.900996	-456.591394	44.512667	-0.428493	-422.865079	44.712448	0.000000	-420.000000	0	34.660378	0.231755	0.072600	43.094995	-4.164745	-439.728237	1.617453	4.164745	19.728237	0.428493	2.865079	9.591394	0	1	0	1	5
hl	5	65.500000	54	3	1	8.000000	35.000000	0.268178	3.258300	3210.833180	-420.000000	0.000000	79.000000	3258.043723	1317.833022	2399.362679	0.000000	0	437.980693	20.262401	41.545608	-7.760574	-456.567505	44.589993	-0.469921	-422.976130	44.712448	0.000000	-420.000000	0	34.508004	0.152374	0.034584	43.067800	-4.115248	-439.771817	1.644648	4.115248	19.771817	0.469921	2.976130	9.567505	0	1	0	1	5
hl	5	65.500000	54	3	1	8.000000	35.000000	0.268178	3.258300	3258.146379	-420.000000	0.000000	80.000000	3304.855191	1317.833022	2399.362679	0.000000	0	438.075995	20.345939	41.171891	-7.581263	-456.724314	44.658254	-0.646036	-422.964705	44.712448	0.000000	-420.000000	0	34.640487	0.132482	0.083538	42.915072	-4.113650	-439.844509	1.797376	4.113650	19.844509	0.646036	2.964705	9.724314	0	1	0	1	5
hl	5	65.500000	54	3	1	8.000000	35.000000	0.268178	3.258300	3304.955281	-420.000000	0.000000	81.000000	3351.964361	1317.833022	2399.362679	0.000000	0	437.765331	20.347450	41.441999	-7.949321	-456.625369	44.668981	-0.858613	-422.966464	44.712448	0.000000	-420.000000	0	34.548711	0.091776	0.001511	43.055490	-4.403967	-439.795916	1.656958	4.403967	19.795916	0.858613	2.966464	9.625369	0	1	0	1	5
hl	5	65.500000	54	3	1	8.000000	35.000000	0.268178	3.258300	3352.060173	-420.000000	0.000000	82.000000	3399.186881	1317.833022	2399.362679	0.000000	0	437.842221	20.248737	41.450719	-7.815905	-456.533698	44.634701	-0.731109	-422.910464	44.712448	0.000000	-420.000000	0	34.508751	0.039959	0.098713	43.042710	-4.273507	-439.722081	1.669738	4.273507	19.722081	0.731109	2.910464	9.533698	0	1	0	1	5
hl	5	65.500000	54	3	1	8.000000	35.000000	0.268178	3.258300	3399.287398	-420.000000	0.000000	83.000000	3446.011609	1317.833022	2399.362679	0.000000	0	437.810680	20.261609	41.342747	-7.853733	-456.571424	44.628727	-0.823332	-422.860969	44.712448	0.000000	-420.000000	0	34.592181	0.083429	0.012872	42.985737	-4.338533	-439.716197	1.726711	4.338533	19.716197	0.823332	2.860969	9.571424	0	1	0	1	5
hl	5	65.500000	54	3	1	8.000000	35.000000	0.268178	3.258300	3446.108276	-420.000000	0.000000	84.000000	3493.426608	1317.833022	2399.362679	0.000000	0	437.873182	20.235623	41.270019	-7.803944	-456.551659	44.569485	-0.761240	-422.840019	44.712448	0.000000	-420.000000	0	34.597122	0.004941	0.025987	42.919752	-4.282592	-439.695839	1.792696	4.282592	19.695839	0.761240	2.840019	9.551659	0	1	0	1	5
hl	5	65.500000	54	3	1	8.000000	35.000000	0.268178	3.258300	3493.522420	-420.000000	0.000000	85.000000	3540.137559	1317.833022	2399.362679	0.000000	0	437.896590	20.270203	41.263890	-7.854840	-456.605803	44.546745	-0.704924	-422.855470	44.712448	0.000000	-420.000000	0	34.655208	0.058086	0.034580	42.905317	-4.279882	-439.730636	1.807131	4.279882	19.730636	0.704924	2.855470	9.605803	0	1	0	1	5
hl	5	65.500000	54	3	1	8.000000	35.000000	0.268178	3.258300	3540.233799	-420.000000	0.000000	86.000000	3587.315594	1317.833022	2399.362679	0.000000	0	437.908573	20.296960	41.070752	-7.727996	-456.619228	44.675590	-0.858323	-422.885324	44.712448	0.000000	-420.000000	0	34.614499	0.040709	0.026757	42.873171	-4.293159	-439.752276	1.839277	4.293159	19.752276	0.858323	2.885324	9.619228	0	1	0	1	5
hl	5	65.500000	54	3	1	8.000000	35.000000	0.268178	3.258300	3587.412689	-420.000000	0.000000	87.000000	3634.451283	1317.833022	2399.362679	0.000000	0	437.703376	20.364664	41.105619	-7.787314	-456.589662	44.777463	-1.268716	-422.961850	44.712448	0.000000	-420.000000	0	34.450026	0.164472	0.067705	42.941541	-4.528015	-439.775756	1.770907	4.528015	19.775756	1.268716	2.961850	9.589662	0	1	0	1	5
hl	5	65.500000	54	3	1	8.000000	35.000000	0.268178	3.258300	3634.547095	-420.000000	0.000000	88.000000	3681.247353	1317.833022	2399.362679	0.000000	0	437.561424	20.406216	41.170370	-7.924757	-456.595524	44.870612	-1.423605	-422.987451	44.712448	0.000000	-420.000000	0	34.430501	0.019526	0.041552	43.020491	-4.674181	-439.791488	1.691957	4.674181	19.791488	1.423605	2.987451	9.595524	0	1	0	1	5
hl	5	65.500000	54	3	1	8.000000	35.000000	0.268178	3.258300	3681.344449	-420.000000	0.000000	89.000000	3728.276538	1317.833022	2399.362679	0.000000	0	437.491171	20.300747	41.318720	-7.851440	-456.477709	44.869978	-1.485680	-422.902826	44.712448	0.000000	-420.000000	0	34.357053	0.073448	0.105470	43.094349	-4.668560	-439.690267	1.618099	4.668560	19.690267	1.485680	2.902826	9.477709	0	1	0	1	5
hl	5	65.500000	54	3	1	8.000000	35.000000	0.268178	3.258300	3728.373205	-420.000000	0.000000	90.000000	3775.742437	1317.833022	2399.362679	0.000000	0	437.586376	20.357995	41.204091	-7.936411	-456.597157	44.756022	-1.340909	-422.896114	44.712448	0.000000	-420.000000	0	34.523574	0.166521	0.057248	42.980056	-4.638660	-439.746636	1.732392	4.638660	19.746636	1.340909	2.896114	9.597157	0	1	0	1	5
hl	5	65.500000	54	3	1	8.000000	35.000000	0.268178	3.258300	3775.951598	-420.000000	0.000000	91.000000	3822.883259	1317.833022	2399.362679	0.000000	0	437.789061	20.340588	41.140671	-7.629593	-456.492207	44.700972	-1.228509	-423.050839	44.712448	0.000000	-420.000000	0	34.234116	0.289458	0.017407	42.920822	-4.429051	-439.771523	1.791627	4.429051	19.771523	1.228509	3.050839	9.492207	0	1	0	1	5
hl	5	65.500000	54	3	1	8.000000	35.000000	0.268178	3.258300	3822.982065	-420.000000	0.000000	92.000000	3869.842723	1317.833022	2399.362679	0.000000	0	438.016271	20.249827	41.196182	-7.489718	-456.419715	44.513341	-0.822981	-423.043142	44.712448	0.000000	-420.000000	0	34.197143	0.036973	0.090761	42.854762	-4.156349	-439.731429	1.857687	4.156349	19.731429	0.822981	3.043142	9.419715	0	1	0	1	5
hl	5	65.500000	54	3	1	8.000000	35.000000	0.268178	3.258300	3869.939390	-420.000000	0.000000	93.000000	3916.722628	1317.833022	2399.362679	0.000000	0	437.978392	20.184893	41.338991	-7.507511	-456.339265	44.437211	-0.796862	-422.998300	44.712448	0.000000	-420.000000	0	34.150428	0.046715	0.064935	42.888101	-4.152186	-439.668782	1.824347	4.152186	19.668782	0.796862	2.998300	9.339265	0	1	0	1	5
hl	5	65.500000	54	3	1	8.000000	35.000000	0.268178	3.258300	3916.818868	-420.000000	0.000000	94.000000	3963.966962	1317.833022	2399.362679	0.000000	0	437.830752	20.187944	41.332813	-7.563661	-456.318008	44.507674	-1.047448	-422.965744	44.712448	0.000000	-420.000000	0	34.130840	0.019587	0.003052	42.920244	-4.305554	-439.641876	1.792205	4.305554	19.641876	1.047448	2.965744	9.318008	0	1	0	1	5
hl	5	65.500000	54	3	1	8.000000	35.000000	0.268178	3.258300	3964.064057	-420.000000	0.000000	95.000000	4010.981603	1317.833022	2399.362679	0.000000	0	437.672612	20.354088	41.107978	-7.747435	-456.443638	44.732736	-1.383326	-423.065075	44.712448	0.000000	-420.000000	0	34.172639	0.041798	0.166144	42.920357	-4.565381	-439.754357	1.792091	4.565381	19.754357	1.383326	3.065075	9.443638	0	1	0	1	5
hl	5	65.500000	54	3	1	8.000000	35.000000	0.268178	3.258300	4011.076560	-420.000000	0.000000	96.000000	4058.016348	1317.833022	2399.362679	0.000000	0	437.542700	20.443084	41.026033	-8.149684	-456.562500	44.723206	-1.395260	-423.023638	44.712448	0.000000	-420.000000	0	34.411432	0.238793	0.088996	42.874619	-4.772472	-439.793069	1.837829	4.772472	19.793069	1.395260	3.023638	9.562500	0	1	0	1	5
hl	5	65.500000	54	3	1	8.000000	35.000000	0.268178	3.258300	4058.111305	-420.000000	0.000000	97.000000	4104.936033	1317.833022	2399.362679	0.000000	0	437.607102	20.277838	41.117235	-7.981275	-456.389541	44.499646	-1.307791	-422.903909	44.712448	0.000000	-420.000000	0	34.311276	0.100155	0.165246	42.808441	-4.644533	-439.646725	1.904008	4.644533	19.646725	1.307791	2.903909	9.389541	0	1	0	1	5
hl	5	65.500000	54	3	1	8.000000	35.000000	0.268178	3.258300	4105.031845	-420.000000	0.000000	98.000000	4151.969066	1317.833022	2399.362679	0.000000	0	437.687235	20.231687	41.262882	-7.808041	-456.265440	44.591191	-1.161118	-423.029445	44.712448	0.000000	-420.000000	0	34.057167	0.254109	0.046152	42.927037	-4.484579	-439.647443	1.785411	4.484579	19.647443	1.161118	3.029445	9.265440	0	1	0	1	5
hl	5	65.500000	54	3	1	8.000000	35.000000	0.268178	3.258300	4152.064451	-420.000000	0.000000	99.000000	4187.657352	1317.833022	2399.362679	4187.653502	0	437.790874	20.235376	  41.210328   -7.771402 -456.310730	  44.473136   -1.040270 -423.011502	44.712448	0.000000	-420.000000	0	34.129058	0.071891	0.003690	5
