subjName	sessionNR	IOD	trialN	textureType	texnum	visualAngle	simulatedDepth	light_intensity	ambient_intensity	time	displayDistance	isRotated	frameN	timTote	startTime	touchTime	endTime	fingersOccluded	distanceToHome	distanceToObject	indexXraw	indexYraw	indexZraw	thumbXraw	thumbYraw	thumbZraw	targetX	targetY	targetZ	failCause	gripAperture	gripApertureVel	distFromObjVel	gripOriginX	gripOriginY	gripOriginZ	distFromObjX	distFromObjY	distFromObjZ	y_dist_thm	z_dist_thm	z_dist_ind	handOnObj	handnearObj	handfarObj	handTouchObj	framesOccluded
hl	5	65.500000	84	1	3	8.000000	55.000000	0.772106	1.719596	886.711636	-420.000000	0.000000	30.000000	933.984200	0.000000	0.000000	0.000000	0	8.024560	436.588943	218.103223	-354.658391	-241.057286	225.580127	-355.785149	-235.335036	44.712448	0.000000	-420.000000	0	9.482501	0.050481	0.116960	221.841675	-355.221770	-238.196161	177.129227	355.221770	181.803839	355.785149	184.664964	225.942714	0	0	1	0	0
hl	5	65.500000	84	1	3	8.000000	55.000000	0.772106	1.719596	934.263937	-420.000000	0.000000	31.000000	981.104491	0.000000	0.000000	0.000000	0	7.884505	436.229194	217.541029	-354.549203	-241.244162	225.297793	-355.497577	-235.278459	44.712448	0.000000	-420.000000	0	9.831400	0.348899	0.359749	221.419411	-355.023390	-238.261311	176.706963	355.023390	181.738689	355.497577	184.721541	225.755838	0	0	1	0	0
hl	5	65.500000	84	1	3	8.000000	55.000000	0.772106	1.719596	981.209713	-420.000000	0.000000	32.000000	1028.159767	0.000000	0.000000	0.000000	0	8.038214	435.870387	218.012951	-354.262013	-241.174744	225.259368	-354.549436	-235.080414	44.712448	0.000000	-420.000000	0	9.472805	0.358595	0.358807	221.636159	-354.405724	-238.127579	176.923711	354.405724	181.872421	354.549436	184.919586	225.825256	0	0	1	0	0
hl	5	65.500000	84	1	3	8.000000	55.000000	0.772106	1.719596	1028.259856	-420.000000	0.000000	33.000000	1075.608129	0.000000	0.000000	0.000000	0	8.008485	433.708017	218.480939	-353.796826	-242.647400	224.696160	-350.212413	-234.529023	44.712448	0.000000	-420.000000	0	10.834437	1.361632	2.162370	221.588550	-352.004619	-238.588212	176.876101	352.004619	181.411788	350.212413	185.470977	224.352600	0	0	1	0	0
hl	5	65.500000	84	1	3	8.000000	55.000000	0.772106	1.719596	1075.708218	-420.000000	0.000000	34.000000	1123.074883	0.000000	0.000000	0.000000	0	10.237899	427.826688	221.747651	-348.138101	-249.209253	224.650344	-343.168591	-234.689689	44.712448	0.000000	-420.000000	0	15.618560	4.784123	5.881329	223.198998	-345.653346	-241.949471	178.486550	345.653346	178.050529	343.168591	185.310311	217.790747	0	0	1	0	0
hl	5	65.500000	84	1	3	8.000000	55.000000	0.772106	1.719596	1123.188232	-420.000000	0.000000	35.000000	1169.799522	1158.290097	0.000000	0.000000	0	20.228826	419.001782	221.902387	-337.826126	-249.913534	223.954907	-332.014845	-234.391382	44.712448	0.000000	-420.000000	0	16.700929	1.082370	8.824906	222.928647	-334.920486	-242.152458	178.216199	334.920486	177.847542	332.014845	185.608618	217.086466	0	0	1	0	0
hl	5	65.500000	84	1	3	8.000000	55.000000	0.772106	1.719596	1169.899611	-420.000000	0.000000	36.000000	1217.153783	1158.290097	0.000000	0.000000	0	35.774187	406.024883	219.216643	-322.798605	-248.920010	222.414754	-315.545570	-233.459916	44.712448	0.000000	-420.000000	0	17.373801	0.672872	12.976899	220.815699	-319.172087	-241.189963	176.103250	319.172087	178.810037	315.545570	186.540084	218.079990	0	0	1	0	0
hl	5	65.500000	84	1	3	8.000000	55.000000	0.772106	1.719596	1217.251733	-420.000000	0.000000	37.000000	1264.114102	1158.290097	0.000000	0.000000	0	54.965382	389.408204	214.889599	-303.921739	-248.544414	218.523024	-296.096524	-233.397595	44.712448	0.000000	-420.000000	0	17.431635	0.057834	16.616679	216.706312	-300.009131	-240.971005	171.993864	300.009131	179.028995	296.096524	186.602405	218.455586	0	0	1	0	0
hl	5	65.500000	84	1	3	8.000000	55.000000	0.772106	1.719596	1264.211197	-420.000000	0.000000	38.000000	1311.102224	1158.290097	0.000000	0.000000	0	79.069809	367.870925	208.449694	-280.136221	-250.193290	211.514371	-272.536177	-233.979294	44.712448	0.000000	-420.000000	0	18.167184	0.735549	21.537278	209.982032	-276.336199	-242.086292	165.269584	276.336199	177.913708	272.536177	186.020706	216.806710	0	0	1	0	0
hl	5	65.500000	84	1	3	8.000000	55.000000	0.772106	1.719596	1311.335338	-420.000000	0.000000	39.000000	1358.163488	1158.290097	0.000000	0.000000	0	108.276502	341.306112	199.695340	-251.929801	-254.787198	201.095934	-244.492241	-235.104843	44.712448	0.000000	-420.000000	0	21.087296	2.920112	26.564813	200.395637	-248.211021	-244.946020	155.683189	248.211021	175.053980	244.492241	184.895157	212.212802	0	0	1	0	0
hl	5	65.500000	84	1	3	8.000000	55.000000	0.772106	1.719596	1358.266144	-420.000000	0.000000	40.000000	1405.347939	1158.290097	0.000000	0.000000	0	140.097833	311.413699	190.479913	-221.398840	-265.148096	187.770098	-214.898587	-237.007892	44.712448	0.000000	-420.000000	0	29.008058	7.920762	29.892413	189.125005	-218.148714	-251.077994	144.412557	218.148714	168.922006	214.898587	182.992108	201.851904	0	0	1	0	0
hl	5	65.500000	84	1	3	8.000000	55.000000	0.772106	1.719596	1405.444179	-420.000000	0.000000	41.000000	1452.406209	1158.290097	0.000000	0.000000	0	173.414980	280.113671	179.538028	-189.540822	-277.182589	171.942168	-185.467320	-239.474579	44.712448	0.000000	-420.000000	0	38.680544	9.672486	31.300028	175.740098	-187.504071	-258.328584	131.027650	187.504071	161.671416	185.467320	180.525421	189.817411	0	0	1	0	0
hl	5	65.500000	84	1	3	8.000000	55.000000	0.772106	1.719596	1452.502877	-420.000000	0.000000	42.000000	1499.141541	1158.290097	0.000000	0.000000	0	207.051479	248.989876	168.749099	-157.384229	-289.848680	156.741390	-156.305521	-243.792690	44.712448	0.000000	-420.000000	0	47.607803	8.927259	31.123795	162.745244	-156.844875	-266.820685	118.032796	156.844875	153.179315	156.305521	176.207310	177.151320	0	0	0	0	0
hl	5	65.500000	84	1	3	8.000000	55.000000	0.772106	1.719596	1499.236925	-420.000000	0.000000	43.000000	1545.777639	1158.290097	0.000000	0.000000	0	238.047335	219.313092	156.408086	-129.012784	-303.026811	140.074968	-130.711270	-250.506325	44.712448	0.000000	-420.000000	0	55.027785	7.419981	29.676783	148.241527	-129.862027	-276.766568	103.529079	129.862027	143.233432	130.711270	169.493675	163.973189	0	0	0	0	0
hl	5	65.500000	84	1	3	8.000000	55.000000	0.772106	1.719596	1545.873879	-420.000000	0.000000	44.000000	1593.172107	1158.290097	0.000000	0.000000	0	268.027538	191.043500	143.301858	-102.368059	-317.093695	121.827320	-106.914347	-255.849467	44.712448	0.000000	-420.000000	0	65.059049	10.031265	28.269593	132.564589	-104.641203	-286.471581	87.852141	104.641203	133.528419	106.914347	164.150533	149.906305	0	0	0	0	0
hl	5	65.500000	84	1	3	8.000000	55.000000	0.772106	1.719596	1593.270057	-420.000000	0.000000	45.000000	1639.645239	1158.290097	0.000000	0.000000	0	295.764080	164.204992	129.395284	-78.157216	-331.668918	103.659193	-86.898032	-263.422065	44.712448	0.000000	-420.000000	0	73.460066	8.401016	26.838507	116.527238	-82.527624	-297.545492	71.814790	82.527624	122.454508	86.898032	156.577935	135.331082	0	0	0	0	0
hl	5	65.500000	84	1	3	8.000000	55.000000	0.772106	1.719596	1639.741906	-420.000000	0.000000	46.000000	1686.740721	1158.290097	0.000000	0.000000	0	321.741141	139.101082	117.612400	-56.214626	-346.008632	88.261103	-67.740677	-273.829499	44.712448	0.000000	-420.000000	0	78.766590	5.306524	25.103910	102.936752	-61.977652	-309.919065	58.224303	61.977652	110.080935	67.740677	146.170501	120.991368	0	0	0	0	0
hl	5	65.500000	84	1	3	8.000000	55.000000	0.772106	1.719596	1686.836961	-420.000000	0.000000	47.000000	1733.719005	1158.290097	0.000000	0.000000	0	345.352439	115.375123	108.141642	-37.360407	-362.632519	74.419439	-50.540870	-285.417767	44.712448	0.000000	-420.000000	0	85.282058	6.515468	23.725959	91.280540	-43.950638	-324.025143	46.568092	43.950638	95.974857	50.540870	134.582233	104.367481	0	0	0	0	0
hl	5	65.500000	84	1	3	8.000000	55.000000	0.772106	1.719596	1733.819095	-420.000000	0.000000	48.000000	1781.040759	1158.290097	0.000000	0.000000	0	367.642193	93.399225	100.670182	-19.793254	-378.793488	64.425451	-33.585235	-298.977238	44.712448	0.000000	-420.000000	0	88.738566	3.456508	21.975898	82.547816	-26.689245	-338.885363	37.835368	26.689245	81.114637	33.585235	121.022762	88.206512	0	0	0	0	0
hl	5	65.500000	84	1	3	8.000000	55.000000	0.772106	1.719596	1781.186615	-420.000000	0.000000	49.000000	1828.139235	1158.290097	0.000000	0.000000	0	387.290471	74.376198	95.398551	-4.863565	-393.647816	55.544390	-18.867912	-313.011934	44.712448	0.000000	-420.000000	0	91.030881	2.292315	19.023027	75.471470	-11.865739	-353.329875	30.759022	11.865739	66.670125	18.867912	106.988066	73.352184	0	0	0	0	0
hl	5	65.500000	84	1	3	8.000000	55.000000	0.772106	1.719596	1828.238469	-420.000000	0.000000	50.000000	1875.037961	1158.290097	0.000000	0.000000	0	403.215341	58.046939	92.148654	6.448664	-408.384577	48.438654	-8.006065	-327.414797	44.712448	0.000000	-420.000000	0	93.142946	2.112066	16.329259	70.293654	-0.778701	-367.899687	25.581206	0.778701	52.100313	8.006065	92.585203	58.615423	0	0	0	0	0
hl	5	65.500000	84	1	3	8.000000	55.000000	0.772106	1.719596	1875.132490	-420.000000	0.000000	51.000000	1922.223696	1158.290097	0.000000	0.000000	0	416.992719	44.326314	89.789443	14.835223	-422.833293	43.465911	1.618416	-341.884193	44.712448	0.000000	-420.000000	0	94.198250	1.055304	13.720625	66.627677	8.226819	-382.358743	21.915229	8.226819	37.641257	1.618416	78.115807	44.166707	0	0	0	0	0
hl	5	65.500000	84	1	3	8.000000	55.000000	0.772106	1.719596	1922.318224	-420.000000	0.000000	52.000000	1969.528767	1158.290097	0.000000	0.000000	0	426.699853	33.217917	86.873558	17.861242	-436.238976	39.125558	7.730575	-354.556294	44.712448	0.000000	-420.000000	0	95.155465	0.957215	11.108396	62.999558	12.795908	-395.397635	18.287110	12.795908	24.602365	7.730575	65.443706	30.761024	0	0	0	0	0
hl	5	65.500000	84	1	3	8.000000	55.000000	0.772106	1.719596	1969.624151	-420.000000	0.000000	53.000000	2016.186252	1158.290097	0.000000	0.000000	0	435.128061	26.625822	82.994564	19.752767	-447.089007	37.581451	13.894796	-365.833571	44.712448	0.000000	-420.000000	0	93.269034	1.886432	6.592096	60.288007	16.823781	-406.461289	15.575559	16.823781	13.538711	13.894796	54.166429	19.910993	0	0	0	0	0
hl	5	65.500000	84	1	3	8.000000	55.000000	0.772106	1.719596	2016.282064	-420.000000	0.000000	54.000000	2063.671827	1158.290097	0.000000	0.000000	0	440.716216	22.565042	79.841133	19.815481	-456.491039	35.515606	16.246924	-375.523542	44.712448	0.000000	-420.000000	0	92.375443	0.893590	4.060780	57.678370	18.031202	-416.007291	12.965921	18.031202	3.992709	16.246924	44.476458	10.508961	0	0	0	0	0
hl	5	65.500000	84	1	3	8.000000	55.000000	0.772106	1.719596	2063.768494	-420.000000	0.000000	55.000000	2110.552160	1158.290097	0.000000	0.000000	0	445.289426	21.701189	76.433162	18.902304	-464.322490	33.829451	18.313958	-383.709061	44.712448	0.000000	-420.000000	0	91.180850	1.194593	0.863853	55.131306	18.608131	-424.015776	10.418858	18.608131	4.015776	18.313958	36.290939	2.677510	0	0	0	0	0
hl	5	65.500000	84	1	3	8.000000	55.000000	0.772106	1.719596	2110.647972	-420.000000	0.000000	56.000000	2157.817025	1158.290097	0.000000	0.000000	0	447.955542	21.006721	70.617089	16.064133	-469.705332	32.118667	18.100083	-390.807023	44.712448	0.000000	-420.000000	0	87.813534	3.367316	0.694468	51.367878	17.082108	-430.256177	6.655430	17.082108	10.256177	18.100083	29.192977	2.705332	0	1	0	0	0
hl	5	65.500000	84	1	3	8.000000	55.000000	0.772106	1.719596	2157.912409	-420.000000	0.000000	57.000000	2204.680249	1158.290097	0.000000	0.000000	0	449.722776	21.964771	65.771888	13.359868	-473.953110	30.914781	17.126094	-396.831260	44.712448	0.000000	-420.000000	0	84.717071	3.096463	0.958050	48.343334	15.242981	-435.392185	3.630886	15.242981	15.392185	17.126094	23.168740	6.953110	0	1	0	0	0
hl	5	65.500000	84	1	3	8.000000	55.000000	0.772106	1.719596	2204.775205	-420.000000	0.000000	58.000000	2251.638001	1158.290097	0.000000	0.000000	0	450.890081	23.223287	61.203718	11.384577	-475.706433	30.583307	16.333821	-401.487586	44.712448	0.000000	-420.000000	0	80.439678	4.277393	1.258516	45.893512	13.859199	-438.597010	1.181064	13.859199	18.597010	16.333821	18.512414	8.706433	0	1	0	0	0
hl	5	65.500000	84	1	3	8.000000	55.000000	0.772106	1.719596	2251.747501	-420.000000	0.000000	59.000000	2298.371195	1158.290097	2286.816858	0.000000	0	450.742051	23.694332	57.216647	8.560157	-476.439876	29.522801	14.086337	-405.100587	44.712448	0.000000	-420.000000	0	76.725367	3.714311	0.471044	43.369724	11.323247	-440.770231	1.342724	11.323247	20.770231	14.086337	14.899413	9.439876	0	1	0	1	0
hl	5	65.500000	84	1	3	8.000000	55.000000	0.772106	1.719596	2298.476845	-420.000000	0.000000	60.000000	2345.210893	1158.290097	2286.816858	0.000000	0	450.703060	24.830440	55.151494	6.961486	-476.228798	30.961082	13.320311	-408.980497	44.712448	0.000000	-420.000000	0	71.749179	4.976188	1.136109	43.056288	10.140898	-442.604647	1.656160	10.140898	22.604647	13.320311	11.019503	9.228798	0	1	0	1	0
hl	5	65.500000	84	1	3	8.000000	55.000000	0.772106	1.719596	2345.310555	-420.000000	0.000000	61.000000	2392.273441	1158.290097	2286.816858	0.000000	0	451.478907	26.393471	53.146412	6.933910	-476.512129	33.092984	13.514985	-412.048724	44.712448	0.000000	-420.000000	0	67.830533	3.918646	1.563030	43.119698	10.224448	-444.280426	1.592750	10.224448	24.280426	13.514985	7.951276	9.512129	0	1	0	1	0
hl	5	65.500000	84	1	3	8.000000	55.000000	0.772106	1.719596	2392.368825	-420.000000	0.000000	62.000000	2439.776125	1158.290097	2286.816858	0.000000	0	451.231200	27.349938	52.942640	6.771692	-476.084580	34.757320	12.314953	-415.148231	44.712448	0.000000	-420.000000	0	63.833160	3.997373	0.956467	43.849980	9.543323	-445.616406	0.862468	9.543323	25.616406	12.314953	4.851769	9.084580	0	1	0	1	0
hl	5	65.500000	84	1	3	8.000000	55.000000	0.772106	1.719596	2439.871509	-420.000000	0.000000	63.000000	2486.761680	1158.290097	2286.816858	0.000000	0	450.870023	28.966452	53.009825	5.382709	-476.097737	37.464723	11.918808	-419.181346	44.712448	0.000000	-420.000000	0	59.361994	4.471166	1.616514	45.237274	8.650758	-447.639542	0.524826	8.650758	27.639542	11.918808	0.818654	9.097737	0	1	0	1	0
hl	5	65.500000	84	1	3	8.000000	55.000000	0.772106	1.719596	2486.857920	-420.000000	0.000000	64.000000	2533.693769	1158.290097	2286.816858	0.000000	0	450.523174	29.579409	52.335021	3.516747	-476.686131	38.028298	11.842668	-420.436312	44.712448	0.000000	-420.000000	0	58.634848	0.727145	0.612957	45.181659	7.679707	-448.561221	0.469211	7.679707	28.561221	11.842668	0.436312	9.686131	0	1	0	1	0
hl	5	65.500000	84	1	3	8.000000	55.000000	0.772106	1.719596	2533.789154	-420.000000	0.000000	65.000000	2580.653233	1158.290097	2286.816858	0.000000	0	450.418517	29.708367	51.821066	2.910782	-476.957808	38.322504	11.841749	-420.593861	44.712448	0.000000	-420.000000	0	58.641860	0.007012	0.128958	45.071785	7.376266	-448.775834	0.359336	7.376266	28.775834	11.841749	0.593861	9.957808	0	1	0	1	0
hl	5	65.500000	84	1	3	8.000000	55.000000	0.772106	1.719596	2580.749901	-420.000000	0.000000	66.000000	2627.597298	1158.290097	2286.816858	0.000000	0	449.300269	29.328938	51.992198	1.089065	-476.913665	39.061704	11.477284	-420.359187	44.712448	0.000000	-420.000000	0	58.936591	0.294730	0.379429	45.526951	6.283175	-448.636426	0.814503	6.283175	28.636426	11.477284	0.359187	9.913665	0	1	0	1	0
hl	5	65.500000	84	1	3	8.000000	55.000000	0.772106	1.719596	2627.692683	-420.000000	0.000000	67.000000	2674.783033	1158.290097	2286.816858	0.000000	0	447.965441	28.942501	51.443075	-1.417071	-477.027125	39.740114	10.823921	-420.061341	44.712448	0.000000	-420.000000	0	59.429805	0.493215	0.386437	45.591594	4.703425	-448.544233	0.879146	4.703425	28.544233	10.823921	0.061341	10.027125	0	1	0	1	0
hl	5	65.500000	84	1	3	8.000000	55.000000	0.772106	1.719596	2674.878845	-420.000000	0.000000	68.000000	2721.874238	1158.290097	2286.816858	0.000000	0	447.118003	28.645140	50.270143	-2.825775	-477.225024	39.655698	9.619112	-419.658856	44.712448	0.000000	-420.000000	0	59.844845	0.415039	0.297361	44.962920	3.396668	-448.441940	0.250472	3.396668	28.441940	9.619112	0.341144	10.225024	0	1	0	1	0
hl	5	65.500000	84	1	3	8.000000	55.000000	0.772106	1.719596	2721.970906	-420.000000	0.000000	69.000000	2768.820442	1158.290097	2286.816858	0.000000	0	446.043362	28.409379	50.417961	-3.947695	-476.961539	40.337719	8.617371	-419.649364	44.712448	0.000000	-420.000000	0	59.532996	0.311848	0.235761	45.377840	2.334838	-448.305452	0.665391	2.334838	28.305452	8.617371	0.350636	9.961539	0	1	0	1	0
hl	5	65.500000	84	1	3	8.000000	55.000000	0.772106	1.719596	2768.965016	-420.000000	0.000000	70.000000	2815.918919	1158.290097	2286.816858	0.000000	0	445.133132	28.540518	49.668359	-5.272700	-477.140582	40.675906	7.219244	-419.899846	44.712448	0.000000	-420.000000	0	59.274065	0.258931	0.131139	45.172132	0.973272	-448.520214	0.459684	0.973272	28.520214	7.219244	0.100154	10.140582	0	1	0	1	0
hl	5	65.500000	84	1	3	8.000000	55.000000	0.772106	1.719596	2816.018581	-420.000000	0.000000	71.000000	2863.114491	1158.290097	2286.816858	0.000000	0	444.842181	28.467310	49.433399	-5.231672	-476.727757	41.107567	6.622855	-420.178920	44.712448	0.000000	-420.000000	0	58.374826	0.899239	0.073209	45.270483	0.695592	-448.453339	0.558035	0.695592	28.453339	6.622855	0.178920	9.727757	0	1	0	1	0
hl	5	65.500000	84	1	3	8.000000	55.000000	0.772106	1.719596	2863.209875	-420.000000	0.000000	72.000000	2910.112451	1158.290097	2286.816858	0.000000	0	444.624985	28.369612	49.464281	-5.381532	-476.474752	41.193786	6.394754	-420.242020	44.712448	0.000000	-420.000000	0	58.044829	0.329998	0.097698	45.329033	0.506611	-448.358386	0.616585	0.506611	28.358386	6.394754	0.242020	9.474752	0	1	0	1	0
hl	5	65.500000	84	1	3	8.000000	55.000000	0.772106	1.719596	2910.207835	-420.000000	0.000000	73.000000	2957.256267	1158.290097	2286.816858	0.000000	0	444.722045	28.421366	49.126226	-5.229402	-476.518379	41.131866	6.225038	-420.309525	44.712448	0.000000	-420.000000	0	57.918471	0.126358	0.051754	45.129046	0.497818	-448.413952	0.416598	0.497818	28.413952	6.225038	0.309525	9.518379	0	1	0	1	0
hl	5	65.500000	84	1	3	8.000000	55.000000	0.772106	1.719596	2957.351224	-420.000000	0.000000	74.000000	3004.095111	1158.290097	2286.816858	0.000000	0	444.708732	28.387031	49.167644	-5.193669	-476.208211	41.118074	6.209170	-420.550241	44.712448	0.000000	-420.000000	0	57.381442	0.537029	0.034335	45.142859	0.507750	-448.379226	0.430411	0.507750	28.379226	6.209170	0.550241	9.208211	0	1	0	1	0
hl	5	65.500000	84	1	3	8.000000	55.000000	0.772106	1.719596	3004.191350	-420.000000	0.000000	75.000000	3051.085799	1158.290097	2286.816858	0.000000	0	444.786498	28.306754	49.316812	-5.099586	-475.950361	41.073259	6.457820	-420.638622	44.712448	0.000000	-420.000000	0	57.104450	0.276992	0.080277	45.195035	0.679117	-448.294491	0.482587	0.679117	28.294491	6.457820	0.638622	8.950361	0	1	0	1	0
hl	5	65.500000	84	1	3	8.000000	55.000000	0.772106	1.719596	3051.187171	-420.000000	0.000000	76.000000	3098.369056	1158.290097	2286.816858	0.000000	0	444.841793	28.411831	49.343619	-5.233373	-475.936128	41.133181	6.654899	-420.860011	44.712448	0.000000	-420.000000	0	56.939625	0.164825	0.105077	45.238400	0.710763	-448.398069	0.525952	0.710763	28.398069	6.654899	0.860011	8.936128	0	1	0	1	0
hl	5	65.500000	84	1	3	8.000000	55.000000	0.772106	1.719596	3098.464013	-420.000000	0.000000	77.000000	3145.342207	1158.290097	2286.816858	0.000000	0	444.915820	28.460979	49.456291	-5.193597	-475.745810	41.169157	6.822583	-421.140167	44.712448	0.000000	-420.000000	0	56.522929	0.416697	0.049148	45.312724	0.814493	-448.442989	0.600276	0.814493	28.442989	6.822583	1.140167	8.745810	0	1	0	1	0
hl	5	65.500000	84	1	3	8.000000	55.000000	0.772106	1.719596	3145.437164	-420.000000	0.000000	78.000000	3192.551039	1158.290097	2286.816858	0.000000	0	445.132142	28.507463	49.278880	-4.848618	-475.681190	41.282926	6.942741	-421.283920	44.712448	0.000000	-420.000000	0	56.231970	0.290959	0.046483	45.280903	1.047061	-448.482555	0.568455	1.047061	28.482555	6.942741	1.283920	8.681190	0	1	0	1	0
hl	5	65.500000	84	1	3	8.000000	55.000000	0.772106	1.719596	3192.650273	-420.000000	0.000000	79.000000	3239.472435	1158.290097	2286.816858	0.000000	0	445.119809	28.410516	49.238105	-4.900449	-475.662579	41.117583	6.969926	-421.113125	44.712448	0.000000	-420.000000	0	56.413576	0.181606	0.096947	45.177844	1.034738	-448.387852	0.465396	1.034738	28.387852	6.969926	1.113125	8.662579	0	1	0	1	0
hl	5	65.500000	84	1	3	8.000000	55.000000	0.772106	1.719596	3239.567819	-420.000000	0.000000	80.000000	3286.776651	1158.290097	2286.816858	0.000000	0	444.929791	28.425290	49.384820	-5.039971	-475.506088	41.395332	6.825452	-421.300283	44.712448	0.000000	-420.000000	0	56.061480	0.352096	0.014774	45.390076	0.892741	-448.403186	0.677628	0.892741	28.403186	6.825452	1.300283	8.506088	0	1	0	1	0
hl	5	65.500000	84	1	3	8.000000	55.000000	0.772106	1.719596	3286.877168	-420.000000	0.000000	81.000000	3333.852458	1158.290097	2286.816858	0.000000	0	444.835842	28.426842	49.468663	-5.065976	-475.389737	41.492818	6.703896	-421.419571	44.712448	0.000000	-420.000000	0	55.811493	0.249987	0.001552	45.480740	0.818960	-448.404654	0.768292	0.818960	28.404654	6.703896	1.419571	8.389737	0	1	0	1	0
hl	5	65.500000	84	1	3	8.000000	55.000000	0.772106	1.719596	3333.951264	-420.000000	0.000000	82.000000	3380.731080	1158.290097	2286.816858	0.000000	0	444.895161	28.405521	49.385051	-5.228568	-475.518900	41.208924	6.853062	-421.256876	44.712448	0.000000	-420.000000	0	56.188808	0.377315	0.021321	45.296987	0.812247	-448.387888	0.584539	0.812247	28.387888	6.853062	1.256876	8.518900	0	1	0	1	0
hl	5	65.500000	84	1	3	8.000000	55.000000	0.772106	1.719596	3380.826037	-420.000000	0.000000	83.000000	3427.999795	1158.290097	2286.816858	0.000000	0	444.879653	28.432733	49.350335	-5.247788	-475.485095	41.209394	6.783780	-421.348294	44.712448	0.000000	-420.000000	0	56.052001	0.136807	0.027212	45.279865	0.767996	-448.416695	0.567417	0.767996	28.416695	6.783780	1.348294	8.485095	0	1	0	1	0
hl	5	65.500000	84	1	3	8.000000	55.000000	0.772106	1.719596	3428.094324	-420.000000	0.000000	84.000000	3474.988344	1158.290097	2286.816858	0.000000	0	444.900919	28.583738	49.254275	-5.317231	-475.503903	40.980346	6.566845	-421.644177	44.712448	0.000000	-420.000000	0	55.772388	0.279613	0.151004	45.117310	0.624807	-448.574040	0.404862	0.624807	28.574040	6.566845	1.644177	8.503903	0	1	0	1	0
hl	5	65.500000	84	1	3	8.000000	55.000000	0.772106	1.719596	3475.082018	-420.000000	0.000000	85.000000	3522.122751	1158.290097	2286.816858	0.000000	0	445.175254	28.988699	48.983656	-5.389977	-475.766626	41.209242	6.846468	-422.187385	44.712448	0.000000	-420.000000	0	55.505920	0.266468	0.404961	45.096449	0.728245	-448.977006	0.384001	0.728245	28.977006	6.846468	2.187385	8.766626	0	1	0	1	0
hl	5	65.500000	84	1	3	8.000000	55.000000	0.772106	1.719596	3522.217280	-420.000000	0.000000	86.000000	3569.153646	1158.290097	2286.816858	0.000000	0	445.410131	29.046917	48.636017	-5.113568	-475.877309	41.180687	6.909676	-422.187431	44.712448	0.000000	-420.000000	0	55.522458	0.016538	0.058218	44.908352	0.898054	-449.032370	0.195904	0.898054	29.032370	6.909676	2.187431	8.877309	0	1	0	1	0
hl	5	65.500000	84	1	3	8.000000	55.000000	0.772106	1.719596	3569.248602	-420.000000	0.000000	87.000000	3616.159305	1158.290097	2286.816858	0.000000	0	445.405074	28.991399	48.710203	-5.084481	-475.801115	41.247153	7.003648	-422.147466	44.712448	0.000000	-420.000000	0	55.502560	0.019899	0.055519	44.978678	0.959583	-448.974291	0.266230	0.959583	28.974291	7.003648	2.147466	8.801115	0	1	0	1	0
hl	5	65.500000	84	1	3	8.000000	55.000000	0.772106	1.719596	3616.255544	-420.000000	0.000000	88.000000	3663.377974	1158.290097	2286.816858	0.000000	0	445.311841	29.065883	48.792516	-5.157569	-475.824796	41.306505	6.824353	-422.279160	44.712448	0.000000	-420.000000	0	55.378173	0.124387	0.074485	45.049511	0.833392	-449.051978	0.337063	0.833392	29.051978	6.824353	2.279160	8.824796	0	1	0	1	0
hl	5	65.500000	84	1	3	8.000000	55.000000	0.772106	1.719596	3663.473786	-420.000000	0.000000	89.000000	3710.469180	1158.290097	2286.816858	0.000000	0	445.408916	28.970757	48.712015	-5.062027	-475.868222	41.132588	6.957769	-422.040751	44.712448	0.000000	-420.000000	0	55.671536	0.293363	0.095126	44.922301	0.947871	-448.954486	0.209853	0.947871	28.954486	6.957769	2.040751	8.868222	0	1	0	1	0
hl	5	65.500000	84	1	3	8.000000	55.000000	0.772106	1.719596	3710.563709	-420.000000	0.000000	90.000000	3757.385443	1158.290097	2286.816858	0.000000	0	445.249197	29.011820	48.844075	-5.280829	-475.845912	41.257287	6.852067	-422.152506	44.712448	0.000000	-420.000000	0	55.567512	0.104023	0.041063	45.050681	0.785619	-448.999209	0.338233	0.785619	28.999209	6.852067	2.152506	8.845912	0	1	0	1	0
hl	5	65.500000	84	1	3	8.000000	55.000000	0.772106	1.719596	3757.485532	-420.000000	0.000000	91.000000	3804.501456	1158.290097	2286.816858	0.000000	0	445.338642	29.106933	48.693540	-5.215457	-475.919531	41.289898	6.844124	-422.268868	44.712448	0.000000	-420.000000	0	55.485502	0.082010	0.095113	44.991719	0.814333	-449.094199	0.279271	0.814333	29.094199	6.844124	2.268868	8.919531	0	1	0	1	0
hl	5	65.500000	84	1	3	8.000000	55.000000	0.772106	1.719596	3804.599835	-420.000000	0.000000	92.000000	3851.605066	1158.290097	2286.816858	0.000000	0	445.435127	28.971659	48.673574	-5.046696	-475.804219	41.072497	6.958371	-422.106664	44.712448	0.000000	-420.000000	0	55.545706	0.060203	0.135275	44.873035	0.955837	-448.955442	0.160587	0.955837	28.955442	6.958371	2.106664	8.804219	0	1	0	1	0
hl	5	65.500000	84	1	3	8.000000	55.000000	0.772106	1.719596	3851.704728	-420.000000	0.000000	93.000000	3898.668897	1158.290097	2286.816858	0.000000	0	445.348744	28.979604	48.795101	-5.260089	-475.822996	41.032379	6.983367	-422.109188	44.712448	0.000000	-420.000000	0	55.635737	0.090032	0.007945	44.913740	0.861639	-448.966092	0.201292	0.861639	28.966092	6.983367	2.109188	8.822996	0	1	0	1	0
hl	5	65.500000	84	1	3	8.000000	55.000000	0.772106	1.719596	3898.764281	-420.000000	0.000000	94.000000	3945.723317	1158.290097	2286.816858	0.000000	0	445.417029	28.941038	48.767396	-5.166535	-475.782454	40.936858	7.046460	-422.068411	44.712448	0.000000	-420.000000	0	55.638773	0.003035	0.038566	44.852127	0.939962	-448.925432	0.139679	0.939962	28.925432	7.046460	2.068411	8.782454	0	1	0	1	0
hl	5	65.500000	84	1	3	8.000000	55.000000	0.772106	1.719596	3945.819129	-420.000000	0.000000	95.000000	3992.753357	1158.290097	2286.816858	0.000000	0	445.354081	28.919425	48.888259	-5.188103	-475.688010	40.959220	7.005058	-422.120750	44.712448	0.000000	-420.000000	0	55.506704	0.132069	0.021612	44.923739	0.908478	-448.904380	0.211291	0.908478	28.904380	7.005058	2.120750	8.688010	0	1	0	1	0
hl	5	65.500000	84	1	3	8.000000	55.000000	0.772106	1.719596	3992.847458	-420.000000	0.000000	96.000000	4039.630268	1158.290097	2286.816858	0.000000	0	445.378041	28.958131	48.852898	-5.185814	-475.715254	40.969864	7.006370	-422.171020	44.712448	0.000000	-420.000000	0	55.477712	0.028991	0.038706	44.911381	0.910278	-448.943137	0.198933	0.910278	28.943137	7.006370	2.171020	8.715254	0	1	0	1	0
hl	5	65.500000	84	1	3	8.000000	55.000000	0.772106	1.719596	4039.726936	-420.000000	0.000000	97.000000	4086.680839	1158.290097	2286.816858	0.000000	0	445.472455	29.013326	48.760227	-5.087307	-475.752837	41.090365	7.098838	-422.237376	44.712448	0.000000	-420.000000	0	55.418710	0.059002	0.055195	44.925296	1.005766	-448.995106	0.212848	1.005766	28.995106	7.098838	2.237376	8.752837	0	1	0	1	0
hl	5	65.500000	84	1	3	8.000000	55.000000	0.772106	1.719596	4086.777506	-420.000000	0.000000	98.000000	4133.784876	1158.290097	2286.816858	0.000000	0	445.277000	28.866222	48.977416	-5.346487	-475.659449	40.856396	7.021810	-422.047233	44.712448	0.000000	-420.000000	0	55.616504	0.197794	0.147104	44.916906	0.837661	-448.853341	0.204458	0.837661	28.853341	7.021810	2.047233	8.659449	0	1	0	1	0
hl	5	65.500000	84	1	3	8.000000	55.000000	0.772106	1.719596	4133.879833	-420.000000	0.000000	99.000000	4169.285387	1158.290097	2286.816858	4169.281538	0	445.427962	28.933247	  48.719339   -5.163087 -475.764234	  40.903689    7.038913 -422.071510	44.712448	0.000000	-420.000000	0	55.613684	0.002820	0.067026	0
