subjName	sessionNR	IOD	trialN	textureType	texnum	visualAngle	simulatedDepth	light_intensity	ambient_intensity	time	displayDistance	isRotated	frameN	timTote	startTime	touchTime	endTime	fingersOccluded	distanceToHome	distanceToObject	indexXraw	indexYraw	indexZraw	thumbXraw	thumbYraw	thumbZraw	targetX	targetY	targetZ	failCause	gripAperture	gripApertureVel	distFromObjVel	gripOriginX	gripOriginY	gripOriginZ	distFromObjX	distFromObjY	distFromObjZ	y_dist_thm	z_dist_thm	z_dist_ind	handOnObj	handnearObj	handfarObj	handTouchObj	framesOccluded
hl	6	65.500000	27	2	37	8.000000	45.000000	0.476716	2.480601	882.983947	-420.000000	0.000000	30.000000	930.262072	0.000000	0.000000	0.000000	0	4.348429	424.969919	213.833855	-350.241239	-251.339768	218.452639	-350.659064	-248.310365	46.365112	0.000000	-420.000000	0	5.539407	0.008269	0.036706	216.143247	-350.450152	-249.825066	169.778135	350.450152	170.174934	350.659064	171.689635	205.660232	0	0	1	0	0
hl	6	65.500000	27	2	37	8.000000	45.000000	0.476716	2.480601	930.554641	-420.000000	0.000000	31.000000	977.404177	0.000000	0.000000	0.000000	0	4.439602	424.907998	213.587632	-350.163062	-251.425148	218.631279	-350.711721	-248.414303	46.365112	0.000000	-420.000000	0	5.899542	0.360135	0.061921	216.109455	-350.437391	-249.919726	169.744343	350.437391	170.080274	350.711721	171.585697	205.574852	0	0	1	0	0
hl	6	65.500000	27	2	37	8.000000	45.000000	0.476716	2.480601	977.505978	-420.000000	0.000000	32.000000	1024.270395	0.000000	0.000000	0.000000	0	4.404071	424.935790	213.681989	-350.222028	-251.422806	218.664208	-350.671793	-248.444060	46.365112	0.000000	-420.000000	0	5.822175	0.077367	0.027792	216.173098	-350.446910	-249.933433	169.807986	350.446910	170.066567	350.671793	171.555940	205.577194	0	0	1	0	0
hl	6	65.500000	27	2	37	8.000000	45.000000	0.476716	2.480601	1024.365780	-420.000000	0.000000	33.000000	1071.288458	0.000000	0.000000	0.000000	0	4.333814	424.998928	213.803365	-350.222586	-251.383487	218.661525	-350.735972	-248.419787	46.365112	0.000000	-420.000000	0	5.713914	0.108261	0.063138	216.232445	-350.479279	-249.901637	169.867333	350.479279	170.098363	350.735972	171.580213	205.616513	0	0	1	0	0
hl	6	65.500000	27	2	37	8.000000	45.000000	0.476716	2.480601	1071.383843	-420.000000	0.000000	34.000000	1118.305666	0.000000	0.000000	0.000000	0	4.480594	424.822937	213.694676	-350.118146	-251.396295	218.499649	-350.571662	-248.462515	46.365112	0.000000	-420.000000	0	5.648053	0.065860	0.175991	216.097162	-350.344904	-249.929405	169.732050	350.344904	170.070595	350.571662	171.537485	205.603705	0	0	1	0	0
hl	6	65.500000	27	2	37	8.000000	45.000000	0.476716	2.480601	1118.400623	-420.000000	0.000000	35.000000	1166.056435	0.000000	0.000000	0.000000	0	4.422800	424.923205	213.699039	-350.238399	-251.365610	218.466770	-350.652950	-248.379014	46.365112	0.000000	-420.000000	0	5.641176	0.006878	0.100268	216.082905	-350.445674	-249.872312	169.717792	350.445674	170.127688	350.652950	171.620986	205.634390	0	0	1	0	0
hl	6	65.500000	27	2	37	8.000000	45.000000	0.476716	2.480601	1166.152675	-420.000000	0.000000	36.000000	1213.159189	0.000000	0.000000	0.000000	0	4.979909	424.101325	213.378834	-349.701980	-251.784161	218.385661	-349.621201	-248.435634	46.365112	0.000000	-420.000000	0	6.023909	0.382733	0.821879	215.882247	-349.661591	-250.109897	169.517135	349.661591	169.890103	349.621201	171.564366	205.215839	0	0	1	0	0
hl	6	65.500000	27	2	37	8.000000	45.000000	0.476716	2.480601	1213.257568	-420.000000	0.000000	37.000000	1260.118225	1249.153731	0.000000	0.000000	0	8.985199	419.635067	214.375677	-347.642792	-257.788263	217.172409	-343.176228	-247.031343	46.365112	0.000000	-420.000000	0	11.978449	5.954540	4.466258	215.774043	-345.409510	-252.409803	169.408931	345.409510	167.590197	343.176228	172.968657	199.211737	0	0	1	0	0
hl	6	65.500000	27	2	37	8.000000	45.000000	0.476716	2.480601	1260.236707	-420.000000	0.000000	38.000000	1307.731264	1249.153731	0.000000	0.000000	0	18.612327	410.858194	217.191138	-339.796570	-266.793306	217.509472	-332.592957	-247.374834	46.365112	0.000000	-420.000000	0	20.714014	8.735566	8.776873	217.350305	-336.194763	-257.084070	170.985193	336.194763	162.915930	332.592957	172.625166	190.206694	0	0	1	0	0
hl	6	65.500000	27	2	37	8.000000	45.000000	0.476716	2.480601	1307.880543	-420.000000	0.000000	39.000000	1355.054301	1249.153731	0.000000	0.000000	0	32.622951	398.586773	218.917550	-327.321143	-271.889441	218.748406	-317.386981	-250.531530	46.365112	0.000000	-420.000000	0	23.555818	2.841804	12.271420	218.832978	-322.354062	-261.210486	172.467866	322.354062	158.789514	317.386981	169.468470	185.110559	0	0	1	0	0
hl	6	65.500000	27	2	37	8.000000	45.000000	0.476716	2.480601	1355.153107	-420.000000	0.000000	40.000000	1401.959015	1249.153731	0.000000	0.000000	0	52.933707	380.542099	220.237930	-309.134977	-282.025493	217.964658	-297.386011	-254.609555	46.365112	0.000000	-420.000000	0	29.913870	6.358052	18.044674	219.101294	-303.260494	-268.317524	172.736182	303.260494	151.682476	297.386011	165.390445	174.974507	0	0	1	0	0
hl	6	65.500000	27	2	37	8.000000	45.000000	0.476716	2.480601	1402.066803	-420.000000	0.000000	41.000000	1449.064763	1249.153731	0.000000	0.000000	0	76.162684	358.896727	219.267646	-287.431398	-294.238362	213.946166	-276.207750	-260.088260	46.365112	0.000000	-420.000000	0	36.338931	6.425061	21.645373	216.606906	-281.819574	-277.163311	170.241794	281.819574	142.836689	276.207750	159.911740	162.761638	0	0	1	0	0
hl	6	65.500000	27	2	37	8.000000	45.000000	0.476716	2.480601	1449.168702	-420.000000	0.000000	42.000000	1496.136293	1249.153731	0.000000	0.000000	0	104.106204	332.464352	216.100262	-261.331298	-307.605716	207.657569	-250.699042	-267.109843	46.365112	0.000000	-420.000000	0	42.711119	6.372188	26.432375	211.878915	-256.015170	-287.357780	165.513803	256.015170	132.642220	250.699042	152.890157	149.394284	0	0	1	0	0
hl	6	65.500000	27	2	37	8.000000	45.000000	0.476716	2.480601	1496.233388	-420.000000	0.000000	43.000000	1543.027319	1249.153731	0.000000	0.000000	0	135.437753	302.368843	210.565274	-231.704011	-321.582214	198.160574	-222.473490	-274.333306	46.365112	0.000000	-420.000000	0	49.714569	7.003450	30.095508	204.362924	-227.088751	-297.957760	157.997811	227.088751	122.042240	222.473490	145.666694	135.417786	0	0	1	0	0
hl	6	65.500000	27	2	37	8.000000	45.000000	0.476716	2.480601	1543.123131	-420.000000	0.000000	44.000000	1590.392701	1249.153731	0.000000	0.000000	0	167.674490	270.791282	201.660736	-200.961301	-335.098752	185.710999	-193.840987	-279.891901	46.365112	0.000000	-420.000000	0	57.904140	8.189571	31.577562	193.685867	-197.401144	-307.495326	147.320755	197.401144	112.504674	193.840987	140.108099	121.901248	0	0	1	0	0
hl	6	65.500000	27	2	37	8.000000	45.000000	0.476716	2.480601	1590.488513	-420.000000	0.000000	45.000000	1636.789697	1249.153731	0.000000	0.000000	0	198.578652	239.929775	189.889543	-172.423152	-347.790860	171.495590	-166.805179	-284.811294	46.365112	0.000000	-420.000000	0	65.850778	7.946637	30.861507	180.692567	-169.614166	-316.301077	134.327454	169.614166	103.698923	166.805179	135.188706	109.209140	0	0	0	0	0
hl	6	65.500000	27	2	37	8.000000	45.000000	0.476716	2.480601	1636.890642	-420.000000	0.000000	46.000000	1683.650782	1249.153731	0.000000	0.000000	0	228.174953	210.544574	177.136488	-145.357586	-358.505798	157.672083	-141.529130	-290.679743	46.365112	0.000000	-420.000000	0	70.667489	4.816711	29.385200	167.404285	-143.443358	-324.592770	121.039173	143.443358	95.407230	141.529130	129.320257	98.494202	0	0	0	0	0
hl	6	65.500000	27	2	37	8.000000	45.000000	0.476716	2.480601	1683.746166	-420.000000	0.000000	47.000000	1730.852770	1249.153731	0.000000	0.000000	0	254.606530	183.741983	163.579075	-122.167789	-368.473580	143.165293	-119.965157	-296.557714	46.365112	0.000000	-420.000000	0	74.789477	4.121988	26.802592	153.372184	-121.066473	-332.515647	107.007072	121.066473	87.484353	119.965157	123.442286	88.526420	0	0	0	0	0
hl	6	65.500000	27	2	37	8.000000	45.000000	0.476716	2.480601	1730.952860	-420.000000	0.000000	48.000000	1777.805818	1249.153731	0.000000	0.000000	0	277.597586	159.739917	149.966883	-103.399538	-378.612952	127.803730	-102.096272	-301.390513	46.365112	0.000000	-420.000000	0	80.350538	5.561060	24.002065	138.885307	-102.747905	-340.001732	92.520195	102.747905	79.998268	102.096272	118.609487	78.387048	0	0	0	0	0
hl	6	65.500000	27	2	37	8.000000	45.000000	0.476716	2.480601	1777.957235	-420.000000	0.000000	49.000000	1824.660915	1249.153731	0.000000	0.000000	0	298.545985	137.447150	136.326615	-87.336226	-388.860240	112.800739	-86.952854	-307.160139	46.365112	0.000000	-420.000000	0	85.020706	4.670168	22.292767	124.563677	-87.144540	-348.010189	78.198564	87.144540	71.989811	86.952854	112.839861	68.139760	0	0	0	0	0
hl	6	65.500000	27	2	37	8.000000	45.000000	0.476716	2.480601	1824.761004	-420.000000	0.000000	50.000000	1871.995073	1249.153731	0.000000	0.000000	0	317.707613	117.061604	125.505444	-72.417806	-399.443010	99.599573	-74.553225	-315.296834	46.365112	0.000000	-420.000000	0	88.069592	3.048886	20.385546	112.552509	-73.485515	-357.369922	66.187397	73.485515	62.630078	74.553225	104.703166	57.556990	0	0	0	0	0
hl	6	65.500000	27	2	37	8.000000	45.000000	0.476716	2.480601	1872.090885	-420.000000	0.000000	51.000000	1919.259937	1249.153731	0.000000	0.000000	0	335.649395	98.229516	117.005409	-59.406918	-410.083116	89.174312	-62.145620	-325.272995	46.365112	0.000000	-420.000000	0	89.301888	1.232296	18.832088	103.089861	-60.776269	-367.678055	56.724748	60.776269	52.321945	62.145620	94.727005	46.916884	0	0	0	0	0
hl	6	65.500000	27	2	37	8.000000	45.000000	0.476716	2.480601	1919.356177	-420.000000	0.000000	52.000000	1966.141554	1249.153731	0.000000	0.000000	0	352.231811	80.846079	109.686225	-48.046634	-421.660977	80.241823	-50.666731	-334.956719	46.365112	0.000000	-420.000000	0	91.604946	2.303058	17.383437	94.964024	-49.356682	-378.308848	48.598912	49.356682	41.691152	50.666731	85.043281	35.339023	0	0	0	0	0
hl	6	65.500000	27	2	37	8.000000	45.000000	0.476716	2.480601	1966.236510	-420.000000	0.000000	53.000000	2013.520195	1249.153731	0.000000	0.000000	0	367.753985	65.113856	103.949880	-37.138024	-431.608666	72.519448	-39.510912	-344.579421	46.365112	0.000000	-420.000000	0	92.561288	0.956343	15.732223	88.234664	-38.324468	-388.094043	41.869552	38.324468	31.905957	39.510912	75.420579	25.391334	0	0	0	0	0
hl	6	65.500000	27	2	37	8.000000	45.000000	0.476716	2.480601	2013.616007	-420.000000	0.000000	54.000000	2060.483081	1249.153731	0.000000	0.000000	0	381.693697	50.523597	97.006170	-28.102240	-440.945677	64.494906	-30.597270	-353.938106	46.365112	0.000000	-420.000000	0	92.916763	0.355475	14.590259	80.750538	-29.349755	-397.441891	34.385426	29.349755	22.558109	30.597270	66.061894	16.054323	0	0	0	0	0
hl	6	65.500000	27	2	37	8.000000	45.000000	0.476716	2.480601	2060.578465	-420.000000	0.000000	55.000000	2107.121745	1249.153731	0.000000	0.000000	0	394.149891	37.294900	89.236500	-21.798786	-450.535881	57.231645	-22.856400	-363.353037	46.365112	0.000000	-420.000000	0	92.877756	0.039007	13.228697	73.234073	-22.327593	-406.944459	26.868960	22.327593	13.055541	22.856400	56.646963	6.464119	0	0	0	0	0
hl	6	65.500000	27	2	37	8.000000	45.000000	0.476716	2.480601	2107.217558	-420.000000	0.000000	56.000000	2154.628707	1249.153731	0.000000	0.000000	0	405.247172	26.386073	81.789771	-17.385598	-460.066643	51.043708	-16.209819	-373.006862	46.365112	0.000000	-420.000000	0	92.336928	0.540828	10.908827	66.416740	-16.797709	-416.536753	20.051627	16.797709	3.463247	16.209819	46.993138	3.066643	0	0	0	0	0
hl	6	65.500000	27	2	37	8.000000	45.000000	0.476716	2.480601	2154.724091	-420.000000	0.000000	57.000000	2201.443597	1249.153731	0.000000	0.000000	0	414.416447	19.758961	75.110392	-14.471998	-468.489802	45.309433	-11.633361	-382.162071	46.365112	0.000000	-420.000000	0	91.370850	0.966078	6.627112	60.209912	-13.052680	-425.325936	13.844800	13.052680	5.325936	11.633361	37.837929	11.489802	0	0	0	0	0
hl	6	65.500000	27	2	37	8.000000	45.000000	0.476716	2.480601	2201.537698	-420.000000	0.000000	58.000000	2248.768772	1249.153731	0.000000	0.000000	0	422.186376	18.252742	68.783648	-12.454513	-475.400517	40.744841	-7.631756	-390.035884	46.365112	0.000000	-420.000000	0	89.980855	1.389995	1.506219	54.764245	-10.043134	-432.718200	8.399132	10.043134	12.718200	7.631756	29.964116	18.400517	0	1	0	0	0
hl	6	65.500000	27	2	37	8.000000	45.000000	0.476716	2.480601	2248.870145	-420.000000	0.000000	59.000000	2295.532334	1249.153731	0.000000	0.000000	0	427.288880	20.873065	63.510163	-12.081680	-479.836313	36.451350	-6.262283	-396.959703	46.365112	0.000000	-420.000000	0	87.376068	2.604787	2.620323	49.980757	-9.171982	-438.398008	3.615644	9.171982	18.398008	6.262283	23.040297	22.836313	0	1	0	0	0
hl	6	65.500000	27	2	37	8.000000	45.000000	0.476716	2.480601	2295.637129	-420.000000	0.000000	60.000000	2342.541415	1249.153731	0.000000	0.000000	0	431.855450	24.156127	58.984088	-10.916821	-483.087426	34.006191	-4.535088	-402.686417	46.365112	0.000000	-420.000000	0	84.433074	2.942994	3.283062	46.495140	-7.725955	-442.886921	0.130028	7.725955	22.886921	4.535088	17.313583	26.087426	0	1	0	0	0
hl	6	65.500000	27	2	37	8.000000	45.000000	0.476716	2.480601	2342.636800	-420.000000	0.000000	61.000000	2389.049194	1249.153731	2377.737809	0.000000	0	434.865044	26.408995	54.029581	-10.897836	-483.694958	32.386897	-3.041986	-406.857569	46.365112	0.000000	-420.000000	0	80.212870	4.220204	2.252868	43.208239	-6.969911	-445.276263	3.156873	6.969911	25.276263	3.041986	13.142431	26.694958	0	1	0	1	0
hl	6	65.500000	27	2	37	8.000000	45.000000	0.476716	2.480601	2389.146289	-420.000000	0.000000	62.000000	2436.081372	1249.153731	2377.737809	0.000000	0	437.298448	28.020307	50.357357	-9.741758	-483.238074	30.985896	-2.364760	-410.281263	46.365112	0.000000	-420.000000	0	75.844379	4.368491	1.611312	40.671627	-6.053259	-446.759668	5.693486	6.053259	26.759668	2.364760	9.718737	26.238074	0	1	0	1	0
hl	6	65.500000	27	2	37	8.000000	45.000000	0.476716	2.480601	2436.178467	-420.000000	0.000000	63.000000	2483.084892	1249.153731	2377.737809	0.000000	0	439.280018	28.158024	46.487271	-8.739019	-480.330230	31.737867	-0.069608	-413.368073	46.365112	0.000000	-420.000000	0	69.113197	6.731181	0.137717	39.112569	-4.404314	-446.849151	7.252543	4.404314	26.849151	0.069608	6.631927	23.330230	0	1	0	1	0
hl	6	65.500000	27	2	37	8.000000	45.000000	0.476716	2.480601	2483.181560	-420.000000	0.000000	64.000000	2529.994739	1249.153731	2377.737809	0.000000	0	440.118129	27.629847	41.206745	-9.014742	-475.542307	31.573820	1.080248	-415.376144	46.365112	0.000000	-420.000000	0	61.763009	7.350188	0.528177	36.390282	-3.967247	-445.459226	9.974830	3.967247	25.459226	1.080248	4.623856	18.542307	0	1	0	1	0
hl	6	65.500000	27	2	37	8.000000	45.000000	0.476716	2.480601	2530.094401	-420.000000	0.000000	65.000000	2577.403322	1249.153731	2377.737809	0.000000	0	441.511754	26.942315	38.827274	-7.277650	-471.897861	31.853569	2.872288	-417.071221	46.365112	0.000000	-420.000000	0	56.192653	5.570356	0.687532	35.340421	-2.202681	-444.484541	11.024691	2.202681	24.484541	2.872288	2.928779	14.897861	0	1	0	1	0
hl	6	65.500000	27	2	37	8.000000	45.000000	0.476716	2.480601	2577.499989	-420.000000	0.000000	66.000000	2624.392299	1249.153731	2377.737809	0.000000	0	442.115128	26.708870	37.718113	-6.220405	-470.231213	32.653086	3.477405	-418.204361	46.365112	0.000000	-420.000000	0	53.164794	3.027859	0.233445	35.185599	-1.371500	-444.217787	11.179513	1.371500	24.217787	3.477405	1.795639	13.231213	0	1	0	1	0
hl	6	65.500000	27	2	37	8.000000	45.000000	0.476716	2.480601	2624.488967	-420.000000	0.000000	67.000000	2671.663152	1249.153731	2377.737809	0.000000	0	442.239231	26.761994	37.268630	-6.107890	-468.722741	33.909252	3.817074	-420.216670	46.365112	0.000000	-420.000000	0	49.624886	3.539908	0.053124	35.588941	-1.145408	-444.469706	10.776171	1.145408	24.469706	3.817074	0.216670	11.722741	0	1	0	1	0
hl	6	65.500000	27	2	37	8.000000	45.000000	0.476716	2.480601	2671.764525	-420.000000	0.000000	68.000000	2718.387791	1249.153731	2377.737809	0.000000	0	441.618978	26.715955	37.786151	-6.306011	-467.330135	35.285842	3.078516	-422.249157	46.365112	0.000000	-420.000000	0	46.115241	3.509645	0.046039	36.535996	-1.613748	-444.789646	9.829116	1.613748	24.789646	3.078516	2.249157	10.330135	0	1	0	1	0
hl	6	65.500000	27	2	37	8.000000	45.000000	0.476716	2.480601	2718.491302	-420.000000	0.000000	69.000000	2765.683880	1249.153731	2377.737809	0.000000	0	441.124760	26.275917	38.592927	-6.586553	-466.853082	35.774900	3.051158	-422.259223	46.365112	0.000000	-420.000000	0	45.710381	0.404860	0.440038	37.183913	-1.767697	-444.556153	9.181199	1.767697	24.556153	3.051158	2.259223	9.853082	0	1	0	1	0
hl	6	65.500000	27	2	37	8.000000	45.000000	0.476716	2.480601	2765.829737	-420.000000	0.000000	70.000000	2812.818714	1249.153731	2377.737809	0.000000	0	440.924980	26.274358	39.211145	-6.630273	-466.714711	37.629098	3.379663	-423.268382	46.365112	0.000000	-420.000000	0	44.612613	1.097768	0.001559	38.420122	-1.625305	-444.991547	7.944990	1.625305	24.991547	3.379663	3.268382	9.714711	0	1	0	1	0
hl	6	65.500000	27	2	37	8.000000	45.000000	0.476716	2.480601	2812.923936	-420.000000	0.000000	71.000000	2859.787588	1249.153731	2377.737809	0.000000	0	440.528306	26.200103	39.433559	-6.863066	-466.635654	38.482600	3.089927	-423.485083	46.365112	0.000000	-420.000000	0	44.293771	0.318842	0.074255	38.958079	-1.886569	-445.060369	7.407033	1.886569	25.060369	3.089927	3.485083	9.635654	0	1	0	1	0
hl	6	65.500000	27	2	37	8.000000	45.000000	0.476716	2.480601	2859.883400	-420.000000	0.000000	72.000000	2906.695724	1249.153731	2377.737809	0.000000	0	440.442445	26.146546	39.336993	-6.750631	-466.654658	38.619500	2.844468	-423.355803	46.365112	0.000000	-420.000000	0	44.355062	0.061291	0.053557	38.978246	-1.953081	-445.005230	7.386866	1.953081	25.005230	2.844468	3.355803	9.654658	0	1	0	1	0
hl	6	65.500000	27	2	37	8.000000	45.000000	0.476716	2.480601	2906.791964	-420.000000	0.000000	73.000000	2953.955884	1249.153731	2377.737809	0.000000	0	440.168499	26.109056	39.628507	-6.974311	-466.513549	38.935035	2.654724	-423.560171	46.365112	0.000000	-420.000000	0	44.024900	0.330162	0.037490	39.281771	-2.159793	-445.036860	7.083341	2.159793	25.036860	2.654724	3.560171	9.513549	0	1	0	1	0
hl	6	65.500000	27	2	37	8.000000	45.000000	0.476716	2.480601	2954.052551	-420.000000	0.000000	74.000000	3000.968814	1249.153731	2377.737809	0.000000	0	440.244934	25.999487	39.722232	-6.880589	-466.355034	38.785158	2.849534	-423.498299	46.365112	0.000000	-420.000000	0	43.957402	0.067499	0.109569	39.253695	-2.015528	-444.926667	7.111417	2.015528	24.926667	2.849534	3.498299	9.355034	0	1	0	1	0
hl	6	65.500000	27	2	37	8.000000	45.000000	0.476716	2.480601	3001.065054	-420.000000	0.000000	75.000000	3047.825194	1249.153731	2377.737809	0.000000	0	440.360339	25.994701	39.704932	-6.785431	-466.325349	38.592983	2.967502	-423.474547	46.365112	0.000000	-420.000000	0	43.960748	0.003346	0.004786	39.148958	-1.908964	-444.899948	7.216155	1.908964	24.899948	2.967502	3.474547	9.325349	0	1	0	1	0
hl	6	65.500000	27	2	37	8.000000	45.000000	0.476716	2.480601	3047.926567	-420.000000	0.000000	76.000000	3095.326595	1249.153731	2377.737809	0.000000	0	440.377719	26.131967	39.532346	-6.708602	-466.360959	38.897690	2.821631	-423.758049	46.365112	0.000000	-420.000000	0	43.660464	0.300284	0.137267	39.215018	-1.943485	-445.059504	7.150094	1.943485	25.059504	2.821631	3.758049	9.360959	0	1	0	1	0
hl	6	65.500000	27	2	37	8.000000	45.000000	0.476716	2.480601	3095.422407	-420.000000	0.000000	77.000000	3142.180409	1249.153731	2377.737809	0.000000	0	440.117687	25.991252	39.784446	-6.991036	-466.218049	38.778062	2.681893	-423.610536	46.365112	0.000000	-420.000000	0	43.703301	0.042837	0.140715	39.281254	-2.154572	-444.914293	7.083858	2.154572	24.914293	2.681893	3.610536	9.218049	0	1	0	1	0
hl	6	65.500000	27	2	37	8.000000	45.000000	0.476716	2.480601	3142.277077	-420.000000	0.000000	78.000000	3189.169814	1249.153731	2377.737809	0.000000	0	440.089354	26.139629	39.416818	-6.929056	-466.325023	38.887149	2.298096	-423.710545	46.365112	0.000000	-420.000000	0	43.605213	0.098087	0.148376	39.151984	-2.315480	-445.017784	7.213129	2.315480	25.017784	2.298096	3.710545	9.325023	0	1	0	1	0
hl	6	65.500000	27	2	37	8.000000	45.000000	0.476716	2.480601	3189.266054	-420.000000	0.000000	79.000000	3236.317480	1249.153731	2377.737809	0.000000	0	439.924566	26.033272	39.603713	-7.146696	-466.271381	38.801258	2.275136	-423.548092	46.365112	0.000000	-420.000000	0	43.757220	0.152007	0.106357	39.202485	-2.435780	-444.909737	7.162627	2.435780	24.909737	2.275136	3.548092	9.271381	0	1	0	1	0
hl	6	65.500000	27	2	37	8.000000	45.000000	0.476716	2.480601	3236.417997	-420.000000	0.000000	80.000000	3283.561386	1249.153731	2377.737809	0.000000	0	439.874290	26.082380	39.611561	-7.232007	-466.328273	38.948420	2.237207	-423.625889	46.365112	0.000000	-420.000000	0	43.744706	0.012514	0.049108	39.279990	-2.497400	-444.977081	7.085122	2.497400	24.977081	2.237207	3.625889	9.328273	0	1	0	1	0
hl	6	65.500000	27	2	37	8.000000	45.000000	0.476716	2.480601	3283.661048	-420.000000	0.000000	81.000000	3330.418194	1249.153731	2377.737809	0.000000	0	439.825650	26.108337	39.649885	-7.294417	-466.320441	38.957325	2.170449	-423.688223	46.365112	0.000000	-420.000000	0	43.675729	0.068977	0.025957	39.303605	-2.561984	-445.004332	7.061508	2.561984	25.004332	2.170449	3.688223	9.320441	0	1	0	1	0
hl	6	65.500000	27	2	37	8.000000	45.000000	0.476716	2.480601	3330.519139	-420.000000	0.000000	82.000000	3377.278424	1249.153731	2377.737809	0.000000	0	439.901306	26.127481	39.602522	-7.250870	-466.366721	38.894887	2.248948	-423.663158	46.365112	0.000000	-420.000000	0	43.753189	0.077460	0.019144	39.248705	-2.500961	-445.014940	7.116408	2.500961	25.014940	2.248948	3.663158	9.366721	0	1	0	1	0
hl	6	65.500000	27	2	37	8.000000	45.000000	0.476716	2.480601	3377.374664	-420.000000	0.000000	83.000000	3424.661771	1249.153731	2377.737809	0.000000	0	440.005020	26.175622	39.555358	-7.101920	-466.362971	38.971238	2.303322	-423.795608	46.365112	0.000000	-420.000000	0	43.597937	0.155252	0.048141	39.263298	-2.399299	-445.079290	7.101814	2.399299	25.079290	2.303322	3.795608	9.362971	0	1	0	1	0
hl	6	65.500000	27	2	37	8.000000	45.000000	0.476716	2.480601	3424.760149	-420.000000	0.000000	84.000000	3471.715335	1249.153731	2377.737809	0.000000	0	440.127198	26.221994	39.429304	-7.012991	-466.404580	38.977938	2.414467	-423.835619	46.365112	0.000000	-420.000000	0	43.602720	0.004782	0.046372	39.203621	-2.299262	-445.120099	7.161492	2.299262	25.120099	2.414467	3.835619	9.404580	0	1	0	1	0
hl	6	65.500000	27	2	37	8.000000	45.000000	0.476716	2.480601	3471.812003	-420.000000	0.000000	85.000000	3518.599518	1249.153731	2377.737809	0.000000	0	440.231355	26.188078	39.383185	-6.857128	-466.360144	38.885935	2.500326	-423.791192	46.365112	0.000000	-420.000000	0	43.588127	0.014593	0.033916	39.134560	-2.178401	-445.075668	7.230552	2.178401	25.075668	2.500326	3.791192	9.360144	0	1	0	1	0
hl	6	65.500000	27	2	37	8.000000	45.000000	0.476716	2.480601	3518.695758	-420.000000	0.000000	86.000000	3565.671904	1249.153731	2377.737809	0.000000	0	440.202121	26.175079	39.539902	-6.996865	-466.327573	38.938216	2.654748	-423.857709	46.365112	0.000000	-420.000000	0	43.556917	0.031210	0.012999	39.239059	-2.171058	-445.092641	7.126053	2.171058	25.092641	2.654748	3.857709	9.327573	0	1	0	1	0
hl	6	65.500000	27	2	37	8.000000	45.000000	0.476716	2.480601	3565.768143	-420.000000	0.000000	87.000000	3612.702799	1249.153731	2377.737809	0.000000	0	440.226511	26.232138	39.388217	-6.993462	-466.404477	38.921622	2.588943	-423.846422	46.365112	0.000000	-420.000000	0	43.626004	0.069087	0.057059	39.154919	-2.202260	-445.125450	7.210193	2.202260	25.125450	2.588943	3.846422	9.404477	0	1	0	1	0
hl	6	65.500000	27	2	37	8.000000	45.000000	0.476716	2.480601	3612.800749	-420.000000	0.000000	88.000000	3659.889816	1249.153731	2377.737809	0.000000	0	440.215588	26.134875	39.516450	-6.925754	-466.273965	38.799690	2.606910	-423.783088	46.365112	0.000000	-420.000000	0	43.552957	0.073047	0.097263	39.158070	-2.159422	-445.028526	7.207042	2.159422	25.028526	2.606910	3.783088	9.273965	0	1	0	1	0
hl	6	65.500000	27	2	37	8.000000	45.000000	0.476716	2.480601	3659.986056	-420.000000	0.000000	89.000000	3706.658939	1249.153731	2377.737809	0.000000	0	440.272545	26.234951	39.404511	-6.985977	-466.376830	38.897745	2.686289	-423.886845	46.365112	0.000000	-420.000000	0	43.579908	0.026951	0.100076	39.151128	-2.149844	-445.131838	7.213984	2.149844	25.131838	2.686289	3.886845	9.376830	0	1	0	1	0
hl	6	65.500000	27	2	37	8.000000	45.000000	0.476716	2.480601	3706.755607	-420.000000	0.000000	90.000000	3742.581194	1249.153731	2377.737809	3742.576917	0	440.391101	26.199234	  39.395177   -6.888513 -466.316776	  38.837475    2.891159 -423.877257	46.365112	0.000000	-420.000000	0	43.555319	0.024590	0.035717	0
