subjName	sessionNR	IOD	trialN	textureType	texnum	visualAngle	simulatedDepth	light_intensity	ambient_intensity	time	displayDistance	isRotated	frameN	timTote	startTime	touchTime	endTime	fingersOccluded	distanceToHome	distanceToObject	indexXraw	indexYraw	indexZraw	thumbXraw	thumbYraw	thumbZraw	targetX	targetY	targetZ	failCause	gripAperture	gripApertureVel	distFromObjVel	gripOriginX	gripOriginY	gripOriginZ	distFromObjX	distFromObjY	distFromObjZ	y_dist_thm	z_dist_thm	z_dist_ind	handOnObj	handnearObj	handfarObj	handTouchObj	framesOccluded
ivr	5	65.500000	44	3	40	8.000000	25.000000	0.298123	3.225211	2153.645583	-420.000000	0.000000	57.000000	2201.031336	0.000000	0.000000	0.000000	0	6.702901	434.926734	214.621938	-355.057656	-243.195889	217.055318	-359.566633	-237.853638	44.730667	0.000000	-420.000000	0	7.402152	4.357511	213.700163	215.838628	-357.312145	-240.524763	171.107961	357.312145	179.475237	359.566633	182.146362	193.804111	0	0	1	0	0
ivr	5	65.500000	44	3	40	8.000000	25.000000	0.298123	3.225211	2201.224668	-420.000000	0.000000	58.000000	2247.835808	0.000000	0.000000	0.000000	0	6.551504	435.027118	214.734875	-355.070347	-243.203931	217.291663	-359.654601	-237.892598	44.730667	0.000000	-420.000000	0	7.467450	0.065298	0.100384	216.013269	-357.362474	-240.548264	171.282602	357.362474	179.451736	359.654601	182.107402	193.796069	0	0	1	0	0
ivr	5	65.500000	44	3	40	8.000000	25.000000	0.298123	3.225211	2247.937607	-420.000000	0.000000	59.000000	2295.112918	0.000000	0.000000	0.000000	0	5.505604	434.678883	215.415322	-354.895502	-243.955650	217.957776	-359.171321	-238.810256	44.730667	0.000000	-420.000000	0	7.156940	0.310510	0.348234	216.686549	-357.033411	-241.382953	171.955882	357.033411	178.617047	359.171321	181.189744	193.044350	0	0	1	0	0
ivr	5	65.500000	44	3	40	8.000000	25.000000	0.298123	3.225211	2295.212151	-420.000000	0.000000	60.000000	2342.473863	0.000000	0.000000	0.000000	0	3.668791	433.785216	216.283030	-354.641828	-246.374763	219.087652	-358.695610	-241.240675	44.730667	0.000000	-420.000000	0	7.117438	0.039502	0.893667	217.685341	-356.668719	-243.807719	172.954674	356.668719	176.192281	358.695610	178.759325	190.625237	0	0	1	0	0
ivr	5	65.500000	44	3	40	8.000000	25.000000	0.298123	3.225211	2342.569246	-420.000000	0.000000	61.000000	2389.471667	0.000000	0.000000	0.000000	0	3.383317	433.109927	217.656995	-354.628383	-248.727951	219.372279	-358.673787	-243.804959	44.730667	0.000000	-420.000000	0	6.598738	0.518700	0.675289	218.514637	-356.651085	-246.266455	173.783970	356.651085	173.733545	358.673787	176.195041	188.272049	0	0	1	0	0
ivr	5	65.500000	44	3	40	8.000000	25.000000	0.298123	3.225211	2389.566623	-420.000000	0.000000	62.000000	2436.406596	0.000000	0.000000	0.000000	0	3.577705	433.190330	217.586046	-354.880965	-249.064900	219.519367	-358.946389	-244.222608	44.730667	0.000000	-420.000000	0	6.611595	0.012858	0.080403	218.552707	-356.913677	-246.643754	173.822039	356.913677	173.356246	358.946389	175.777392	187.935100	0	0	1	0	0
ivr	5	65.500000	44	3	40	8.000000	25.000000	0.298123	3.225211	2436.507539	-420.000000	0.000000	63.000000	2483.438191	0.000000	0.000000	0.000000	0	4.160582	433.070298	216.719811	-355.120801	-249.173901	219.050111	-359.126182	-244.241131	44.730667	0.000000	-420.000000	0	6.767984	0.156388	0.120033	217.884961	-357.123492	-246.707516	173.154294	357.123492	173.292484	359.126182	175.758869	187.826099	0	0	1	0	0
ivr	5	65.500000	44	3	40	8.000000	25.000000	0.298123	3.225211	2483.532718	-420.000000	0.000000	64.000000	2530.610080	0.000000	0.000000	0.000000	0	3.392563	433.658219	217.731745	-355.350065	-248.850843	219.555230	-359.288204	-243.949973	44.730667	0.000000	-420.000000	0	6.546187	0.221797	0.587922	218.643488	-357.319134	-246.400408	173.912821	357.319134	173.599592	359.288204	176.050027	188.149157	0	0	1	0	0
ivr	5	65.500000	44	3	40	8.000000	25.000000	0.298123	3.225211	2530.714873	-420.000000	0.000000	65.000000	2577.674610	0.000000	0.000000	0.000000	0	3.248997	433.919378	217.928501	-355.603846	-248.689191	219.432170	-359.385584	-243.603644	44.730667	0.000000	-420.000000	0	6.513475	0.032712	0.261159	218.680335	-357.494715	-246.146417	173.949668	357.494715	173.853583	359.385584	176.396356	188.310809	0	0	1	0	0
ivr	5	65.500000	44	3	40	8.000000	25.000000	0.298123	3.225211	2577.849550	-420.000000	0.000000	66.000000	2624.355896	0.000000	0.000000	0.000000	0	2.851872	434.233734	218.091697	-355.627334	-248.459898	219.957281	-359.536762	-243.312142	44.730667	0.000000	-420.000000	0	6.727810	0.214334	0.314356	219.024489	-357.582048	-245.886020	174.293822	357.582048	174.113980	359.536762	176.687858	188.540102	0	0	1	0	0
ivr	5	65.500000	44	3	40	8.000000	25.000000	0.298123	3.225211	2624.453418	-420.000000	0.000000	67.000000	2671.803670	0.000000	0.000000	0.000000	0	3.296318	433.879309	217.688308	-355.531539	-248.657360	219.511766	-359.414204	-243.585006	44.730667	0.000000	-420.000000	0	6.642956	0.084854	0.354425	218.600037	-357.472872	-246.121183	173.869370	357.472872	173.878817	359.414204	176.414994	188.342640	0	0	1	0	0
ivr	5	65.500000	44	3	40	8.000000	25.000000	0.298123	3.225211	2671.903758	-420.000000	0.000000	68.000000	2719.933668	2707.617265	0.000000	0.000000	0	6.442439	429.710625	216.769598	-352.828674	-251.167903	218.002328	-355.809424	-246.490854	44.730667	0.000000	-420.000000	0	5.681485	0.961471	4.168684	217.385963	-354.319049	-248.829378	172.655296	354.319049	171.170622	355.809424	173.509146	185.832097	0	0	1	0	0
ivr	5	65.500000	44	3	40	8.000000	25.000000	0.298123	3.225211	2720.048299	-420.000000	0.000000	69.000000	2766.561916	2707.617265	0.000000	0.000000	0	28.768211	406.605522	215.539324	-331.873747	-261.546212	210.461196	-331.915014	-250.676334	44.730667	0.000000	-420.000000	0	11.997639	6.316153	23.105103	213.000260	-331.894381	-256.111273	168.269593	331.894381	163.888727	331.915014	169.323666	175.453788	0	0	1	0	0
ivr	5	65.500000	44	3	40	8.000000	25.000000	0.298123	3.225211	2766.665854	-420.000000	0.000000	70.000000	2813.838599	2707.617265	0.000000	0.000000	0	68.964693	367.004787	205.903530	-296.578140	-290.455078	199.269336	-297.276686	-255.550485	44.730667	0.000000	-420.000000	0	35.536335	23.538696	39.600735	202.586433	-296.927413	-273.002782	157.855766	296.927413	146.997218	297.276686	164.449515	146.544922	0	0	1	0	0
ivr	5	65.500000	44	3	40	8.000000	25.000000	0.298123	3.225211	2813.939542	-420.000000	0.000000	71.000000	2860.842392	2707.617265	0.000000	0.000000	0	113.253989	323.870568	195.942416	-257.994219	-309.528301	186.710058	-253.813611	-262.777323	44.730667	0.000000	-420.000000	0	47.836888	12.300553	43.134219	191.326237	-255.903915	-286.152812	146.595570	255.903915	133.847188	253.813611	157.222677	127.471699	0	0	1	0	0
ivr	5	65.500000	44	3	40	8.000000	25.000000	0.298123	3.225211	2860.956595	-420.000000	0.000000	72.000000	2908.095121	2707.617265	0.000000	0.000000	0	156.805212	280.846376	180.543051	-218.852808	-326.158485	170.745815	-215.765493	-272.901642	44.730667	0.000000	-420.000000	0	54.238443	6.401555	43.024192	175.644433	-217.309151	-299.530063	130.913766	217.309151	120.469937	215.765493	147.098358	110.841515	0	0	1	0	0
ivr	5	65.500000	44	3	40	8.000000	25.000000	0.298123	3.225211	2908.193926	-420.000000	0.000000	73.000000	2954.681880	2707.617265	0.000000	0.000000	0	200.176177	237.435038	161.106684	-181.944913	-343.404645	152.922344	-179.555553	-285.909918	44.730667	0.000000	-420.000000	0	58.123456	3.885014	43.411338	157.014514	-180.750233	-314.657282	112.283847	180.750233	105.342718	179.555553	134.090082	93.595355	0	0	0	0	0
ivr	5	65.500000	44	3	40	8.000000	25.000000	0.298123	3.225211	2954.778546	-420.000000	0.000000	74.000000	3001.365733	2707.617265	0.000000	0.000000	0	244.409631	193.097743	142.896291	-146.538353	-364.738893	135.947351	-142.981573	-303.623388	44.730667	0.000000	-420.000000	0	61.612039	3.488583	44.337295	139.421821	-144.759963	-334.181140	94.691154	144.759963	85.818860	142.981573	116.376612	72.261107	0	0	0	0	0
ivr	5	65.500000	44	3	40	8.000000	25.000000	0.298123	3.225211	3001.461971	-420.000000	0.000000	75.000000	3048.759185	2707.617265	0.000000	0.000000	0	286.406927	150.737396	126.096009	-114.408765	-389.435232	119.033009	-111.180363	-325.009331	44.730667	0.000000	-420.000000	0	64.892259	3.280219	42.360346	122.564509	-112.794564	-357.222281	77.833842	112.794564	62.777719	111.180363	94.990669	47.564768	0	0	0	0	0
ivr	5	65.500000	44	3	40	8.000000	25.000000	0.298123	3.225211	3048.998284	-420.000000	0.000000	76.000000	3095.520456	2707.617265	0.000000	0.000000	0	326.642074	111.018802	111.757492	-85.392476	-418.282023	103.341420	-80.849751	-345.040614	44.730667	0.000000	-420.000000	0	73.863189	8.970930	39.718595	107.549456	-83.121114	-381.661318	62.818789	83.121114	38.338682	80.849751	74.959386	18.717977	0	0	0	0	0
ivr	5	65.500000	44	3	40	8.000000	25.000000	0.298123	3.225211	3095.620544	-420.000000	0.000000	77.000000	3142.575148	2707.617265	0.000000	0.000000	0	361.092436	78.243428	98.616683	-62.421093	-443.270239	88.389888	-55.374340	-363.604262	44.730667	0.000000	-420.000000	0	80.628233	6.765044	32.775374	93.503285	-58.897717	-403.437251	48.772618	58.897717	16.562749	55.374340	56.395738	6.270239	0	0	0	0	0
ivr	5	65.500000	44	3	40	8.000000	25.000000	0.298123	3.225211	3142.670959	-420.000000	0.000000	78.000000	3189.497673	2707.617265	0.000000	0.000000	0	389.020317	53.828236	86.831615	-44.086262	-462.099322	75.205395	-35.412833	-379.507232	44.730667	0.000000	-420.000000	0	83.856131	3.227898	24.415192	81.018505	-39.749548	-420.803277	36.287838	39.749548	0.803277	35.412833	40.492768	25.099322	0	0	0	0	0
ivr	5	65.500000	44	3	40	8.000000	25.000000	0.298123	3.225211	3189.594767	-420.000000	0.000000	79.000000	3236.703781	2707.617265	0.000000	0.000000	0	409.490138	38.424082	75.234076	-32.106534	-474.202200	63.204629	-21.191855	-391.607473	44.730667	0.000000	-420.000000	0	84.176759	0.320628	15.404154	69.219352	-26.649194	-432.904837	24.488685	26.649194	12.904837	21.191855	28.392527	37.202200	0	1	0	0	0
ivr	5	65.500000	44	3	40	8.000000	25.000000	0.298123	3.225211	3236.799164	-420.000000	0.000000	80.000000	3283.551881	2707.617265	0.000000	0.000000	0	423.666719	29.329179	63.847336	-23.166761	-478.134585	53.491706	-11.748066	-399.873194	44.730667	0.000000	-420.000000	0	79.765098	4.411661	9.094903	58.669521	-17.457414	-439.003889	13.938854	17.457414	19.003889	11.748066	20.126806	41.134585	0	1	0	0	0
ivr	5	65.500000	44	3	40	8.000000	25.000000	0.298123	3.225211	3283.649830	-420.000000	0.000000	81.000000	3330.305881	2707.617265	0.000000	0.000000	0	432.717685	24.755671	54.486429	-17.553934	-477.965306	44.989671	-5.951050	-404.444518	44.730667	0.000000	-420.000000	0	75.034137	4.730961	4.573508	49.738050	-11.752492	-441.204912	5.007383	11.752492	21.204912	5.951050	15.555482	40.965306	0	1	0	0	0
ivr	5	65.500000	44	3	40	8.000000	25.000000	0.298123	3.225211	3330.407252	-420.000000	0.000000	82.000000	3377.830217	2707.617265	3366.099800	0.000000	0	436.915901	25.684487	45.810592	-16.308195	-473.421015	39.090166	-6.080183	-412.586954	44.730667	0.000000	-420.000000	0	62.052875	12.981261	0.928816	42.450379	-11.194189	-443.003985	2.280288	11.194189	23.003985	6.080183	7.413046	36.421015	0	1	0	1	0
ivr	5	65.500000	44	3	40	8.000000	25.000000	0.298123	3.225211	3377.930733	-420.000000	0.000000	83.000000	3424.321165	2707.617265	3366.099800	0.000000	0	436.866131	27.477046	40.258754	-18.110588	-465.578014	35.868888	-8.966895	-420.345563	44.730667	0.000000	-420.000000	0	46.355719	15.697157	1.792559	38.063821	-13.538742	-442.961788	6.666846	13.538742	22.961788	8.966895	0.345563	28.578014	0	1	0	1	0
ivr	5	65.500000	44	3	40	8.000000	25.000000	0.298123	3.225211	3424.422536	-420.000000	0.000000	84.000000	3471.613246	2707.617265	3366.099800	0.000000	0	434.623048	27.310678	36.787661	-20.146226	-455.539186	33.762472	-12.130519	-424.261200	44.730667	0.000000	-420.000000	0	32.430166	13.925553	0.166368	35.275066	-16.138373	-439.900193	9.455601	16.138373	19.900193	12.130519	4.261200	18.539186	0	1	0	1	0
ivr	5	65.500000	44	3	40	8.000000	25.000000	0.298123	3.225211	3471.709484	-420.000000	0.000000	85.000000	3518.714560	2707.617265	3366.099800	0.000000	0	435.036786	22.256933	36.451563	-17.135333	-448.468153	33.831091	-8.991657	-422.044842	44.730667	0.000000	-420.000000	0	27.773687	4.656480	5.053745	35.141327	-13.063495	-435.256497	9.589340	13.063495	15.256497	8.991657	2.044842	11.468153	0	1	0	1	0
ivr	5	65.500000	44	3	40	8.000000	25.000000	0.298123	3.225211	3518.844589	-420.000000	0.000000	86.000000	3566.067806	2707.617265	3366.099800	0.000000	0	438.627273	15.774104	37.106226	-10.240356	-448.162573	34.795826	-1.993011	-415.017285	44.730667	0.000000	-420.000000	0	34.234000	6.460314	6.482829	35.951026	-6.116683	-431.589929	8.779641	6.116683	11.589929	1.993011	4.982715	11.162573	0	1	0	1	0
ivr	5	65.500000	44	3	40	8.000000	25.000000	0.298123	3.225211	3566.196979	-420.000000	0.000000	87.000000	3612.483046	2707.617265	3366.099800	0.000000	0	441.189804	11.968868	38.899711	-3.705256	-448.547351	35.716484	1.651576	-410.118646	44.730667	0.000000	-420.000000	0	38.930630	4.696629	3.805236	37.308097	-1.026840	-429.332999	7.422570	1.026840	9.332999	1.651576	9.881354	11.547351	0	1	0	1	0
ivr	5	65.500000	44	3	40	8.000000	25.000000	0.298123	3.225211	3612.579712	-420.000000	0.000000	88.000000	3659.798652	2707.617265	3366.099800	0.000000	0	443.511362	10.768837	41.295119	-0.333882	-448.003284	38.660342	7.017146	-410.130765	44.730667	0.000000	-420.000000	0	38.669204	0.261425	1.200031	39.977731	3.341632	-429.067025	4.752937	3.341632	9.067025	7.017146	9.869235	11.003284	0	1	0	1	0
ivr	5	65.500000	44	3	40	8.000000	25.000000	0.298123	3.225211	3659.897884	-420.000000	0.000000	89.000000	3707.057370	2707.617265	3366.099800	0.000000	0	444.639163	13.738122	42.765544	-0.216288	-447.512546	44.040945	9.085672	-418.356930	44.730667	0.000000	-420.000000	0	30.630100	8.039104	2.969285	43.403244	4.434692	-432.934738	1.327423	4.434692	12.934738	9.085672	1.643070	10.512546	0	1	0	1	0
ivr	5	65.500000	44	3	40	8.000000	25.000000	0.298123	3.225211	3707.154892	-420.000000	0.000000	90.000000	3753.549601	2707.617265	3366.099800	0.000000	0	444.100817	15.202147	43.716839	-0.600168	-447.365981	45.178783	7.167499	-422.315178	44.730667	0.000000	-420.000000	0	26.268168	4.361932	1.464025	44.447811	3.283666	-434.840579	0.282856	3.283666	14.840579	7.167499	2.315178	10.365981	0	1	0	1	0
ivr	5	65.500000	44	3	40	8.000000	25.000000	0.298123	3.225211	3753.650117	-420.000000	0.000000	91.000000	3800.674440	2707.617265	3366.099800	0.000000	0	444.303591	15.247751	43.540374	-0.285997	-447.060553	44.958321	7.149887	-422.636854	44.730667	0.000000	-420.000000	0	25.569904	0.698264	0.045604	44.249348	3.431945	-434.848703	0.481319	3.431945	14.848703	7.149887	2.636854	10.060553	0	1	0	1	0
ivr	5	65.500000	44	3	40	8.000000	25.000000	0.298123	3.225211	3800.771962	-420.000000	0.000000	92.000000	3847.819383	2707.617265	3366.099800	0.000000	0	444.178253	15.443032	43.899799	-0.315003	-447.125408	44.990398	6.800218	-423.066722	44.730667	0.000000	-420.000000	0	25.112470	0.457434	0.195281	44.445098	3.242608	-435.096065	0.285569	3.242608	15.096065	6.800218	3.066722	10.125408	0	1	0	1	0
ivr	5	65.500000	44	3	40	8.000000	25.000000	0.298123	3.225211	3847.919899	-420.000000	0.000000	93.000000	3894.934385	2707.617265	3366.099800	0.000000	0	444.438410	15.576194	43.485490	-0.443962	-447.052790	44.752996	7.140942	-423.346658	44.730667	0.000000	-420.000000	0	24.922240	0.190230	0.133162	44.119243	3.348490	-435.199724	0.611424	3.348490	15.199724	7.140942	3.346658	10.052790	0	1	0	1	0
ivr	5	65.500000	44	3	40	8.000000	25.000000	0.298123	3.225211	3895.033189	-420.000000	0.000000	94.000000	3941.973679	2707.617265	3366.099800	0.000000	0	444.499798	15.691344	43.546377	-0.487259	-447.034960	44.894821	7.322659	-423.577289	44.730667	0.000000	-420.000000	0	24.760361	0.161879	0.115150	44.220599	3.417700	-435.306125	0.510068	3.417700	15.306125	7.322659	3.577289	10.034960	0	1	0	1	0
ivr	5	65.500000	44	3	40	8.000000	25.000000	0.298123	3.225211	3942.070773	-420.000000	0.000000	95.000000	3989.105362	2707.617265	3366.099800	0.000000	0	444.304174	15.697770	43.933286	-0.642968	-447.030313	45.113891	7.252556	-423.658802	44.730667	0.000000	-420.000000	0	24.697381	0.062980	0.006425	44.523589	3.304794	-435.344557	0.207079	3.304794	15.344557	7.252556	3.658802	10.030313	0	1	0	1	0
ivr	5	65.500000	44	3	40	8.000000	25.000000	0.298123	3.225211	3989.202456	-420.000000	0.000000	96.000000	4036.235334	2707.617265	3366.099800	0.000000	0	444.124505	15.634793	43.598016	-0.846731	-447.011940	45.366846	6.989960	-423.644238	44.730667	0.000000	-420.000000	0	24.710159	0.012778	0.062977	44.482431	3.071615	-435.328089	0.248236	3.071615	15.328089	6.989960	3.644238	10.011940	0	1	0	1	0
ivr	5	65.500000	44	3	40	8.000000	25.000000	0.298123	3.225211	4036.441498	-420.000000	0.000000	97.000000	4083.048360	2707.617265	3366.099800	0.000000	0	443.821903	15.524099	43.491274	-1.111829	-446.945563	45.554072	6.600641	-423.610785	44.730667	0.000000	-420.000000	0	24.662709	0.047450	0.110694	44.522673	2.744406	-435.278174	0.207994	2.744406	15.278174	6.600641	3.610785	9.945563	0	1	0	1	0
ivr	5	65.500000	44	3	40	8.000000	25.000000	0.298123	3.225211	4083.157431	-420.000000	0.000000	98.000000	4130.458494	2707.617265	3366.099800	0.000000	0	443.559071	15.543699	43.468417	-1.340827	-446.982719	45.840018	6.233996	-423.716790	44.730667	0.000000	-420.000000	0	24.582634	0.080075	0.019601	44.654217	2.446585	-435.349755	0.076450	2.446585	15.349755	6.233996	3.716790	9.982719	0	1	0	1	0
ivr	5	65.500000	44	3	40	8.000000	25.000000	0.298123	3.225211	4130.558582	-420.000000	0.000000	99.000000	4177.336962	2707.617265	3366.099800	0.000000	0	443.553099	15.500602	43.571071	-1.394265	-446.970334	45.676622	6.289591	-423.641180	44.730667	0.000000	-420.000000	0	24.652068	0.069433	0.043097	44.623847	2.447663	-435.305757	0.106820	2.447663	15.305757	6.289591	3.641180	9.970334	0	1	0	1	0
ivr	5	65.500000	44	3	40	8.000000	25.000000	0.298123	3.225211	4177.436623	-420.000000	0.000000	100.000000	4224.264192	2707.617265	3366.099800	0.000000	0	443.779857	15.441467	43.245486	-1.231863	-446.960761	45.373330	6.478098	-423.461647	44.730667	0.000000	-420.000000	0	24.822965	0.170897	0.059134	44.309408	2.623118	-435.211204	0.421259	2.623118	15.211204	6.478098	3.461647	9.960761	0	1	0	1	0
ivr	5	65.500000	44	3	40	8.000000	25.000000	0.298123	3.225211	4224.364280	-420.000000	0.000000	101.000000	4271.639679	2707.617265	3366.099800	0.000000	0	443.766306	15.407726	43.544072	-1.231508	-446.925770	45.187015	6.540147	-423.420187	44.730667	0.000000	-420.000000	0	24.811495	0.011469	0.033742	44.365543	2.654320	-435.172978	0.365124	2.654320	15.172978	6.540147	3.420187	9.925770	0	1	0	1	0
ivr	5	65.500000	44	3	40	8.000000	25.000000	0.298123	3.225211	4271.740195	-420.000000	0.000000	102.000000	4318.522425	2707.617265	3366.099800	0.000000	0	443.821467	15.465473	43.636050	-1.259638	-446.902555	45.125217	6.665802	-423.544231	44.730667	0.000000	-420.000000	0	24.711162	0.100333	0.057748	44.380634	2.703082	-435.223393	0.350034	2.703082	15.223393	6.665802	3.544231	9.902555	0	1	0	1	0
ivr	5	65.500000	44	3	40	8.000000	25.000000	0.298123	3.225211	4318.619947	-420.000000	0.000000	103.000000	4365.641704	2707.617265	3366.099800	0.000000	0	443.703825	15.418492	43.812574	-1.336184	-446.838057	45.112298	6.564803	-423.547684	44.730667	0.000000	-420.000000	0	24.628364	0.082798	0.046982	44.462436	2.614310	-435.192871	0.268231	2.614310	15.192871	6.564803	3.547684	9.838057	0	1	0	1	0
ivr	5	65.500000	44	3	40	8.000000	25.000000	0.298123	3.225211	4365.737943	-420.000000	0.000000	104.000000	4412.862782	2707.617265	3366.099800	0.000000	0	443.586324	15.377955	43.576030	-1.376871	-446.822638	45.328468	6.324162	-423.527654	44.730667	0.000000	-420.000000	0	24.597423	0.030942	0.040537	44.452249	2.473645	-435.175146	0.278418	2.473645	15.175146	6.324162	3.527654	9.822638	0	1	0	1	0
ivr	5	65.500000	44	3	40	8.000000	25.000000	0.298123	3.225211	4412.963726	-420.000000	0.000000	105.000000	4459.816958	2707.617265	3366.099800	0.000000	0	443.377265	15.300573	43.941517	-1.604998	-446.796462	45.290705	6.253170	-423.448739	44.730667	0.000000	-420.000000	0	24.671588	0.074165	0.077381	44.616111	2.324086	-435.122600	0.114556	2.324086	15.122600	6.253170	3.448739	9.796462	0	1	0	1	0
ivr	5	65.500000	44	3	40	8.000000	25.000000	0.298123	3.225211	4459.914053	-420.000000	0.000000	106.000000	4506.889187	2707.617265	3366.099800	0.000000	0	443.458531	15.363715	43.547873	-1.508717	-446.818489	45.467512	6.186685	-423.547490	44.730667	0.000000	-420.000000	0	24.585434	0.086153	0.063142	44.507692	2.338984	-435.182990	0.222975	2.338984	15.182990	6.186685	3.547490	9.818489	0	1	0	1	0
ivr	5	65.500000	44	3	40	8.000000	25.000000	0.298123	3.225211	4507.073966	-420.000000	0.000000	107.000000	4553.837803	2707.617265	3366.099800	0.000000	0	443.494051	15.301095	43.630795	-1.517429	-446.779542	45.340200	6.341105	-423.436112	44.730667	0.000000	-420.000000	0	24.689965	0.104530	0.062620	44.485497	2.411838	-435.107827	0.245170	2.411838	15.107827	6.341105	3.436112	9.779542	0	1	0	1	0
ivr	5	65.500000	44	3	40	8.000000	25.000000	0.298123	3.225211	4553.942596	-420.000000	0.000000	108.000000	4600.852717	2707.617265	3366.099800	0.000000	0	443.545380	15.413911	43.331398	-1.448404	-446.802055	45.524493	6.217309	-423.648652	44.730667	0.000000	-420.000000	0	24.487811	0.202154	0.112816	44.427945	2.384452	-435.225354	0.302722	2.384452	15.225354	6.217309	3.648652	9.802055	0	1	0	1	0
ivr	5	65.500000	44	3	40	8.000000	25.000000	0.298123	3.225211	4600.952377	-420.000000	0.000000	109.000000	4648.196125	2707.617265	3366.099800	0.000000	0	443.626203	15.488149	43.296128	-1.484768	-446.809122	45.562135	6.385634	-423.771081	44.730667	0.000000	-420.000000	0	24.450548	0.037263	0.074238	44.429131	2.450433	-435.290102	0.301536	2.450433	15.290102	6.385634	3.771081	9.809122	0	1	0	1	0
ivr	5	65.500000	44	3	40	8.000000	25.000000	0.298123	3.225211	4648.293219	-420.000000	0.000000	110.000000	4695.242263	2707.617265	3366.099800	0.000000	0	443.539966	15.474443	43.340532	-1.441533	-446.781040	45.744607	6.245770	-423.790373	44.730667	0.000000	-420.000000	0	24.360725	0.089823	0.013706	44.542570	2.402119	-435.285707	0.188098	2.402119	15.285707	6.245770	3.790373	9.781040	0	1	0	1	0
ivr	5	65.500000	44	3	40	8.000000	25.000000	0.298123	3.225211	4695.346628	-420.000000	0.000000	111.000000	4730.467305	2707.617265	3366.099800	4730.462600	0	443.378665	15.430620	  43.606075   -1.661255 -446.777903	  45.662624    6.180587 -423.750030	44.730667	0.000000	-420.000000	0	24.413251	0.052526	0.043823	0
