subjName	sessionNR	IOD	trialN	textureType	texnum	visualAngle	simulatedDepth	light_intensity	ambient_intensity	time	displayDistance	isRotated	frameN	timTote	startTime	touchTime	endTime	fingersOccluded	distanceToHome	distanceToObject	indexXraw	indexYraw	indexZraw	thumbXraw	thumbYraw	thumbZraw	targetX	targetY	targetZ	failCause	gripAperture	gripApertureVel	distFromObjVel	gripOriginX	gripOriginY	gripOriginZ	distFromObjX	distFromObjY	distFromObjZ	y_dist_thm	z_dist_thm	z_dist_ind	handOnObj	handnearObj	handfarObj	handTouchObj	framesOccluded
ivr	3	65.500000	22	2	46	8.000000	45.000000	0.467646	2.542953	884.882796	-420.000000	0.000000	30.000000	931.714215	0.000000	0.000000	0.000000	0	9.076744	435.723099	227.176176	-354.512322	-247.404193	230.471814	-354.818173	-244.656406	44.971542	0.000000	-420.000000	0	4.301756	0.043947	0.000633	228.823995	-354.665247	-246.030300	183.852453	354.665247	173.969700	354.818173	175.343594	209.595807	0	0	1	0	0
ivr	3	65.500000	22	2	46	8.000000	45.000000	0.467646	2.542953	931.906264	-420.000000	0.000000	31.000000	979.130764	0.000000	0.000000	0.000000	0	8.961651	435.708582	227.227768	-354.343059	-247.620885	230.742112	-354.902525	-244.679742	44.971542	0.000000	-420.000000	0	4.616702	0.314945	0.014516	228.984940	-354.622792	-246.150313	184.013398	354.622792	173.849687	354.902525	175.320258	209.379115	0	0	1	0	0
ivr	3	65.500000	22	2	46	8.000000	45.000000	0.467646	2.542953	979.234274	-420.000000	0.000000	32.000000	1026.033613	0.000000	0.000000	0.000000	0	8.812935	435.650055	227.699656	-354.218267	-247.888395	230.520324	-354.903249	-244.717467	44.971542	0.000000	-420.000000	0	4.298855	0.317847	0.058527	229.109990	-354.560758	-246.302931	184.138447	354.560758	173.697069	354.903249	175.282533	209.111605	0	0	1	0	0
ivr	3	65.500000	22	2	46	8.000000	45.000000	0.467646	2.542953	1026.136696	-420.000000	0.000000	33.000000	1073.257686	0.000000	0.000000	0.000000	0	8.749177	435.446118	227.004355	-353.967464	-248.007435	230.868654	-354.873621	-244.681215	44.971542	0.000000	-420.000000	0	5.178577	0.879722	0.203937	228.936505	-354.420542	-246.344325	183.964962	354.420542	173.655675	354.873621	175.318785	208.992565	0	0	1	0	0
ivr	3	65.500000	22	2	46	8.000000	45.000000	0.467646	2.542953	1073.365473	-420.000000	0.000000	34.000000	1120.366271	0.000000	0.000000	0.000000	0	8.633920	434.711128	227.240767	-353.183416	-248.486918	230.192695	-354.161868	-244.369691	44.971542	0.000000	-420.000000	0	5.159729	0.018848	0.734990	228.716731	-353.672642	-246.428305	183.745188	353.672642	173.571695	354.161868	175.630309	208.513082	0	0	1	0	0
ivr	3	65.500000	22	2	46	8.000000	45.000000	0.467646	2.542953	1120.465504	-420.000000	0.000000	35.000000	1167.979575	0.000000	0.000000	0.000000	0	11.228664	428.821383	225.694205	-349.292293	-250.709154	224.812209	-346.708395	-241.256015	44.971542	0.000000	-420.000000	0	9.839527	4.679798	5.889745	225.253207	-348.000344	-245.982585	180.281664	348.000344	174.017415	346.708395	178.743985	206.290846	0	0	1	0	0
ivr	3	65.500000	22	2	46	8.000000	45.000000	0.467646	2.542953	1168.077952	-420.000000	0.000000	36.000000	1215.069341	1203.359455	0.000000	0.000000	0	21.485686	415.892452	221.540709	-337.011439	-256.544433	220.331062	-333.167971	-238.677545	44.971542	0.000000	-420.000000	0	18.315600	8.476073	12.928931	220.935885	-335.089705	-247.610989	175.964343	335.089705	172.389011	333.167971	181.322455	200.455567	0	0	1	0	0
ivr	3	65.500000	22	2	46	8.000000	45.000000	0.467646	2.542953	1215.183116	-420.000000	0.000000	37.000000	1273.863433	1203.359455	0.000000	0.000000	0	43.647977	393.161563	215.884233	-315.704485	-265.363435	212.734328	-309.498076	-238.891513	44.971542	0.000000	-420.000000	0	27.371593	9.055993	22.730889	214.309280	-312.601280	-252.127474	169.337738	312.601280	167.872526	309.498076	181.108487	191.636565	0	0	1	0	0
ivr	3	65.500000	22	2	46	8.000000	45.000000	0.467646	2.542953	1273.968226	-420.000000	0.000000	38.000000	1320.878774	1203.359455	0.000000	0.000000	0	67.176342	369.416942	208.584293	-293.999295	-275.447122	204.493513	-286.779674	-241.821953	44.971542	0.000000	-420.000000	0	34.633934	7.262341	23.744621	206.538903	-290.389484	-258.634538	161.567361	290.389484	161.365462	286.779674	178.178047	181.552878	0	0	1	0	0
ivr	3	65.500000	22	2	46	8.000000	45.000000	0.467646	2.542953	1321.059703	-420.000000	0.000000	39.000000	1367.900959	1203.359455	0.000000	0.000000	0	96.296016	339.965998	199.103512	-267.751926	-289.068853	193.816682	-260.178232	-247.942468	44.971542	0.000000	-420.000000	0	42.150813	7.516879	29.450944	196.460097	-263.965079	-268.505660	151.488554	263.965079	151.494340	260.178232	172.057532	167.931147	0	0	1	0	0
ivr	3	65.500000	22	2	46	8.000000	45.000000	0.467646	2.542953	1368.013879	-420.000000	0.000000	40.000000	1415.283718	1203.359455	0.000000	0.000000	0	130.785218	305.564291	187.882776	-237.194469	-303.925515	181.749402	-229.129364	-257.158303	44.971542	0.000000	-420.000000	0	47.852234	5.701421	34.401708	184.816089	-233.161917	-280.541909	139.844547	233.161917	139.458091	229.129364	162.841697	153.074485	0	0	1	0	0
ivr	3	65.500000	22	2	46	8.000000	45.000000	0.467646	2.542953	1415.437700	-420.000000	0.000000	41.000000	1462.271257	1203.359455	0.000000	0.000000	0	170.344106	266.628232	174.930010	-202.283878	-321.172211	168.572168	-193.763093	-267.397801	44.971542	0.000000	-420.000000	0	54.815264	6.963030	38.936059	171.751089	-198.023486	-294.285006	126.779547	198.023486	125.714994	193.763093	152.602199	135.827789	0	0	1	0	0
ivr	3	65.500000	22	2	46	8.000000	45.000000	0.467646	2.542953	1462.373911	-420.000000	0.000000	42.000000	1509.062897	1203.359455	0.000000	0.000000	0	211.931132	225.732125	161.276505	-165.213502	-339.823079	154.825000	-158.172698	-280.874156	44.971542	0.000000	-420.000000	0	59.717421	4.902157	40.896107	158.050752	-161.693100	-310.348618	113.079210	161.693100	109.651382	158.172698	139.125844	117.176921	0	0	0	0	0
ivr	3	65.500000	22	2	46	8.000000	45.000000	0.467646	2.542953	1509.161274	-420.000000	0.000000	43.000000	1555.203964	1203.359455	0.000000	0.000000	0	252.259621	185.776766	148.646625	-130.130409	-360.749528	141.110397	-125.106911	-297.645603	44.971542	0.000000	-420.000000	0	63.750574	4.033153	39.955358	144.878511	-127.618660	-329.197565	99.906968	127.618660	90.802435	125.106911	122.354397	96.250472	0	0	0	0	0
ivr	3	65.500000	22	2	46	8.000000	45.000000	0.467646	2.542953	1555.303197	-420.000000	0.000000	44.000000	1602.945586	1203.359455	0.000000	0.000000	0	290.646029	148.010736	136.497734	-98.373052	-382.307608	128.009607	-93.762769	-315.425534	44.971542	0.000000	-420.000000	0	67.575993	3.825419	37.766030	132.253670	-96.067911	-348.866571	87.282128	96.067911	71.133429	93.762769	104.574466	74.692392	0	0	0	0	0
ivr	3	65.500000	22	2	46	8.000000	45.000000	0.467646	2.542953	1603.046102	-420.000000	0.000000	45.000000	1649.929275	1203.359455	0.000000	0.000000	0	325.161463	113.957993	124.487783	-72.575951	-404.792535	114.794332	-66.108406	-333.177081	44.971542	0.000000	-420.000000	0	72.557325	4.981332	34.052744	119.641058	-69.342179	-368.984808	74.669515	69.342179	51.015192	66.108406	86.822919	52.207465	0	0	0	0	0
ivr	3	65.500000	22	2	46	8.000000	45.000000	0.467646	2.542953	1650.028936	-420.000000	0.000000	46.000000	1696.976696	1203.359455	0.000000	0.000000	0	354.181196	85.354612	113.343880	-52.198254	-424.662604	101.225883	-44.847889	-350.592692	44.971542	0.000000	-420.000000	0	75.413697	2.856372	28.603380	107.284881	-48.523071	-387.627648	62.313339	48.523071	32.372352	44.847889	69.407308	32.337396	0	0	0	0	0
ivr	3	65.500000	22	2	46	8.000000	45.000000	0.467646	2.542953	1697.076784	-420.000000	0.000000	47.000000	1743.786728	1203.359455	0.000000	0.000000	0	378.008556	62.559235	102.291297	-36.318987	-440.458997	89.386053	-28.078726	-365.515935	44.971542	0.000000	-420.000000	0	76.491240	1.077544	22.795377	95.838675	-32.198856	-402.987466	50.867133	32.198856	17.012534	28.078726	54.484065	16.541003	0	0	0	0	0
ivr	3	65.500000	22	2	46	8.000000	45.000000	0.467646	2.542953	1743.889811	-420.000000	0.000000	48.000000	1791.159650	1203.359455	0.000000	0.000000	0	396.214042	45.431729	91.556262	-25.855626	-451.260966	78.785354	-14.626554	-376.352053	44.971542	0.000000	-420.000000	0	76.814930	0.323689	17.127506	85.170808	-20.241090	-413.806510	40.199265	20.241090	6.193490	14.626554	43.647947	5.739034	0	0	0	0	0
ivr	3	65.500000	22	2	46	8.000000	45.000000	0.467646	2.542953	1791.309354	-420.000000	0.000000	49.000000	1837.963266	1203.359455	0.000000	0.000000	0	409.479105	31.899877	80.642486	-18.919829	-457.767096	68.031093	-5.973269	-383.445899	44.971542	0.000000	-420.000000	0	76.487260	0.327670	13.531852	74.336789	-12.446549	-420.606498	29.365247	12.446549	0.606498	5.973269	36.554101	0.767096	0	0	0	0	0
ivr	3	65.500000	22	2	46	8.000000	45.000000	0.467646	2.542953	1838.066776	-420.000000	0.000000	50.000000	1884.849006	1203.359455	0.000000	0.000000	0	418.899602	21.673397	71.360325	-13.738294	-460.370112	59.035699	0.064192	-387.081286	44.971542	0.000000	-420.000000	0	75.588737	0.898523	10.226479	65.198012	-6.837051	-423.725699	20.226469	6.837051	3.725699	0.064192	32.918714	3.370112	0	0	0	0	0
ivr	3	65.500000	22	2	46	8.000000	45.000000	0.467646	2.542953	1884.948666	-420.000000	0.000000	51.000000	1932.002503	1203.359455	0.000000	0.000000	0	426.066758	13.748456	63.054809	-10.146340	-460.594903	51.917989	5.101087	-389.609953	44.971542	0.000000	-420.000000	0	73.453223	2.135514	7.924941	57.486399	-2.522626	-425.102428	12.514857	2.522626	5.102428	5.101087	30.390047	3.594903	0	0	0	0	0
ivr	3	65.500000	22	2	46	8.000000	45.000000	0.467646	2.542953	1932.101308	-420.000000	0.000000	52.000000	1979.164982	1203.359455	0.000000	0.000000	0	431.245458	9.125855	56.336749	-7.769148	-459.854846	46.150305	7.673633	-393.402781	44.971542	0.000000	-420.000000	0	68.979128	4.474095	4.622601	51.243527	-0.047758	-426.628814	6.271984	0.047758	6.628814	7.673633	26.597219	2.854846	0	1	0	0	0
ivr	3	65.500000	22	2	46	8.000000	45.000000	0.467646	2.542953	1979.264215	-420.000000	0.000000	53.000000	2026.086652	1203.359455	0.000000	0.000000	0	434.701993	10.555334	53.979846	-5.941960	-460.997763	42.525351	8.000819	-398.961198	44.971542	0.000000	-420.000000	0	64.607600	4.371528	1.429479	48.252598	1.029430	-429.979480	3.281056	1.029430	9.979480	8.000819	21.038802	3.997763	0	1	0	0	0
ivr	3	65.500000	22	2	46	8.000000	45.000000	0.467646	2.542953	2026.185457	-420.000000	0.000000	54.000000	2072.744413	1203.359455	2061.152579	0.000000	0	437.101622	14.811120	54.600674	-4.779305	-460.901512	42.436620	8.746999	-407.583689	44.971542	0.000000	-420.000000	0	56.335737	8.271863	4.255786	48.518647	1.983847	-434.242601	3.547105	1.983847	14.242601	8.746999	12.416311	3.901512	0	1	0	1	0
ivr	3	65.500000	22	2	46	8.000000	45.000000	0.467646	2.542953	2072.844073	-420.000000	0.000000	55.000000	2120.195608	1203.359455	2061.152579	0.000000	0	438.188949	18.677059	55.139215	-4.337439	-461.683759	43.650782	7.984523	-414.423872	44.971542	0.000000	-420.000000	0	50.172819	6.162919	3.865939	49.394998	1.823542	-438.053815	4.423456	1.823542	18.053815	7.984523	5.576128	4.683759	1	1	0	1	0
ivr	3	65.500000	22	2	46	8.000000	45.000000	0.467646	2.542953	2120.295696	-420.000000	0.000000	56.000000	2167.607880	1203.359455	2061.152579	0.000000	0	439.671571	22.009588	54.716741	-3.425405	-463.289387	43.802978	7.001902	-419.737790	44.971542	0.000000	-420.000000	0	46.093172	4.079647	3.332530	49.259859	1.788248	-441.513588	4.288317	1.788248	21.513588	7.001902	0.262210	6.289387	1	1	0	1	0
ivr	3	65.500000	22	2	46	8.000000	45.000000	0.467646	2.542953	2167.707541	-420.000000	0.000000	57.000000	2213.980775	1203.359455	2061.152579	0.000000	0	440.530114	24.056862	54.304313	-2.974061	-463.716429	44.101175	6.396715	-423.523423	44.971542	0.000000	-420.000000	0	42.513447	3.579725	2.047274	49.202744	1.711327	-443.619926	4.231202	1.711327	23.619926	6.396715	3.523423	6.716429	1	1	0	1	0
ivr	3	65.500000	22	2	46	8.000000	45.000000	0.467646	2.542953	2214.079580	-420.000000	0.000000	58.000000	2260.935379	1203.359455	2061.152579	0.000000	0	441.365816	24.120209	53.883503	-2.167632	-463.034691	43.664763	7.157189	-424.340443	44.971542	0.000000	-420.000000	0	41.092819	1.420628	0.063346	48.774133	2.494778	-443.687567	3.802591	2.494778	23.687567	7.157189	4.340443	6.034691	1	1	0	1	0
ivr	3	65.500000	22	2	46	8.000000	45.000000	0.467646	2.542953	2261.040173	-420.000000	0.000000	59.000000	2308.011030	1203.359455	2061.152579	0.000000	0	441.700151	24.059854	53.523927	-1.591645	-462.670255	43.937798	7.478047	-424.492512	44.971542	0.000000	-420.000000	0	40.394222	0.698597	0.060355	48.730862	2.943201	-443.581383	3.759320	2.943201	23.581383	7.478047	4.492512	5.670255	1	1	0	1	0
ivr	3	65.500000	22	2	46	8.000000	45.000000	0.467646	2.542953	2308.115823	-420.000000	0.000000	60.000000	2354.977611	1203.359455	2061.152579	0.000000	0	441.334990	24.165998	53.559393	-2.077432	-462.672200	44.100506	7.003559	-424.784791	44.971542	0.000000	-420.000000	0	40.092277	0.301946	0.106145	48.829950	2.463063	-443.728495	3.858407	2.463063	23.728495	7.003559	4.784791	5.672200	1	1	0	1	0
ivr	3	65.500000	22	2	46	8.000000	45.000000	0.467646	2.542953	2355.079837	-420.000000	0.000000	61.000000	2402.239750	1203.359455	2061.152579	0.000000	0	440.823077	24.221087	54.084903	-2.390819	-462.587438	44.621195	6.574634	-424.871488	44.971542	0.000000	-420.000000	0	39.905313	0.186964	0.055089	49.353049	2.091907	-443.729463	4.381507	2.091907	23.729463	6.574634	4.871488	5.587438	1	1	0	1	0
ivr	3	65.500000	22	2	46	8.000000	45.000000	0.467646	2.542953	2402.339839	-420.000000	0.000000	62.000000	2449.198204	1203.359455	2061.152579	0.000000	0	440.584358	24.176898	54.405017	-2.467537	-462.376041	44.895936	6.458554	-424.895427	44.971542	0.000000	-420.000000	0	39.684936	0.220377	0.044189	49.650477	1.995509	-443.635734	4.678934	1.995509	23.635734	6.458554	4.895427	5.376041	1	1	0	1	0
ivr	3	65.500000	22	2	46	8.000000	45.000000	0.467646	2.542953	2449.298292	-420.000000	0.000000	63.000000	2496.221244	1203.359455	2061.152579	0.000000	0	440.381809	23.973075	54.430903	-2.526363	-462.218221	44.848523	6.210311	-424.665620	44.971542	0.000000	-420.000000	0	39.728445	0.043509	0.203823	49.639713	1.841974	-443.441921	4.668170	1.841974	23.441921	6.210311	4.665620	5.218221	1	1	0	1	0
ivr	3	65.500000	22	2	46	8.000000	45.000000	0.467646	2.542953	2496.321333	-420.000000	0.000000	64.000000	2543.325125	1203.359455	2061.152579	0.000000	0	440.317984	24.061285	54.326046	-2.646473	-462.209594	45.066697	6.137927	-424.846708	44.971542	0.000000	-420.000000	0	39.482736	0.245709	0.088210	49.696371	1.745727	-443.528151	4.724829	1.745727	23.528151	6.137927	4.846708	5.209594	1	1	0	1	0
ivr	3	65.500000	22	2	46	8.000000	45.000000	0.467646	2.542953	2543.546260	-420.000000	0.000000	65.000000	2590.369980	1203.359455	2061.152579	0.000000	0	440.455355	24.103465	54.063093	-2.572121	-462.185278	45.106607	6.229197	-424.988904	44.971542	0.000000	-420.000000	0	39.258784	0.223952	0.042179	49.584850	1.828538	-443.587091	4.613308	1.828538	23.587091	6.229197	4.988904	5.185278	1	1	0	1	0
ivr	3	65.500000	22	2	46	8.000000	45.000000	0.467646	2.542953	2590.469212	-420.000000	0.000000	66.000000	2637.511501	1203.359455	2061.152579	0.000000	0	440.470618	24.055047	54.154741	-2.553770	-462.158947	44.952962	6.265785	-424.924085	44.971542	0.000000	-420.000000	0	39.355967	0.097183	0.048418	49.553851	1.856008	-443.541516	4.582309	1.856008	23.541516	6.265785	4.924085	5.158947	1	1	0	1	0
ivr	3	65.500000	22	2	46	8.000000	45.000000	0.467646	2.542953	2637.611161	-420.000000	0.000000	67.000000	2684.588435	1203.359455	2061.152579	0.000000	0	440.375773	24.077796	53.989611	-2.584208	-462.140959	45.238573	6.101839	-424.979888	44.971542	0.000000	-420.000000	0	39.153202	0.202766	0.022749	49.614092	1.758815	-443.560423	4.642549	1.758815	23.560423	6.101839	4.979888	5.140959	1	1	0	1	0
ivr	3	65.500000	22	2	46	8.000000	45.000000	0.467646	2.542953	2684.688950	-420.000000	0.000000	68.000000	2731.472036	1203.359455	2061.152579	0.000000	0	440.345606	24.051539	54.085927	-2.589698	-462.101445	45.185300	6.086389	-424.958783	44.971542	0.000000	-420.000000	0	39.167243	0.014041	0.026257	49.635613	1.748345	-443.530114	4.664071	1.748345	23.530114	6.086389	4.958783	5.101445	1	1	0	1	0
ivr	3	65.500000	22	2	46	8.000000	45.000000	0.467646	2.542953	2731.572124	-420.000000	0.000000	69.000000	2778.805606	1203.359455	2061.152579	0.000000	0	440.303121	24.122344	54.223338	-2.610058	-462.096434	45.299792	6.077019	-425.060249	44.971542	0.000000	-420.000000	0	39.073956	0.093287	0.070805	49.761565	1.733481	-443.578342	4.790023	1.733481	23.578342	6.077019	5.060249	5.096434	1	1	0	1	0
ivr	3	65.500000	22	2	46	8.000000	45.000000	0.467646	2.542953	2778.958732	-420.000000	0.000000	70.000000	2825.460801	1203.359455	2061.152579	0.000000	0	440.323280	23.999882	54.015113	-2.635445	-462.030912	45.178287	6.083603	-424.942689	44.971542	0.000000	-420.000000	0	39.110709	0.036753	0.122462	49.596700	1.724079	-443.486800	4.625158	1.724079	23.486800	6.083603	4.942689	5.030912	1	1	0	1	0
ivr	3	65.500000	22	2	46	8.000000	45.000000	0.467646	2.542953	2825.563456	-420.000000	0.000000	71.000000	2872.894032	1203.359455	2061.152579	0.000000	0	440.024063	24.064173	54.437299	-2.853193	-462.048885	45.381157	5.855951	-424.959605	44.971542	0.000000	-420.000000	0	39.159642	0.048933	0.064291	49.909228	1.501379	-443.504245	4.937686	1.501379	23.504245	5.855951	4.959605	5.048885	1	1	0	1	0
ivr	3	65.500000	22	2	46	8.000000	45.000000	0.467646	2.542953	2872.993265	-420.000000	0.000000	72.000000	2919.799447	1203.359455	2061.152579	0.000000	0	439.909842	24.047010	54.391370	-2.879657	-462.002665	45.641472	5.745487	-424.933659	44.971542	0.000000	-420.000000	0	39.052081	0.107561	0.017163	50.016421	1.432915	-443.468162	5.044879	1.432915	23.468162	5.745487	4.933659	5.002665	1	1	0	1	0
ivr	3	65.500000	22	2	46	8.000000	45.000000	0.467646	2.542953	2919.898680	-420.000000	0.000000	73.000000	2967.090245	1203.359455	2061.152579	0.000000	0	439.822238	24.100025	54.648914	-2.839834	-461.975389	45.865916	5.730015	-424.962122	44.971542	0.000000	-420.000000	0	38.994427	0.057654	0.053016	50.257415	1.445091	-443.468755	5.285873	1.445091	23.468755	5.730015	4.962122	4.975389	1	1	0	1	0
ivr	3	65.500000	22	2	46	8.000000	45.000000	0.467646	2.542953	2967.189050	-420.000000	0.000000	74.000000	3014.180011	1203.359455	2061.152579	0.000000	0	439.888590	24.147628	54.643766	-2.778719	-461.981446	45.877120	5.789107	-425.044925	44.971542	0.000000	-420.000000	0	38.917455	0.076972	0.047603	50.260443	1.505194	-443.513185	5.288901	1.505194	23.513185	5.789107	5.044925	4.981446	1	1	0	1	0
ivr	3	65.500000	22	2	46	8.000000	45.000000	0.467646	2.542953	3014.278816	-420.000000	0.000000	75.000000	3060.824940	1203.359455	2061.152579	0.000000	0	439.994601	24.131799	54.608212	-2.590002	-461.902383	45.867755	5.861495	-425.084111	44.971542	0.000000	-420.000000	0	38.773812	0.143643	0.015829	50.237984	1.635746	-443.493247	5.266441	1.635746	23.493247	5.861495	5.084111	4.902383	1	1	0	1	0
ivr	3	65.500000	22	2	46	8.000000	45.000000	0.467646	2.542953	3060.928878	-420.000000	0.000000	76.000000	3108.333023	1203.359455	2061.152579	0.000000	0	439.874088	24.154653	54.909357	-2.589496	-461.854684	45.975220	5.789403	-425.090319	44.971542	0.000000	-420.000000	0	38.751042	0.022770	0.022853	50.442288	1.599953	-443.472502	5.470746	1.599953	23.472502	5.789403	5.090319	4.854684	1	1	0	1	0
ivr	3	65.500000	22	2	46	8.000000	45.000000	0.467646	2.542953	3108.432256	-420.000000	0.000000	77.000000	3155.353497	1203.359455	2061.152579	0.000000	0	439.670400	24.234529	55.138785	-2.826149	-461.882890	46.129612	5.662617	-425.159021	44.971542	0.000000	-420.000000	0	38.753928	0.002885	0.079877	50.634199	1.418234	-443.520955	5.662656	1.418234	23.520955	5.662617	5.159021	4.882890	1	1	0	1	0
ivr	3	65.500000	22	2	46	8.000000	45.000000	0.467646	2.542953	3155.453158	-420.000000	0.000000	78.000000	3202.501862	1203.359455	2061.152579	0.000000	0	439.673033	24.285061	54.881107	-2.840135	-461.899722	46.332373	5.590689	-425.264560	44.971542	0.000000	-420.000000	0	38.552493	0.201434	0.050532	50.606740	1.375277	-443.582141	5.635198	1.375277	23.582141	5.590689	5.264560	4.899722	1	1	0	1	0
ivr	3	65.500000	22	2	46	8.000000	45.000000	0.467646	2.542953	3202.599811	-420.000000	0.000000	79.000000	3249.270404	1203.359455	2061.152579	0.000000	0	439.661942	24.320779	55.037575	-2.769567	-461.889058	46.375200	5.580745	-425.297218	44.971542	0.000000	-420.000000	0	38.519179	0.033314	0.035718	50.706388	1.405589	-443.593138	5.734845	1.405589	23.593138	5.580745	5.297218	4.889058	1	1	0	1	0
ivr	3	65.500000	22	2	46	8.000000	45.000000	0.467646	2.542953	3249.428236	-420.000000	0.000000	80.000000	3296.425612	1203.359455	2061.152579	0.000000	0	439.759110	24.329993	54.906630	-2.714170	-461.841724	46.350396	5.662364	-425.392765	44.971542	0.000000	-420.000000	0	38.365376	0.153804	0.009214	50.628513	1.474097	-443.617245	5.656971	1.474097	23.617245	5.662364	5.392765	4.841724	1	1	0	1	0
ivr	3	65.500000	22	2	46	8.000000	45.000000	0.467646	2.542953	3296.528695	-420.000000	0.000000	81.000000	3343.565850	1203.359455	2061.152579	0.000000	0	439.666988	24.301842	55.010153	-2.752083	-461.801378	46.369184	5.575831	-425.353225	44.971542	0.000000	-420.000000	0	38.373016	0.007640	0.028151	50.689668	1.411874	-443.577302	5.718126	1.411874	23.577302	5.575831	5.353225	4.801378	1	1	0	1	0
ivr	3	65.500000	22	2	46	8.000000	45.000000	0.467646	2.542953	3343.671071	-420.000000	0.000000	82.000000	3378.745553	1203.359455	2061.152579	3378.741276	0	439.451411	24.323757	  55.280080   -2.835624 -461.740417	  46.598550    5.409581 -425.349903	44.971542	0.000000	-420.000000	0	38.309553	0.063463	0.021916	0
