subjName	sessionNR	IOD	trialN	textureType	texnum	visualAngle	simulatedDepth	light_intensity	ambient_intensity	time	displayDistance	isRotated	frameN	timTote	startTime	touchTime	endTime	fingersOccluded	distanceToHome	distanceToObject	indexXraw	indexYraw	indexZraw	thumbXraw	thumbYraw	thumbZraw	targetX	targetY	targetZ	failCause	gripAperture	gripApertureVel	distFromObjVel	gripOriginX	gripOriginY	gripOriginZ	distFromObjX	distFromObjY	distFromObjZ	y_dist_thm	z_dist_thm	z_dist_ind	handOnObj	handnearObj	handfarObj	handTouchObj	framesOccluded
ivr	2	65.500000	97	2	45	8.000000	25.000000	0.508843	2.478983	887.369174	-420.000000	0.000000	30.000000	934.411890	0.000000	0.000000	0.000000	0	7.031958	436.567335	231.542404	-354.541124	-247.114626	233.173971	-353.228861	-245.141821	44.941391	0.000000	-420.000000	0	2.876805	0.670794	0.067913	232.358187	-353.884993	-246.128224	187.416796	353.884993	173.871776	353.228861	174.858179	189.885374	0	0	1	0	0
ivr	2	65.500000	97	2	45	8.000000	25.000000	0.508843	2.478983	934.617627	-420.000000	0.000000	31.000000	981.435358	0.000000	0.000000	0.000000	0	7.064412	436.547541	231.915076	-354.491958	-247.235401	233.053449	-353.190121	-245.213478	44.941391	0.000000	-420.000000	0	2.660610	0.216195	0.019795	232.484263	-353.841040	-246.224439	187.542872	353.841040	173.775561	353.190121	174.786522	189.764599	0	0	1	0	0
ivr	2	65.500000	97	2	45	8.000000	25.000000	0.508843	2.478983	981.539296	-420.000000	0.000000	32.000000	1028.525124	0.000000	0.000000	0.000000	0	6.946033	436.454271	231.642367	-354.433937	-247.200625	233.006972	-353.170925	-245.215267	44.941391	0.000000	-420.000000	0	2.720109	0.059499	0.093270	232.324669	-353.802431	-246.207946	187.383278	353.802431	173.792054	353.170925	174.784733	189.799375	0	0	1	0	0
ivr	2	65.500000	97	2	45	8.000000	25.000000	0.508843	2.478983	1028.624784	-420.000000	0.000000	33.000000	1075.298799	0.000000	0.000000	0.000000	0	7.071875	436.502364	231.602047	-354.446161	-247.175004	233.295206	-353.092855	-245.132682	44.941391	0.000000	-420.000000	0	2.978138	0.258029	0.048093	232.448626	-353.769508	-246.153843	187.507235	353.769508	173.846157	353.092855	174.867318	189.824996	0	0	1	0	0
ivr	2	65.500000	97	2	45	8.000000	25.000000	0.508843	2.478983	1075.398888	-420.000000	0.000000	34.000000	1122.468978	0.000000	0.000000	0.000000	0	7.183566	436.546876	231.737443	-354.421403	-247.144750	233.391573	-353.065871	-245.084177	44.941391	0.000000	-420.000000	0	2.969776	0.008362	0.044511	232.564508	-353.743637	-246.114463	187.623117	353.743637	173.885537	353.065871	174.915823	189.855250	0	0	1	0	0
ivr	2	65.500000	97	2	45	8.000000	25.000000	0.508843	2.478983	1122.600718	-420.000000	0.000000	35.000000	1169.312801	0.000000	0.000000	0.000000	0	7.042050	436.473470	231.672510	-354.381610	-247.145166	233.105829	-353.120536	-245.104356	44.941391	0.000000	-420.000000	0	2.794569	0.175208	0.073406	232.389170	-353.751073	-246.124761	187.447779	353.751073	173.875239	353.120536	174.895644	189.854834	0	0	1	0	0
ivr	2	65.500000	97	2	45	8.000000	25.000000	0.508843	2.478983	1169.412033	-420.000000	0.000000	36.000000	1216.521902	0.000000	0.000000	0.000000	0	7.096121	436.497716	231.672750	-354.406298	-247.158412	233.248888	-353.080440	-245.092545	44.941391	0.000000	-420.000000	0	2.917176	0.122608	0.024246	232.460819	-353.743369	-246.125479	187.519428	353.743369	173.874521	353.080440	174.907455	189.841588	0	0	1	0	0
ivr	2	65.500000	97	2	45	8.000000	25.000000	0.508843	2.478983	1216.620707	-420.000000	0.000000	37.000000	1263.910222	0.000000	0.000000	0.000000	0	7.064082	436.476784	231.663309	-354.400166	-247.173036	233.215338	-353.081552	-245.126443	44.941391	0.000000	-420.000000	0	2.887228	0.029948	0.020932	232.439324	-353.740859	-246.149740	187.497933	353.740859	173.850260	353.081552	174.873557	189.826964	0	0	1	0	0
ivr	2	65.500000	97	2	45	8.000000	25.000000	0.508843	2.478983	1264.009027	-420.000000	0.000000	38.000000	1311.020091	0.000000	0.000000	0.000000	0	6.618888	436.181225	230.936358	-354.317028	-247.180854	232.851024	-353.050204	-245.194068	44.941391	0.000000	-420.000000	0	3.036134	0.148906	0.295559	231.893691	-353.683616	-246.187461	186.952300	353.683616	173.812539	353.050204	174.805932	189.819146	0	0	1	0	0
ivr	2	65.500000	97	2	45	8.000000	25.000000	0.508843	2.478983	1311.251063	-420.000000	0.000000	39.000000	1357.831406	0.000000	0.000000	0.000000	0	6.422114	435.721820	231.065338	-353.888404	-247.420592	232.689398	-352.592164	-245.420959	44.941391	0.000000	-420.000000	0	2.883807	0.152327	0.459405	231.877368	-353.240284	-246.420776	186.935977	353.240284	173.579224	352.592164	174.579041	189.579408	0	0	1	0	0
ivr	2	65.500000	97	2	45	8.000000	25.000000	0.508843	2.478983	1357.938766	-420.000000	0.000000	40.000000	1405.528545	0.000000	0.000000	0.000000	0	6.052537	432.389182	230.193050	-351.265311	-247.614018	230.959681	-348.678174	-245.861291	44.941391	0.000000	-420.000000	0	3.217616	0.333809	3.332639	230.576365	-349.971742	-246.737654	185.634974	349.971742	173.262346	348.678174	174.138709	189.385982	0	0	1	0	0
ivr	2	65.500000	97	2	45	8.000000	25.000000	0.508843	2.478983	1405.626922	-420.000000	0.000000	41.000000	1452.909593	1440.989264	0.000000	0.000000	0	14.032277	422.169918	227.280053	-341.531113	-247.314960	225.758943	-337.424737	-246.208091	44.941391	0.000000	-420.000000	0	4.516776	1.299159	10.219264	226.519498	-339.477925	-246.761525	181.578107	339.477925	173.238475	337.424737	173.791909	189.685040	0	0	1	0	0
ivr	2	65.500000	97	2	45	8.000000	25.000000	0.508843	2.478983	1453.017808	-420.000000	0.000000	42.000000	1511.399998	1440.989264	0.000000	0.000000	0	36.462068	399.734580	220.544592	-319.915619	-252.829377	216.656801	-315.072297	-247.595789	44.941391	0.000000	-420.000000	0	8.121768	3.604993	22.435338	218.600697	-317.493958	-250.212583	173.659306	317.493958	169.787417	315.072297	172.404211	184.170623	0	0	1	0	0
ivr	2	65.500000	97	2	45	8.000000	25.000000	0.508843	2.478983	1511.506074	-420.000000	0.000000	43.000000	1558.821680	1440.989264	0.000000	0.000000	0	60.709743	375.926739	213.737531	-297.417006	-261.152571	207.811857	-291.993224	-250.401850	44.941391	0.000000	-420.000000	0	13.420470	5.298702	23.807841	210.774694	-294.705115	-255.777211	165.833303	294.705115	164.222789	291.993224	169.598150	175.847429	0	0	1	0	0
ivr	2	65.500000	97	2	45	8.000000	25.000000	0.508843	2.478983	1558.921341	-420.000000	0.000000	44.000000	1605.849425	1440.989264	0.000000	0.000000	0	89.405564	347.752803	205.234508	-271.750822	-272.533740	197.122167	-264.956242	-254.363014	44.941391	0.000000	-420.000000	0	21.027403	7.606933	28.173936	201.178338	-268.353532	-263.448377	156.236947	268.353532	156.551623	264.956242	165.636986	164.466260	0	0	1	0	0
ivr	2	65.500000	97	2	45	8.000000	25.000000	0.508843	2.478983	1605.954646	-420.000000	0.000000	45.000000	1652.971699	1440.989264	0.000000	0.000000	0	120.444622	317.625773	195.489250	-243.672588	-283.727353	186.456615	-236.396714	-260.000562	44.941391	0.000000	-420.000000	0	26.409988	5.382585	30.127030	190.972933	-240.034651	-271.863958	146.031542	240.034651	148.136042	236.396714	159.999438	153.272647	0	0	1	0	0
ivr	2	65.500000	97	2	45	8.000000	25.000000	0.508843	2.478983	1653.070504	-420.000000	0.000000	46.000000	1700.011420	1440.989264	0.000000	0.000000	0	153.486763	285.723588	184.977304	-213.559377	-295.362855	176.064806	-206.509369	-267.930183	44.941391	0.000000	-420.000000	0	29.693210	3.283223	31.902185	180.521055	-210.034373	-281.646519	135.579664	210.034373	138.353481	206.509369	152.069817	141.637145	0	0	1	0	0
ivr	2	65.500000	97	2	45	8.000000	25.000000	0.508843	2.478983	1700.110225	-420.000000	0.000000	47.000000	1746.631114	1440.989264	0.000000	0.000000	0	189.197334	251.228949	172.553157	-181.635266	-309.121113	164.852026	-174.576473	-277.285121	44.941391	0.000000	-420.000000	0	33.506183	3.812973	34.494639	168.702592	-178.105869	-293.203117	123.761201	178.105869	126.796883	174.576473	142.714879	127.878887	0	0	1	0	0
ivr	2	65.500000	97	2	45	8.000000	25.000000	0.508843	2.478983	1746.735052	-420.000000	0.000000	48.000000	1793.629774	1440.989264	0.000000	0.000000	0	225.388133	216.027090	160.260829	-149.841270	-325.626997	153.183673	-143.047433	-288.746810	44.941391	0.000000	-420.000000	0	38.162685	4.656502	35.201859	156.722251	-146.444351	-307.186904	111.780860	146.444351	112.813096	143.047433	131.253190	111.373003	0	0	0	0	0
ivr	2	65.500000	97	2	45	8.000000	25.000000	0.508843	2.478983	1793.785467	-420.000000	0.000000	49.000000	1840.259305	1440.989264	0.000000	0.000000	0	260.406233	181.381210	148.642634	-119.894780	-345.038614	140.790073	-114.148045	-302.606616	44.941391	0.000000	-420.000000	0	43.533460	5.370775	34.645880	144.716353	-117.021412	-323.822615	99.774962	117.021412	96.177385	114.148045	117.393384	91.961386	0	0	0	0	0
ivr	2	65.500000	97	2	45	8.000000	25.000000	0.508843	2.478983	1840.362388	-420.000000	0.000000	50.000000	1887.711784	1440.989264	0.000000	0.000000	0	293.223926	148.384218	137.374205	-93.403204	-366.094184	127.395397	-88.311255	-317.489830	44.941391	0.000000	-420.000000	0	49.878731	6.345270	32.996992	132.384801	-90.857229	-341.792007	87.443410	90.857229	78.207993	88.311255	102.510170	70.905816	0	0	0	0	0
ivr	2	65.500000	97	2	45	8.000000	25.000000	0.508843	2.478983	1887.811016	-420.000000	0.000000	51.000000	1934.861004	1440.989264	0.000000	0.000000	0	324.069339	117.443003	127.191012	-69.705881	-388.516760	114.144733	-64.909418	-332.688639	44.941391	0.000000	-420.000000	0	57.532517	7.653787	30.941215	120.667872	-67.307650	-360.602699	75.726481	67.307650	59.397301	64.909418	87.311361	48.483240	0	0	0	0	0
ivr	2	65.500000	97	2	45	8.000000	25.000000	0.508843	2.478983	1934.959381	-420.000000	0.000000	52.000000	1981.949914	1440.989264	0.000000	0.000000	0	351.848058	89.539228	117.068666	-48.938248	-408.535511	99.554473	-45.455360	-347.227787	44.941391	0.000000	-420.000000	0	63.855419	6.322902	27.903776	108.311570	-47.196804	-377.881649	63.370179	47.196804	42.118351	45.455360	72.772213	28.464489	0	0	0	0	0
ivr	2	65.500000	97	2	45	8.000000	25.000000	0.508843	2.478983	1982.049574	-420.000000	0.000000	53.000000	2028.801864	1440.989264	0.000000	0.000000	0	376.154227	66.087853	107.371455	-31.768829	-425.069825	87.182736	-27.864043	-360.540528	44.941391	0.000000	-420.000000	0	67.726376	3.870956	23.451375	97.277096	-29.816436	-392.805177	52.335705	29.816436	27.194823	27.864043	59.459472	11.930175	0	0	0	0	0
ivr	2	65.500000	97	2	45	8.000000	25.000000	0.508843	2.478983	2028.905801	-420.000000	0.000000	54.000000	2075.722677	1440.989264	0.000000	0.000000	0	395.512246	47.655418	98.350392	-19.281661	-438.386478	75.606301	-14.786013	-372.370974	44.941391	0.000000	-420.000000	0	69.968216	2.241841	18.432435	86.978346	-17.033837	-405.378726	42.036955	17.033837	14.621274	14.786013	47.629026	1.386478	0	0	0	0	0
ivr	2	65.500000	97	2	45	8.000000	25.000000	0.508843	2.478983	2075.825759	-420.000000	0.000000	55.000000	2122.992944	1440.989264	0.000000	0.000000	0	410.081928	33.437085	88.552212	-11.331526	-447.064056	65.109672	-5.283562	-381.608118	44.941391	0.000000	-420.000000	0	69.789758	0.178458	14.218333	76.830942	-8.307544	-414.336087	31.889551	8.307544	5.663913	5.283562	38.391882	10.064056	0	0	0	0	0
ivr	2	65.500000	97	2	45	8.000000	25.000000	0.508843	2.478983	2123.091321	-420.000000	0.000000	56.000000	2169.767047	1440.989264	0.000000	0.000000	0	419.807849	23.015230	78.945758	-7.701209	-452.427659	56.317028	0.092545	-388.824025	44.941391	0.000000	-420.000000	0	67.957518	1.832240	10.421855	67.631393	-3.804332	-420.625842	22.690002	3.804332	0.625842	0.092545	31.175975	15.427659	0	0	0	0	0
ivr	2	65.500000	97	2	45	8.000000	25.000000	0.508843	2.478983	2169.866707	-420.000000	0.000000	57.000000	2216.906857	1440.989264	0.000000	0.000000	0	426.534570	16.447679	71.690357	-5.343941	-454.512766	49.907513	4.009502	-394.117244	44.941391	0.000000	-420.000000	0	64.881416	3.076102	6.567551	60.798935	-0.667219	-424.315005	15.857544	0.667219	4.315005	4.009502	25.882756	17.512766	0	1	0	0	0
ivr	2	65.500000	97	2	45	8.000000	25.000000	0.508843	2.478983	2217.004806	-420.000000	0.000000	58.000000	2263.722022	1440.989264	0.000000	0.000000	0	430.165756	13.205594	66.327711	-4.853056	-454.369251	46.333611	5.735427	-398.969055	44.941391	0.000000	-420.000000	0	59.841973	5.039443	3.242085	56.330661	0.441186	-426.669153	11.389270	0.441186	6.669153	5.735427	21.030945	17.369251	0	1	0	0	0
ivr	2	65.500000	97	2	45	8.000000	25.000000	0.508843	2.478983	2263.827670	-420.000000	0.000000	59.000000	2310.706567	1440.989264	0.000000	0.000000	0	431.410340	10.216209	60.933623	-6.248590	-451.523861	43.014837	5.181247	-403.257924	44.941391	0.000000	-420.000000	0	52.738266	7.103706	2.989385	51.974230	-0.533672	-427.390893	7.032839	0.533672	7.390893	5.181247	16.742076	14.523861	0	1	0	0	0
ivr	2	65.500000	97	2	45	8.000000	25.000000	0.508843	2.478983	2310.813926	-420.000000	0.000000	60.000000	2357.670581	1440.989264	2345.969249	0.000000	0	431.012996	9.016725	57.443953	-8.062739	-447.740410	42.037785	3.839862	-406.930401	44.941391	0.000000	-420.000000	0	45.215912	7.522354	1.199484	49.740869	-2.111438	-427.335405	4.799478	2.111438	7.335405	3.839862	13.069599	10.740410	0	1	0	1	0
ivr	2	65.500000	97	2	45	8.000000	25.000000	0.508843	2.478983	2357.770241	-420.000000	0.000000	61.000000	2404.706025	1440.989264	2345.969249	0.000000	0	430.974225	9.674314	56.187807	-8.507517	-445.947596	42.263167	2.801707	-410.435299	44.941391	0.000000	-420.000000	0	39.785894	5.430018	0.657589	49.225487	-2.852905	-428.191448	4.284096	2.852905	8.191448	2.801707	9.564701	8.947596	0	1	0	1	0
ivr	2	65.500000	97	2	45	8.000000	25.000000	0.508843	2.478983	2404.805258	-420.000000	0.000000	62.000000	2452.159787	1440.989264	2345.969249	0.000000	0	430.929522	10.834161	55.670813	-8.635839	-444.675826	42.409816	1.439470	-414.046455	44.941391	0.000000	-420.000000	0	34.864369	4.921525	1.159847	49.040315	-3.598185	-429.361140	4.098924	3.598185	9.361140	1.439470	5.953545	7.675826	1	1	0	1	0
ivr	2	65.500000	97	2	45	8.000000	25.000000	0.508843	2.478983	2452.259020	-420.000000	0.000000	63.000000	2498.637475	1440.989264	2345.969249	0.000000	0	430.993527	12.384066	55.567959	-8.466403	-444.192783	44.193983	0.898806	-417.222025	44.941391	0.000000	-420.000000	0	30.732658	4.131711	1.549904	49.880971	-3.783799	-430.707404	4.939580	3.783799	10.707404	0.898806	2.777975	7.192783	1	1	0	1	0
ivr	2	65.500000	97	2	45	8.000000	25.000000	0.508843	2.478983	2498.737136	-420.000000	0.000000	64.000000	2545.640840	1440.989264	2345.969249	0.000000	0	431.032523	13.641535	55.461629	-8.435312	-444.253489	44.432575	-0.232456	-419.600383	44.941391	0.000000	-420.000000	0	28.225920	2.506739	1.257470	49.947102	-4.333884	-431.926936	5.005711	4.333884	11.926936	0.232456	0.399617	7.253489	1	1	0	1	0
ivr	2	65.500000	97	2	45	8.000000	25.000000	0.508843	2.478983	2545.743495	-420.000000	0.000000	65.000000	2593.009912	1440.989264	2345.969249	0.000000	0	431.376220	14.075207	55.469401	-8.222081	-444.508201	44.568874	-0.072724	-420.401796	44.941391	0.000000	-420.000000	0	27.683068	0.542852	0.433672	50.019138	-4.147403	-432.454999	5.077747	4.147403	12.454999	0.072724	0.401796	7.508201	1	1	0	1	0
ivr	2	65.500000	97	2	45	8.000000	25.000000	0.508843	2.478983	2593.108717	-420.000000	0.000000	66.000000	2639.855018	1440.989264	2345.969249	0.000000	0	432.237316	13.827270	55.765135	-7.350177	-444.573776	43.660857	0.770930	-420.534276	44.941391	0.000000	-420.000000	0	28.113404	0.430336	0.247937	49.712996	-3.289623	-432.554026	4.771605	3.289623	12.554026	0.770930	0.534276	7.573776	1	1	0	1	0
ivr	2	65.500000	97	2	45	8.000000	25.000000	0.508843	2.478983	2639.952967	-420.000000	0.000000	67.000000	2687.089355	1440.989264	2345.969249	0.000000	0	433.080886	13.627936	55.258447	-6.905126	-444.679961	43.375839	1.898190	-420.642446	44.941391	0.000000	-420.000000	0	28.222276	0.108872	0.199334	49.317143	-2.503468	-432.661204	4.375752	2.503468	12.661204	1.898190	0.642446	7.679961	1	1	0	1	0
ivr	2	65.500000	97	2	45	8.000000	25.000000	0.508843	2.478983	2687.188160	-420.000000	0.000000	68.000000	2734.089298	1440.989264	2345.969249	0.000000	0	433.945834	13.351703	55.324647	-5.791416	-444.959791	42.925388	2.799632	-420.221753	44.941391	0.000000	-420.000000	0	28.974441	0.752166	0.276233	49.125018	-1.495892	-432.590772	4.183627	1.495892	12.590772	2.799632	0.221753	7.959791	1	1	0	1	0
ivr	2	65.500000	97	2	45	8.000000	25.000000	0.508843	2.478983	2734.188103	-420.000000	0.000000	69.000000	2781.014817	1440.989264	2345.969249	0.000000	0	434.903544	12.862037	54.473621	-4.471462	-445.020328	43.261680	3.939722	-419.470144	44.941391	0.000000	-420.000000	0	29.142196	0.167755	0.489666	48.867651	-0.265870	-432.245236	3.926260	0.265870	12.245236	3.939722	0.529856	8.020328	0	1	0	1	0
ivr	2	65.500000	97	2	45	8.000000	25.000000	0.508843	2.478983	2781.215849	-420.000000	0.000000	70.000000	2828.234184	1440.989264	2345.969249	0.000000	0	435.754372	12.593969	54.360137	-3.192637	-444.680892	43.640230	5.269384	-419.072511	44.941391	0.000000	-420.000000	0	29.022601	0.119595	0.268068	49.000184	1.038373	-431.876701	4.058793	1.038373	11.876701	5.269384	0.927489	7.680892	1	1	0	1	0
ivr	2	65.500000	97	2	45	8.000000	25.000000	0.508843	2.478983	2828.341544	-420.000000	0.000000	71.000000	2875.009998	1440.989264	2345.969249	0.000000	0	435.744572	12.927348	54.690789	-3.058983	-444.736049	44.055099	5.263317	-419.451790	44.941391	0.000000	-420.000000	0	28.664827	0.357774	0.333379	49.372944	1.102167	-432.093919	4.431553	1.102167	12.093919	5.263317	0.548210	7.736049	1	1	0	1	0
ivr	2	65.500000	97	2	45	8.000000	25.000000	0.508843	2.478983	2875.107948	-420.000000	0.000000	72.000000	2922.389763	1440.989264	2345.969249	0.000000	0	435.753433	13.150507	54.529119	-3.178435	-444.783662	44.107442	5.071937	-419.945456	44.941391	0.000000	-420.000000	0	28.171199	0.493628	0.223159	49.318281	0.946751	-432.364559	4.376890	0.946751	12.364559	5.071937	0.054544	7.783662	1	1	0	1	0
ivr	2	65.500000	97	2	45	8.000000	25.000000	0.508843	2.478983	2922.487712	-420.000000	0.000000	73.000000	2969.538555	1440.989264	2345.969249	0.000000	0	435.936676	13.187777	54.552747	-3.052856	-444.852390	44.015521	5.326640	-419.948054	44.941391	0.000000	-420.000000	0	28.310334	0.139135	0.037270	49.284134	1.136892	-432.400222	4.342743	1.136892	12.400222	5.326640	0.051946	7.852390	1	1	0	1	0
ivr	2	65.500000	97	2	45	8.000000	25.000000	0.508843	2.478983	2969.638643	-420.000000	0.000000	74.000000	3016.619339	1440.989264	2345.969249	0.000000	0	436.106456	13.305320	55.210920	-2.632086	-444.936107	43.839740	5.561029	-419.873115	44.941391	0.000000	-420.000000	0	28.715579	0.405244	0.117543	49.525330	1.464472	-432.404611	4.583939	1.464472	12.404611	5.561029	0.126885	7.936107	1	1	0	1	0
ivr	2	65.500000	97	2	45	8.000000	25.000000	0.508843	2.478983	3016.724132	-420.000000	0.000000	75.000000	3063.618426	1440.989264	2345.969249	0.000000	0	436.028495	13.248284	55.628312	-2.506045	-444.893347	43.643185	5.460680	-419.707269	44.941391	0.000000	-420.000000	0	29.007767	0.292188	0.057036	49.635749	1.477317	-432.300308	4.694358	1.477317	12.300308	5.460680	0.292731	7.893347	1	1	0	1	0
ivr	2	65.500000	97	2	45	8.000000	25.000000	0.508843	2.478983	3063.722792	-420.000000	0.000000	76.000000	3110.552927	1440.989264	2345.969249	0.000000	0	435.627922	13.299283	55.616972	-2.834323	-444.850999	44.209008	5.098476	-419.715036	44.941391	0.000000	-420.000000	0	28.720856	0.286911	0.050999	49.912990	1.132076	-432.283018	4.971599	1.132076	12.283018	5.098476	0.284964	7.850999	1	1	0	1	0
ivr	2	65.500000	97	2	45	8.000000	25.000000	0.508843	2.478983	3110.656865	-420.000000	0.000000	77.000000	3157.754330	1440.989264	2345.969249	0.000000	0	435.411282	13.117681	54.911291	-3.273091	-444.651942	44.430446	4.836217	-419.768931	44.941391	0.000000	-420.000000	0	28.191723	0.529133	0.181602	49.670868	0.781563	-432.210436	4.729477	0.781563	12.210436	4.836217	0.231069	7.651942	1	1	0	1	0
ivr	2	65.500000	97	2	45	8.000000	25.000000	0.508843	2.478983	3157.852279	-420.000000	0.000000	78.000000	3204.679421	1440.989264	2345.969249	0.000000	0	435.272981	13.069116	54.789544	-3.506223	-444.572995	44.383043	4.652313	-419.831782	44.941391	0.000000	-420.000000	0	28.053246	0.138477	0.048565	49.586294	0.573045	-432.202388	4.644903	0.573045	12.202388	4.652313	0.168218	7.572995	1	1	0	1	0
ivr	2	65.500000	97	2	45	8.000000	25.000000	0.508843	2.478983	3204.778653	-420.000000	0.000000	79.000000	3251.820086	1440.989264	2345.969249	0.000000	0	435.225842	13.156977	54.880305	-3.538971	-444.612225	44.543772	4.647139	-419.885935	44.941391	0.000000	-420.000000	0	28.022237	0.031009	0.087862	49.712038	0.554084	-432.249080	4.770647	0.554084	12.249080	4.647139	0.114065	7.612225	1	1	0	1	0
ivr	2	65.500000	97	2	45	8.000000	25.000000	0.508843	2.478983	3251.924879	-420.000000	0.000000	80.000000	3299.087786	1440.989264	2345.969249	0.000000	0	435.279574	13.216073	55.095020	-3.415100	-444.637548	44.553850	4.754271	-419.887716	44.941391	0.000000	-420.000000	0	28.114215	0.091978	0.059096	49.824435	0.669586	-432.262632	4.883044	0.669586	12.262632	4.754271	0.112284	7.637548	1	1	0	1	0
ivr	2	65.500000	97	2	45	8.000000	25.000000	0.508843	2.478983	3299.190869	-420.000000	0.000000	81.000000	3345.600548	1440.989264	2345.969249	0.000000	0	435.295517	13.288334	55.341411	-3.341680	-444.701227	44.548373	4.814323	-419.875398	44.941391	0.000000	-420.000000	0	28.272457	0.158243	0.072261	49.944892	0.736321	-432.288313	5.003501	0.736321	12.288313	4.814323	0.124602	7.701227	1	1	0	1	0
ivr	2	65.500000	97	2	45	8.000000	25.000000	0.508843	2.478983	3345.704058	-420.000000	0.000000	82.000000	3393.107348	1440.989264	2345.969249	0.000000	0	435.320907	13.280604	55.342909	-3.398396	-444.742129	44.327658	4.784485	-419.910979	44.941391	0.000000	-420.000000	0	28.370431	0.097974	0.007731	49.835284	0.693044	-432.326554	4.893893	0.693044	12.326554	4.784485	0.089021	7.742129	1	1	0	1	0
ivr	2	65.500000	97	2	45	8.000000	25.000000	0.508843	2.478983	3393.215135	-420.000000	0.000000	83.000000	3440.169312	1440.989264	2345.969249	0.000000	0	435.123870	13.238746	55.175489	-3.606523	-444.687720	44.450727	4.511080	-419.915224	44.941391	0.000000	-420.000000	0	28.188518	0.181913	0.041858	49.813108	0.452279	-432.301472	4.871717	0.452279	12.301472	4.511080	0.084776	7.687720	1	1	0	1	0
ivr	2	65.500000	97	2	45	8.000000	25.000000	0.508843	2.478983	3440.272394	-420.000000	0.000000	84.000000	3487.328797	1440.989264	2345.969249	0.000000	0	434.798081	13.321294	55.091299	-3.885781	-444.608799	44.943742	4.178698	-420.021941	44.941391	0.000000	-420.000000	0	27.794286	0.394232	0.082548	50.017521	0.146458	-432.315370	5.076130	0.146458	12.315370	4.178698	0.021941	7.608799	1	1	0	1	0
ivr	2	65.500000	97	2	45	8.000000	25.000000	0.508843	2.478983	3487.432307	-420.000000	0.000000	85.000000	3534.283401	1440.989264	2345.969249	0.000000	0	434.529340	13.612449	55.871320	-4.068993	-444.661892	45.264705	4.169072	-420.128219	44.941391	0.000000	-420.000000	0	27.969038	0.174753	0.291155	50.568012	0.050039	-432.395055	5.626621	0.050039	12.395055	4.169072	0.128219	7.661892	1	1	0	1	0
ivr	2	65.500000	97	2	45	8.000000	25.000000	0.508843	2.478983	3534.381778	-420.000000	0.000000	86.000000	3581.205925	1440.989264	2345.969249	0.000000	0	434.400085	13.842895	56.585749	-4.005877	-444.700131	45.501047	4.231464	-420.149700	44.941391	0.000000	-420.000000	0	28.168210	0.199172	0.230446	51.043398	0.112793	-432.424916	6.102007	0.112793	12.424916	4.231464	0.149700	7.700131	1	1	0	1	0
ivr	2	65.500000	97	2	45	8.000000	25.000000	0.508843	2.478983	3581.374450	-420.000000	0.000000	87.000000	3628.631029	1440.989264	2345.969249	0.000000	0	434.460051	13.870264	57.008842	-3.620405	-444.511838	45.654285	4.404430	-420.096799	44.941391	0.000000	-420.000000	0	28.096586	0.071624	0.027369	51.331563	0.392012	-432.304319	6.390172	0.392012	12.304319	4.404430	0.096799	7.511838	1	1	0	1	0
ivr	2	65.500000	97	2	45	8.000000	25.000000	0.508843	2.478983	3628.734112	-420.000000	0.000000	88.000000	3675.512920	1440.989264	2345.969249	0.000000	0	434.423151	13.665808	56.500442	-3.634567	-444.239844	45.913611	4.373831	-420.038500	44.941391	0.000000	-420.000000	0	27.602907	0.493679	0.204456	51.207026	0.369632	-432.139172	6.265635	0.369632	12.139172	4.373831	0.038500	7.239844	1	1	0	1	0
ivr	2	65.500000	97	2	45	8.000000	25.000000	0.508843	2.478983	3675.611297	-420.000000	0.000000	89.000000	3722.786180	1440.989264	2345.969249	0.000000	0	434.397307	13.688985	56.568359	-3.647402	-444.234240	45.923465	4.355171	-420.057001	44.941391	0.000000	-420.000000	0	27.602424	0.000482	0.023177	51.245912	0.353884	-432.145620	6.304521	0.353884	12.145620	4.355171	0.057001	7.234240	1	1	0	1	0
ivr	2	65.500000	97	2	45	8.000000	25.000000	0.508843	2.478983	3722.886269	-420.000000	0.000000	90.000000	3769.771581	1440.989264	2345.969249	0.000000	0	434.392413	13.738565	56.798577	-3.745999	-444.339415	45.630139	4.334580	-420.099199	44.941391	0.000000	-420.000000	0	27.885800	0.283376	0.049580	51.214358	0.294291	-432.219307	6.272967	0.294291	12.219307	4.334580	0.099199	7.339415	1	1	0	1	0
ivr	2	65.500000	97	2	45	8.000000	25.000000	0.508843	2.478983	3769.876802	-420.000000	0.000000	91.000000	3816.804887	1440.989264	2345.969249	0.000000	0	434.374612	13.683491	56.386468	-3.820482	-444.233690	45.874337	4.300039	-420.169308	44.941391	0.000000	-420.000000	0	27.487128	0.398672	0.055074	51.130402	0.239779	-432.201499	6.189011	0.239779	12.201499	4.300039	0.169308	7.233690	1	1	0	1	0
ivr	2	65.500000	97	2	45	8.000000	25.000000	0.508843	2.478983	3816.907969	-420.000000	0.000000	92.000000	3863.780449	1440.989264	2345.969249	0.000000	0	434.387186	13.665143	56.299969	-3.840389	-444.219819	45.900197	4.326117	-420.172612	44.941391	0.000000	-420.000000	0	27.442945	0.044184	0.018348	51.100083	0.242864	-432.196215	6.158692	0.242864	12.196215	4.326117	0.172612	7.219819	1	1	0	1	0
ivr	2	65.500000	97	2	45	8.000000	25.000000	0.508843	2.478983	3863.883959	-420.000000	0.000000	93.000000	3910.648653	1440.989264	2345.969249	0.000000	0	434.323085	13.678385	56.279944	-3.965829	-444.261152	45.831304	4.209519	-420.209198	44.941391	0.000000	-420.000000	0	27.468289	0.025344	0.013241	51.055624	0.121845	-432.235175	6.114233	0.121845	12.235175	4.209519	0.209198	7.261152	1	1	0	1	0
ivr	2	65.500000	97	2	45	8.000000	25.000000	0.508843	2.478983	3910.752162	-420.000000	0.000000	94.000000	3957.879141	1440.989264	2345.969249	0.000000	0	434.286076	13.601878	56.250311	-4.142875	-444.287091	45.497387	4.109334	-420.192841	44.941391	0.000000	-420.000000	0	27.645203	0.176914	0.076506	50.873849	-0.016771	-432.239966	5.932458	0.016771	12.239966	4.109334	0.192841	7.287091	1	1	0	1	0
ivr	2	65.500000	97	2	45	8.000000	25.000000	0.508843	2.478983	3957.983506	-420.000000	0.000000	95.000000	4004.976178	1440.989264	2345.969249	0.000000	0	434.081037	13.732967	56.265967	-4.251908	-444.281323	45.974324	3.935268	-420.245585	44.941391	0.000000	-420.000000	0	27.398257	0.246945	0.131088	51.120145	-0.158320	-432.263454	6.178754	0.158320	12.263454	3.935268	0.245585	7.281323	1	1	0	1	0
ivr	2	65.500000	97	2	45	8.000000	25.000000	0.508843	2.478983	4005.079260	-420.000000	0.000000	96.000000	4052.033436	1440.989264	2345.969249	0.000000	0	433.959035	13.807150	56.379925	-4.311855	-444.325310	46.145350	3.827431	-420.220203	44.941391	0.000000	-420.000000	0	27.423543	0.025285	0.074183	51.262638	-0.242212	-432.272757	6.321247	0.242212	12.272757	3.827431	0.220203	7.325310	1	1	0	1	0
ivr	2	65.500000	97	2	45	8.000000	25.000000	0.508843	2.478983	4052.132241	-420.000000	0.000000	97.000000	4099.171108	1440.989264	2345.969249	0.000000	0	433.949121	13.790233	56.278492	-4.318385	-444.304416	46.234682	3.820080	-420.208987	44.941391	0.000000	-420.000000	0	27.344148	0.079394	0.016917	51.256587	-0.249153	-432.256702	6.315196	0.249153	12.256702	3.820080	0.208987	7.304416	1	1	0	1	0
ivr	2	65.500000	97	2	45	8.000000	25.000000	0.508843	2.478983	4099.269485	-420.000000	0.000000	98.000000	4145.965742	1440.989264	2345.969249	0.000000	0	433.863269	13.867927	56.451394	-4.269116	-444.287110	46.449536	3.766874	-420.198665	44.941391	0.000000	-420.000000	0	27.292261	0.051888	0.077694	51.450465	-0.251121	-432.242887	6.509074	0.251121	12.242887	3.766874	0.198665	7.287110	1	1	0	1	0
ivr	2	65.500000	97	2	45	8.000000	25.000000	0.508843	2.478983	4146.069252	-420.000000	0.000000	99.000000	4193.504193	1440.989264	2345.969249	0.000000	0	433.801873	13.847352	56.383199	-4.251595	-444.170554	46.653628	3.727712	-420.195267	44.941391	0.000000	-420.000000	0	27.076712	0.215549	0.020575	51.518413	-0.261942	-432.182911	6.577022	0.261942	12.182911	3.727712	0.195267	7.170554	1	1	0	1	0
ivr	2	65.500000	97	2	45	8.000000	25.000000	0.508843	2.478983	4193.602998	-420.000000	0.000000	100.000000	4240.247928	1440.989264	2345.969249	0.000000	0	433.801915	13.896292	56.472363	-4.254252	-444.168358	46.747781	3.814696	-420.210921	44.941391	0.000000	-420.000000	0	27.085683	0.008971	0.048940	51.610072	-0.219778	-432.189639	6.668681	0.219778	12.189639	3.814696	0.210921	7.168358	1	1	0	1	0
ivr	2	65.500000	97	2	45	8.000000	25.000000	0.508843	2.478983	4240.352721	-420.000000	0.000000	101.000000	4287.598607	1440.989264	2345.969249	0.000000	0	433.731154	13.961014	56.797255	-4.243983	-444.184366	46.715649	3.783291	-420.180510	44.941391	0.000000	-420.000000	0	27.244468	0.158785	0.064722	51.756452	-0.230346	-432.182438	6.815061	0.230346	12.182438	3.783291	0.180510	7.184366	1	1	0	1	0
ivr	2	65.500000	97	2	45	8.000000	25.000000	0.508843	2.478983	4287.703828	-420.000000	0.000000	102.000000	4322.720139	1440.989264	2345.969249	4322.715862	0	433.592854	13.965419	  56.725167   -4.461510 -444.144252	  46.790947    3.662516 -420.220180	44.941391	0.000000	-420.000000	0	27.148659	0.095808	0.004405	0
