subjName	sessionNR	IOD	trialN	textureType	texnum	visualAngle	simulatedDepth	light_intensity	ambient_intensity	time	displayDistance	isRotated	frameN	timTote	startTime	touchTime	endTime	fingersOccluded	distanceToHome	distanceToObject	indexXraw	indexYraw	indexZraw	thumbXraw	thumbYraw	thumbZraw	targetX	targetY	targetZ	failCause	gripAperture	gripApertureVel	distFromObjVel	gripOriginX	gripOriginY	gripOriginZ	distFromObjX	distFromObjY	distFromObjZ	y_dist_thm	z_dist_thm	z_dist_ind	handOnObj	handnearObj	handfarObj	handTouchObj	framesOccluded
ivr	2	65.500000	25	1	6	8.000000	45.000000	0.767058	1.773772	877.632393	-420.000000	0.000000	30.000000	925.303868	0.000000	0.000000	0.000000	0	2.233521	432.869466	227.891247	-353.823091	-249.005109	227.949989	-351.851924	-248.064750	44.941391	0.000000	-420.000000	0	2.184771	0.083284	0.068303	227.920618	-352.837508	-248.534929	182.979227	352.837508	171.465071	351.851924	171.935250	207.994891	0	0	1	0	0
ivr	2	65.500000	25	1	6	8.000000	45.000000	0.767058	1.773772	925.492496	-420.000000	0.000000	31.000000	972.206717	0.000000	0.000000	0.000000	0	1.989698	432.548817	227.232625	-353.635162	-249.088242	227.507946	-351.898327	-248.136023	44.941391	0.000000	-420.000000	0	1.999780	0.184991	0.320649	227.370286	-352.766745	-248.612133	182.428895	352.766745	171.387867	351.898327	171.863977	207.911758	0	0	1	0	0
ivr	2	65.500000	25	1	6	8.000000	45.000000	0.767058	1.773772	972.305094	-420.000000	0.000000	32.000000	1019.210510	0.000000	0.000000	0.000000	0	1.809397	432.210074	226.946361	-353.278068	-249.458034	227.588810	-351.740701	-248.198042	44.941391	0.000000	-420.000000	0	2.088976	0.089196	0.338742	227.267586	-352.509385	-248.828038	182.326195	352.509385	171.171962	351.740701	171.801958	207.541966	0	0	1	0	0
ivr	2	65.500000	25	1	6	8.000000	45.000000	0.767058	1.773772	1019.314020	-420.000000	0.000000	33.000000	1066.109937	0.000000	0.000000	0.000000	1	1.809397	432.210074	226.946361	-353.278068	-249.458034	227.588810	-351.740701	-248.198042	44.941391	0.000000	-420.000000	0	2.088976	0.000000	0.000000	227.267586	-352.509385	-248.828038	182.326195	352.509385	171.171962	351.740701	171.801958	207.541966	0	0	1	0	0
ivr	2	65.500000	25	1	6	8.000000	45.000000	0.767058	1.773772	1066.207459	-420.000000	0.000000	34.000000	1113.682607	0.000000	0.000000	0.000000	1	1.809397	432.210074	226.946361	-353.278068	-249.458034	227.588810	-351.740701	-248.198042	44.941391	0.000000	-420.000000	0	2.088976	0.000000	0.000000	227.267586	-352.509385	-248.828038	182.326195	352.509385	171.171962	351.740701	171.801958	207.541966	0	0	1	0	0
ivr	2	65.500000	25	1	6	8.000000	45.000000	0.767058	1.773772	1113.784406	-420.000000	0.000000	35.000000	1161.342533	1149.552662	0.000000	0.000000	0	13.479345	418.976873	225.147373	-341.085137	-257.040296	222.613074	-339.154459	-249.247030	44.941391	0.000000	-420.000000	0	8.419334	6.330359	13.233202	223.880223	-340.119798	-253.143663	178.938832	340.119798	166.856337	339.154459	170.752970	199.959704	0	0	1	0	0
ivr	2	65.500000	25	1	6	8.000000	45.000000	0.767058	1.773772	1161.450320	-420.000000	0.000000	36.000000	1219.743971	1149.552662	0.000000	0.000000	0	29.135947	403.415786	220.849727	-327.375566	-263.521659	215.808160	-324.787488	-251.813034	44.941391	0.000000	-420.000000	0	13.007976	4.588642	15.561087	218.328944	-326.081527	-257.667347	173.387553	326.081527	162.332653	324.787488	168.186966	193.478341	0	0	1	0	0
ivr	2	65.500000	25	1	6	8.000000	45.000000	0.767058	1.773772	1219.848764	-420.000000	0.000000	37.000000	1267.014665	1149.552662	0.000000	0.000000	0	45.670636	387.207962	215.746226	-312.993317	-268.407239	209.369008	-309.244371	-255.112923	44.941391	0.000000	-420.000000	0	15.213886	2.205910	16.207823	212.557617	-311.118844	-261.760081	167.616226	311.118844	158.239919	309.244371	164.887077	188.592761	0	0	1	0	0
ivr	2	65.500000	25	1	6	8.000000	45.000000	0.767058	1.773772	1267.114326	-420.000000	0.000000	38.000000	1314.128812	1149.552662	0.000000	0.000000	0	67.376065	365.836980	208.838215	-294.462703	-276.664019	201.622375	-288.884256	-259.554843	44.941391	0.000000	-420.000000	0	19.388433	4.174547	21.370982	205.230295	-291.673479	-268.109431	160.288904	291.673479	151.890569	288.884256	160.445157	180.335981	0	0	1	0	0
ivr	2	65.500000	25	1	6	8.000000	45.000000	0.767058	1.773772	1314.286215	-420.000000	0.000000	39.000000	1361.514992	1149.552662	0.000000	0.000000	0	93.489549	339.972877	199.833847	-271.823925	-287.582256	191.937480	-265.620987	-265.463913	44.941391	0.000000	-420.000000	0	24.290948	4.902514	25.864103	195.885664	-268.722456	-276.523084	150.944273	268.722456	143.476916	265.620987	154.536087	169.417744	0	0	1	0	0
ivr	2	65.500000	25	1	6	8.000000	45.000000	0.767058	1.773772	1361.623207	-420.000000	0.000000	40.000000	1408.017917	1149.552662	0.000000	0.000000	0	124.613996	309.317751	189.259550	-244.710031	-299.683042	179.568985	-237.895166	-272.004872	44.941391	0.000000	-420.000000	0	30.106984	5.816036	30.655126	184.414267	-241.302598	-285.843957	139.472876	241.302598	134.156043	237.895166	147.995128	157.316958	0	0	1	0	0
ivr	2	65.500000	25	1	6	8.000000	45.000000	0.767058	1.773772	1408.130409	-420.000000	0.000000	41.000000	1455.109821	1149.552662	0.000000	0.000000	0	159.737871	274.787096	176.335149	-214.274462	-313.995801	166.646296	-206.722184	-279.560122	44.941391	0.000000	-420.000000	0	36.561275	6.454291	34.530655	171.490722	-210.498323	-296.777961	126.549331	210.498323	123.222039	206.722184	140.439878	143.004199	0	0	1	0	0
ivr	2	65.500000	25	1	6	8.000000	45.000000	0.767058	1.773772	1455.207771	-420.000000	0.000000	42.000000	1501.807361	1149.552662	0.000000	0.000000	0	196.693625	238.427105	163.449523	-181.775404	-329.936226	153.395879	-175.023617	-289.672383	44.941391	0.000000	-420.000000	0	42.045682	5.484408	36.359991	158.422701	-178.399511	-309.804304	113.481310	178.399511	110.195696	175.023617	130.327617	127.063774	0	0	0	0	0
ivr	2	65.500000	25	1	6	8.000000	45.000000	0.767058	1.773772	1501.911299	-420.000000	0.000000	43.000000	1549.168734	1149.552662	0.000000	0.000000	0	233.962429	201.667920	150.526385	-149.396337	-347.503302	141.199824	-143.811141	-302.843313	44.941391	0.000000	-420.000000	0	45.964048	3.918366	36.759184	145.863104	-146.603739	-325.173307	100.921713	146.603739	94.826693	143.811141	117.156687	109.496698	0	0	0	0	0
ivr	2	65.500000	25	1	6	8.000000	45.000000	0.767058	1.773772	1549.272244	-420.000000	0.000000	44.000000	1596.184075	1149.552662	0.000000	0.000000	0	270.401883	165.661642	138.356902	-118.611134	-367.012782	128.878057	-114.118464	-317.557948	44.941391	0.000000	-420.000000	0	50.555051	4.591003	36.006279	133.617479	-116.364799	-342.285365	88.676088	116.364799	77.714635	114.118464	102.442052	89.987218	0	0	0	0	0
ivr	2	65.500000	25	1	6	8.000000	45.000000	0.767058	1.773772	1596.288013	-420.000000	0.000000	45.000000	1643.201127	1149.552662	0.000000	0.000000	0	305.849923	130.910505	126.559287	-89.357723	-387.524522	116.784510	-85.777963	-332.778151	44.941391	0.000000	-420.000000	0	55.727247	5.172195	34.751136	121.671899	-87.567843	-360.151337	76.730508	87.567843	59.848663	85.777963	87.221849	69.475478	0	0	0	0	0
ivr	2	65.500000	25	1	6	8.000000	45.000000	0.767058	1.773772	1643.299932	-420.000000	0.000000	46.000000	1690.360612	1149.552662	0.000000	0.000000	0	339.347166	99.152229	116.950530	-61.835069	-407.546713	105.556996	-59.103561	-348.137318	44.941391	0.000000	-420.000000	0	60.553695	4.826448	31.758277	111.253763	-60.469315	-377.842015	66.312372	60.469315	42.157985	59.103561	71.862682	49.453287	0	0	0	0	0
ivr	2	65.500000	25	1	6	8.000000	45.000000	0.767058	1.773772	1690.459417	-420.000000	0.000000	47.000000	1737.048315	1149.552662	0.000000	0.000000	0	369.405602	72.556962	108.753568	-37.608879	-424.995925	95.390769	-34.702939	-362.341479	44.941391	0.000000	-420.000000	0	64.129467	3.575772	26.595267	102.072168	-36.155909	-393.668702	57.130777	36.155909	26.331298	34.702939	57.658521	32.004075	0	0	0	0	0
ivr	2	65.500000	25	1	6	8.000000	45.000000	0.767058	1.773772	1737.147547	-420.000000	0.000000	48.000000	1784.173154	1149.552662	0.000000	0.000000	0	395.342989	51.755328	99.369295	-17.265833	-438.684729	85.383754	-13.514164	-373.626278	44.941391	0.000000	-420.000000	0	66.650375	2.520908	20.801633	92.376524	-15.389998	-406.155504	47.435134	15.389998	13.844496	13.514164	46.373722	18.315271	0	0	0	0	0
ivr	2	65.500000	25	1	6	8.000000	45.000000	0.767058	1.773772	1784.329702	-420.000000	0.000000	49.000000	1831.173953	1149.552662	0.000000	0.000000	0	415.720105	37.375630	89.603806	-2.301460	-449.201474	74.608067	1.892427	-382.875792	44.941391	0.000000	-420.000000	0	68.128974	1.478599	14.379699	82.105936	-0.204516	-416.038633	37.164545	0.204516	3.961367	1.892427	37.124208	7.798526	0	0	0	0	0
ivr	2	65.500000	25	1	6	8.000000	45.000000	0.767058	1.773772	1831.279601	-420.000000	0.000000	50.000000	1878.105460	1149.552662	0.000000	0.000000	0	430.341812	29.757920	80.120618	6.845748	-456.494743	65.584182	12.676815	-390.206535	44.941391	0.000000	-420.000000	0	68.113405	0.015569	7.617709	72.852400	9.761282	-423.350639	27.911009	9.761282	3.350639	12.676815	29.793465	0.505257	0	1	0	0	0
ivr	2	65.500000	25	1	6	8.000000	45.000000	0.767058	1.773772	1878.203837	-420.000000	0.000000	51.000000	1925.066052	1149.552662	0.000000	0.000000	0	440.850601	27.029740	71.535947	13.020990	-461.497462	57.981070	19.714375	-395.234262	44.941391	0.000000	-420.000000	0	67.965784	0.147621	2.728181	64.758509	16.367683	-428.365862	19.817118	16.367683	8.365862	19.714375	24.765738	4.497462	0	1	0	0	0
ivr	2	65.500000	25	1	6	8.000000	45.000000	0.767058	1.773772	1925.164857	-420.000000	0.000000	52.000000	1972.121599	1149.552662	0.000000	0.000000	0	447.493152	26.076572	64.323037	16.127659	-463.154317	51.117006	23.849301	-398.493300	44.941391	0.000000	-420.000000	0	66.445995	1.519789	0.953168	57.720022	19.988480	-430.823808	12.778631	19.988480	10.823808	23.849301	21.506700	6.154317	0	1	0	0	0
ivr	2	65.500000	25	1	6	8.000000	45.000000	0.767058	1.773772	1972.219549	-420.000000	0.000000	53.000000	2018.889714	1149.552662	0.000000	0.000000	0	450.327315	24.360690	58.016668	16.272091	-462.124708	45.499160	23.897138	-401.840808	44.941391	0.000000	-420.000000	0	62.040132	4.405862	1.715882	51.757914	20.084615	-431.982758	6.816523	20.084615	11.982758	23.897138	18.159192	5.124708	0	1	0	0	0
ivr	2	65.500000	25	1	6	8.000000	45.000000	0.767058	1.773772	2018.988519	-420.000000	0.000000	54.000000	2066.244671	1149.552662	0.000000	0.000000	0	451.916998	24.533097	55.372169	16.315446	-462.913253	42.285106	22.389347	-406.224140	44.941391	0.000000	-420.000000	0	58.496317	3.543815	0.172407	48.828637	19.352397	-434.568697	3.887246	19.352397	14.568697	22.389347	13.775860	5.913253	0	1	0	0	0
ivr	2	65.500000	25	1	6	8.000000	45.000000	0.767058	1.773772	2066.347753	-420.000000	0.000000	55.000000	2113.119290	1149.552662	0.000000	0.000000	0	452.005941	24.576812	53.801123	14.560332	-463.919037	40.046528	19.468235	-411.328874	44.941391	0.000000	-420.000000	0	54.580231	3.916086	0.043715	46.923826	17.014283	-437.623956	1.982435	17.014283	17.623956	19.468235	8.671126	6.919037	0	1	0	0	0
ivr	2	65.500000	25	1	6	8.000000	45.000000	0.767058	1.773772	2113.221945	-420.000000	0.000000	56.000000	2160.154735	1149.552662	0.000000	0.000000	0	451.173622	24.886007	52.847204	11.359023	-464.899844	38.534034	16.291738	-416.457663	44.941391	0.000000	-420.000000	0	50.752768	3.827464	0.309195	45.690619	13.825381	-440.678754	0.749228	13.825381	20.678754	16.291738	3.542337	7.899844	0	1	0	0	0
ivr	2	65.500000	25	1	6	8.000000	45.000000	0.767058	1.773772	2160.252684	-420.000000	0.000000	57.000000	2207.344161	1149.552662	2195.640690	0.000000	0	450.168226	25.730795	52.444985	9.320957	-464.441560	39.348766	13.610988	-421.588531	44.941391	0.000000	-420.000000	0	45.014414	5.738354	0.844788	45.896876	11.465972	-443.015046	0.955485	11.465972	23.015046	13.610988	1.588531	7.441560	0	1	0	1	0
ivr	2	65.500000	25	1	6	8.000000	45.000000	0.767058	1.773772	2207.443394	-420.000000	0.000000	58.000000	2254.229473	1149.552662	2195.640690	0.000000	0	449.502315	26.565491	52.500954	7.358458	-464.402143	40.106774	12.684104	-424.728007	44.941391	0.000000	-420.000000	0	41.904836	3.109578	0.834696	46.303864	10.021281	-444.565075	1.362473	10.021281	24.565075	12.684104	4.728007	7.402143	0	1	0	1	0
ivr	2	65.500000	25	1	6	8.000000	45.000000	0.767058	1.773772	2254.329561	-420.000000	0.000000	59.000000	2301.371422	1149.552662	2195.640690	0.000000	0	449.367689	26.418070	52.412324	7.286477	-463.709240	40.288063	12.610198	-425.156301	44.941391	0.000000	-420.000000	0	40.763572	1.141264	0.147421	46.350194	9.948337	-444.432771	1.408803	9.948337	24.432771	12.610198	5.156301	6.709240	0	1	0	1	0
ivr	2	65.500000	25	1	6	8.000000	45.000000	0.767058	1.773772	2301.473221	-420.000000	0.000000	60.000000	2348.468886	1149.552662	2195.640690	0.000000	0	449.383971	26.222303	52.626017	7.424824	-463.303844	39.720768	12.574577	-425.115050	44.941391	0.000000	-420.000000	0	40.638029	0.125544	0.195767	46.173393	9.999700	-444.209447	1.232002	9.999700	24.209447	12.574577	5.115050	6.303844	0	1	0	1	0
ivr	2	65.500000	25	1	6	8.000000	45.000000	0.767058	1.773772	2348.574535	-420.000000	0.000000	61.000000	2395.389700	1149.552662	2195.640690	0.000000	0	449.203294	26.169397	52.343100	7.149438	-463.201685	40.006353	12.357945	-425.303232	44.941391	0.000000	-420.000000	0	40.194734	0.443295	0.052906	46.174727	9.753691	-444.252459	1.233336	9.753691	24.252459	12.357945	5.303232	6.201685	0	1	0	1	0
ivr	2	65.500000	25	1	6	8.000000	45.000000	0.767058	1.773772	2395.489361	-420.000000	0.000000	62.000000	2442.209998	1149.552662	2195.640690	0.000000	0	448.943601	26.218393	52.849743	6.991366	-463.151454	40.504228	12.304060	-425.482422	44.941391	0.000000	-420.000000	0	39.994905	0.199828	0.048995	46.676986	9.647713	-444.316938	1.735595	9.647713	24.316938	12.304060	5.482422	6.151454	0	1	0	1	0
ivr	2	65.500000	25	1	6	8.000000	45.000000	0.767058	1.773772	2442.343449	-420.000000	0.000000	63.000000	2489.584202	1149.552662	2195.640690	0.000000	0	448.836278	26.135736	52.880767	6.980300	-463.049650	40.643679	12.214797	-425.433268	44.941391	0.000000	-420.000000	0	39.901610	0.093296	0.082657	46.762223	9.597548	-444.241459	1.820832	9.597548	24.241459	12.214797	5.433268	6.049650	0	1	0	1	0
ivr	2	65.500000	25	1	6	8.000000	45.000000	0.767058	1.773772	2489.683863	-420.000000	0.000000	64.000000	2536.479352	1149.552662	2195.640690	0.000000	0	448.835292	26.186339	52.981963	6.973057	-463.057498	40.712415	12.260930	-425.506098	44.941391	0.000000	-420.000000	0	39.857384	0.044226	0.050603	46.847189	9.616994	-444.281798	1.905798	9.616994	24.281798	12.260930	5.506098	6.057498	0	1	0	1	0
ivr	2	65.500000	25	1	6	8.000000	45.000000	0.767058	1.773772	2536.579868	-420.000000	0.000000	65.000000	2583.709840	1149.552662	2195.640690	0.000000	0	448.911346	26.218180	52.927617	7.046692	-463.029026	40.668962	12.312904	-425.560949	44.941391	0.000000	-420.000000	0	39.772659	0.084725	0.031841	46.798289	9.679798	-444.294987	1.856898	9.679798	24.294987	12.312904	5.560949	6.029026	0	1	0	1	0
ivr	2	65.500000	25	1	6	8.000000	45.000000	0.767058	1.773772	2583.809073	-420.000000	0.000000	66.000000	2630.785491	1149.552662	2195.640690	0.000000	0	448.902661	26.158905	53.017332	7.070849	-462.972685	40.501612	12.295268	-425.492613	44.941391	0.000000	-420.000000	0	39.858419	0.085760	0.059275	46.759472	9.683058	-444.232649	1.818081	9.683058	24.232649	12.295268	5.492613	5.972685	0	1	0	1	0
ivr	2	65.500000	25	1	6	8.000000	45.000000	0.767058	1.773772	2630.889001	-420.000000	0.000000	67.000000	2677.854726	1149.552662	2195.640690	0.000000	0	448.767655	26.128161	52.947342	7.009991	-462.917145	40.844778	12.163505	-425.537135	44.941391	0.000000	-420.000000	0	39.626959	0.231460	0.030744	46.896060	9.586748	-444.227140	1.954669	9.586748	24.227140	12.163505	5.537135	5.917145	0	1	0	1	0
ivr	2	65.500000	25	1	6	8.000000	45.000000	0.767058	1.773772	2677.958236	-420.000000	0.000000	68.000000	2724.566381	1149.552662	2195.640690	0.000000	0	448.784873	26.104768	52.950267	6.993724	-462.889711	40.685369	12.161040	-425.533907	44.941391	0.000000	-420.000000	0	39.655831	0.028872	0.023393	46.817818	9.577382	-444.211809	1.876427	9.577382	24.211809	12.161040	5.533907	5.889711	0	1	0	1	0
ivr	2	65.500000	25	1	6	8.000000	45.000000	0.767058	1.773772	2724.700260	-420.000000	0.000000	69.000000	2771.706191	1149.552662	2195.640690	0.000000	0	448.871929	26.156509	53.018439	7.096177	-462.906408	40.588179	12.236640	-425.560355	44.941391	0.000000	-420.000000	0	39.694626	0.038795	0.051741	46.803309	9.666409	-444.233382	1.861918	9.666409	24.233382	12.236640	5.560355	5.906408	0	1	0	1	0
ivr	2	65.500000	25	1	6	8.000000	45.000000	0.767058	1.773772	2771.920910	-420.000000	0.000000	70.000000	2819.050027	1149.552662	2195.640690	0.000000	0	448.939907	26.203126	52.874944	7.186320	-462.888375	40.722638	12.285949	-425.623956	44.941391	0.000000	-420.000000	0	39.526215	0.168411	0.046617	46.798791	9.736135	-444.256165	1.857400	9.736135	24.256165	12.285949	5.623956	5.888375	0	1	0	1	0
ivr	2	65.500000	25	1	6	8.000000	45.000000	0.767058	1.773772	2819.153537	-420.000000	0.000000	71.000000	2866.125677	1149.552662	2195.640690	0.000000	0	448.959070	26.185339	52.605267	7.249691	-462.773401	40.937493	12.271608	-425.684946	44.941391	0.000000	-420.000000	0	39.203445	0.322769	0.017787	46.771380	9.760650	-444.229173	1.829989	9.760650	24.229173	12.271608	5.684946	5.773401	0	1	0	1	0
ivr	2	65.500000	25	1	6	8.000000	45.000000	0.767058	1.773772	2866.229615	-420.000000	0.000000	72.000000	2913.113216	1149.552662	2195.640690	0.000000	0	448.760705	26.189752	52.964190	7.136371	-462.800008	41.191620	12.175068	-425.701764	44.941391	0.000000	-420.000000	0	39.246167	0.042721	0.004413	47.077905	9.655720	-444.250886	2.136514	9.655720	24.250886	12.175068	5.701764	5.800008	0	1	0	1	0
ivr	2	65.500000	25	1	6	8.000000	45.000000	0.767058	1.773772	2913.217582	-420.000000	0.000000	73.000000	2960.147805	1149.552662	2195.640690	0.000000	0	448.767458	26.164918	52.893581	7.066901	-462.819538	41.040479	12.149530	-425.685385	44.941391	0.000000	-420.000000	0	39.309978	0.063812	0.024834	46.967030	9.608215	-444.252462	2.025639	9.608215	24.252462	12.149530	5.685385	5.819538	0	1	0	1	0
ivr	2	65.500000	25	1	6	8.000000	45.000000	0.767058	1.773772	2960.247466	-420.000000	0.000000	74.000000	3007.344931	1149.552662	2195.640690	0.000000	0	448.818460	26.176397	52.933476	7.126940	-462.828297	40.926146	12.181853	-425.670882	44.941391	0.000000	-420.000000	0	39.375139	0.065161	0.011480	46.929811	9.654397	-444.249590	1.988420	9.654397	24.249590	12.181853	5.670882	5.828297	0	1	0	1	0
ivr	2	65.500000	25	1	6	8.000000	45.000000	0.767058	1.773772	3007.444591	-420.000000	0.000000	75.000000	3054.241792	1149.552662	2195.640690	0.000000	0	448.840576	26.150995	52.635778	7.157366	-462.756188	41.071462	12.153738	-425.699491	44.941391	0.000000	-420.000000	0	39.139442	0.235697	0.025403	46.853620	9.655552	-444.227840	1.912229	9.655552	24.227840	12.153738	5.699491	5.756188	0	1	0	1	0
ivr	2	65.500000	25	1	6	8.000000	45.000000	0.767058	1.773772	3054.340169	-420.000000	0.000000	76.000000	3101.428224	1149.552662	2195.640690	0.000000	0	448.710066	26.127087	52.929356	7.064145	-462.785193	41.078650	12.078206	-425.661185	44.941391	0.000000	-420.000000	0	39.290864	0.151422	0.023908	47.004003	9.571176	-444.223189	2.062612	9.571176	24.223189	12.078206	5.661185	5.785193	0	1	0	1	0
ivr	2	65.500000	25	1	6	8.000000	45.000000	0.767058	1.773772	3101.527456	-420.000000	0.000000	77.000000	3148.571455	1149.552662	2195.640690	0.000000	0	448.689664	26.097064	52.899209	7.063480	-462.758782	41.131515	12.074320	-425.622684	44.941391	0.000000	-420.000000	0	39.276926	0.013938	0.030022	47.015362	9.568900	-444.190733	2.073971	9.568900	24.190733	12.074320	5.622684	5.758782	0	1	0	1	0
ivr	2	65.500000	25	1	6	8.000000	45.000000	0.767058	1.773772	3148.675393	-420.000000	0.000000	78.000000	3195.411429	1149.552662	2195.640690	0.000000	0	448.732069	26.076414	52.942674	7.114851	-462.738107	41.000824	12.126387	-425.565131	44.941391	0.000000	-420.000000	0	39.364367	0.087441	0.020650	46.971749	9.620619	-444.151619	2.030358	9.620619	24.151619	12.126387	5.565131	5.738107	0	1	0	1	0
ivr	2	65.500000	25	1	6	8.000000	45.000000	0.767058	1.773772	3195.514939	-420.000000	0.000000	79.000000	3242.644911	1149.552662	2195.640690	0.000000	0	448.764210	26.046461	52.767694	7.111194	-462.709769	40.949771	12.119855	-425.551338	44.941391	0.000000	-420.000000	0	39.312835	0.051532	0.029953	46.858732	9.615524	-444.130553	1.917341	9.615524	24.130553	12.119855	5.551338	5.709769	0	1	0	1	0
ivr	2	65.500000	25	1	6	8.000000	45.000000	0.767058	1.773772	3242.749276	-420.000000	0.000000	80.000000	3289.670090	1149.552662	2195.640690	0.000000	0	448.610963	26.030950	52.952071	7.021351	-462.723251	41.106706	11.985412	-425.564899	44.941391	0.000000	-420.000000	0	39.315362	0.002527	0.015510	47.029389	9.503382	-444.144075	2.087998	9.503382	24.144075	11.985412	5.564899	5.723251	0	1	0	1	0
ivr	2	65.500000	25	1	6	8.000000	45.000000	0.767058	1.773772	3289.773172	-420.000000	0.000000	81.000000	3325.107712	1149.552662	2195.640690	3325.103435	0	448.501097	25.990096	  53.050633    6.891771 -462.718551	  41.118152   11.906157 -425.553682	44.941391	0.000000	-420.000000	0	39.354234	0.038871	0.040854	0
