subjName	sessionNR	IOD	trialN	textureType	texnum	visualAngle	simulatedDepth	light_intensity	ambient_intensity	time	displayDistance	isRotated	frameN	timTote	startTime	touchTime	endTime	fingersOccluded	distanceToHome	distanceToObject	indexXraw	indexYraw	indexZraw	thumbXraw	thumbYraw	thumbZraw	targetX	targetY	targetZ	failCause	gripAperture	gripApertureVel	distFromObjVel	gripOriginX	gripOriginY	gripOriginZ	distFromObjX	distFromObjY	distFromObjZ	y_dist_thm	z_dist_thm	z_dist_ind	handOnObj	handnearObj	handfarObj	handTouchObj	framesOccluded
ivr	5	65.500000	59	2	46	8.000000	55.000000	0.543786	2.481730	880.452826	-420.000000	0.000000	30.000000	927.553285	0.000000	0.000000	0.000000	0	4.392473	434.526993	220.116395	-356.091640	-251.796813	222.788217	-360.001042	-245.356355	44.730667	0.000000	-420.000000	0	7.993845	0.036583	0.032402	221.452306	-358.046341	-248.576584	176.721639	358.046341	171.423416	360.001042	174.643645	215.203187	0	0	1	0	0
ivr	5	65.500000	59	2	46	8.000000	55.000000	0.543786	2.481730	927.774420	-420.000000	0.000000	31.000000	974.356902	0.000000	0.000000	0.000000	0	4.403625	434.633156	220.258101	-356.152017	-251.806842	222.948464	-360.038790	-245.324433	44.730667	0.000000	-420.000000	0	8.022885	0.029039	0.106164	221.603282	-358.095403	-248.565638	176.872615	358.095403	171.434362	360.038790	174.675567	215.193158	0	0	1	0	0
ivr	5	65.500000	59	2	46	8.000000	55.000000	0.543786	2.481730	974.458701	-420.000000	0.000000	32.000000	1021.367966	0.000000	0.000000	0.000000	0	4.400644	434.535444	220.225356	-356.159869	-251.801723	222.646459	-359.972539	-245.357765	44.730667	0.000000	-420.000000	0	7.869103	0.153782	0.097712	221.435908	-358.066204	-248.579744	176.705240	358.066204	171.420256	359.972539	174.642235	215.198277	0	0	1	0	0
ivr	5	65.500000	59	2	46	8.000000	55.000000	0.543786	2.481730	1021.464204	-420.000000	0.000000	33.000000	1068.482112	0.000000	0.000000	0.000000	0	4.394108	434.558901	220.085642	-356.169898	-251.831436	222.745310	-360.024596	-245.296700	44.730667	0.000000	-420.000000	0	8.039609	0.170506	0.023457	221.415476	-358.097247	-248.564068	176.684809	358.097247	171.435932	360.024596	174.703300	215.168564	0	0	1	0	0
ivr	5	65.500000	59	2	46	8.000000	55.000000	0.543786	2.481730	1068.576640	-420.000000	0.000000	34.000000	1115.930741	0.000000	0.000000	0.000000	0	4.484405	434.493132	220.154707	-356.225127	-251.950429	222.591247	-359.946179	-245.375143	44.730667	0.000000	-420.000000	0	7.938346	0.101263	0.065769	221.372977	-358.085653	-248.662786	176.642310	358.085653	171.337214	359.946179	174.624857	215.049571	0	0	1	0	0
ivr	5	65.500000	59	2	46	8.000000	55.000000	0.543786	2.481730	1116.026979	-420.000000	0.000000	35.000000	1163.100064	0.000000	0.000000	0.000000	0	4.563916	433.772948	219.581568	-356.000722	-252.157067	222.443842	-358.974890	-245.579394	44.730667	0.000000	-420.000000	0	7.765570	0.172775	0.720184	221.012705	-357.487806	-248.868230	176.282038	357.487806	171.131770	358.974890	174.420606	214.842933	0	0	1	0	0
ivr	5	65.500000	59	2	46	8.000000	55.000000	0.543786	2.481730	1163.195019	-420.000000	0.000000	36.000000	1210.368192	0.000000	0.000000	0.000000	0	5.833339	430.575184	218.688264	-354.445330	-254.089549	218.990618	-355.308408	-244.480919	44.730667	0.000000	-420.000000	0	9.652051	1.886480	3.197765	218.839441	-354.876869	-249.285234	174.108774	354.876869	170.714766	355.308408	175.519081	212.910451	0	0	1	0	0
ivr	5	65.500000	59	2	46	8.000000	55.000000	0.543786	2.481730	1210.464003	-420.000000	0.000000	37.000000	1257.817676	1245.979472	0.000000	0.000000	0	20.591898	414.660129	216.857682	-340.416196	-262.920461	213.111678	-338.238501	-243.531677	44.730667	0.000000	-420.000000	0	19.867054	10.215004	15.915055	214.984680	-339.327348	-253.226069	170.254013	339.327348	166.773931	338.238501	176.468323	204.079539	0	0	1	0	0
ivr	5	65.500000	59	2	46	8.000000	55.000000	0.543786	2.481730	1257.924180	-420.000000	0.000000	38.000000	1304.758165	1245.979472	0.000000	0.000000	0	48.026829	388.116192	212.537958	-315.574821	-276.462672	206.412519	-310.780683	-244.707590	44.730667	0.000000	-420.000000	0	32.693883	12.826828	26.543936	209.475239	-313.177752	-260.585131	164.744571	313.177752	159.414869	310.780683	175.292410	190.537328	0	0	1	0	0
ivr	5	65.500000	59	2	46	8.000000	55.000000	0.543786	2.481730	1304.993415	-420.000000	0.000000	39.000000	1351.939037	1245.979472	0.000000	0.000000	0	81.821482	355.147329	204.176875	-285.273066	-293.197317	196.490770	-279.397606	-248.782273	44.730667	0.000000	-420.000000	0	45.456500	12.762617	32.968863	200.333823	-282.335336	-270.989795	155.603156	282.335336	149.010205	279.397606	171.217727	173.802683	0	0	1	0	0
ivr	5	65.500000	59	2	46	8.000000	55.000000	0.543786	2.481730	1352.040836	-420.000000	0.000000	40.000000	1398.991163	1245.979472	0.000000	0.000000	0	122.637299	315.008269	191.936149	-248.427057	-311.409658	182.703589	-243.510322	-257.312382	44.730667	0.000000	-420.000000	0	55.099272	9.642772	40.139060	187.319869	-245.968689	-284.361020	142.589202	245.968689	135.638980	243.510322	162.687618	155.590342	0	0	1	0	0
ivr	5	65.500000	59	2	46	8.000000	55.000000	0.543786	2.481730	1399.093817	-420.000000	0.000000	41.000000	1446.134394	1245.979472	0.000000	0.000000	0	167.323135	271.058913	176.055797	-208.773888	-329.564267	167.196013	-204.383854	-267.984065	44.730667	0.000000	-420.000000	0	62.368979	7.269707	43.949356	171.625905	-206.578871	-298.774166	126.895238	206.578871	121.225834	204.383854	152.015935	137.435733	0	0	1	0	0
ivr	5	65.500000	59	2	46	8.000000	55.000000	0.543786	2.481730	1446.230205	-420.000000	0.000000	42.000000	1492.811404	1245.979472	0.000000	0.000000	0	213.858107	225.322925	158.158685	-167.460065	-347.726692	149.328806	-164.831260	-279.838015	44.730667	0.000000	-420.000000	0	68.510947	6.141969	45.735987	153.743745	-166.145662	-313.782353	109.013078	166.145662	106.217647	164.831260	140.161985	119.273308	0	0	0	0	0
ivr	5	65.500000	59	2	46	8.000000	55.000000	0.543786	2.481730	1492.908070	-420.000000	0.000000	43.000000	1539.561982	1245.979472	0.000000	0.000000	0	257.948792	181.641378	141.461883	-130.439348	-367.411354	132.324410	-128.065221	-296.026876	44.730667	0.000000	-420.000000	0	72.006067	3.495119	43.681547	136.893146	-129.252284	-331.719115	92.162479	129.252284	88.280885	128.065221	123.973124	99.588646	0	0	0	0	0
ivr	5	65.500000	59	2	46	8.000000	55.000000	0.543786	2.481730	1539.663781	-420.000000	0.000000	44.000000	1586.703075	1245.979472	0.000000	0.000000	0	298.686779	140.723229	127.761313	-98.220962	-391.709277	116.174864	-96.325380	-315.998044	44.730667	0.000000	-420.000000	0	76.616119	4.610052	40.918149	121.968089	-97.273171	-353.853661	77.237421	97.273171	66.146339	96.325380	104.001956	75.290723	0	0	0	0	0
ivr	5	65.500000	59	2	46	8.000000	55.000000	0.543786	2.481730	1586.805302	-420.000000	0.000000	45.000000	1633.894640	1245.979472	0.000000	0.000000	0	335.069376	104.615415	115.903240	-72.264727	-416.943289	102.208305	-67.776383	-335.791876	44.730667	0.000000	-420.000000	0	82.421164	5.805045	36.107814	109.055772	-70.020555	-376.367582	64.325105	70.020555	43.632418	67.776383	84.208124	50.056711	0	0	0	0	0
ivr	5	65.500000	59	2	46	8.000000	55.000000	0.543786	2.481730	1633.997722	-420.000000	0.000000	46.000000	1680.782091	1245.979472	0.000000	0.000000	0	365.431991	75.565804	106.249839	-52.557086	-439.596236	89.447112	-43.970593	-353.105097	44.730667	0.000000	-420.000000	0	88.525570	6.104407	29.049611	97.848475	-48.263839	-396.350666	53.117808	48.263839	23.649334	43.970593	66.894903	27.403764	0	0	0	0	0
ivr	5	65.500000	59	2	46	8.000000	55.000000	0.543786	2.481730	1680.883034	-420.000000	0.000000	47.000000	1727.852181	1245.979472	0.000000	0.000000	0	388.934541	53.935202	95.534251	-37.910515	-455.550735	78.529730	-26.945847	-367.954764	44.730667	0.000000	-420.000000	0	89.902346	1.376776	21.630602	87.031991	-32.428181	-411.752749	42.301324	32.428181	8.247251	26.945847	52.045236	11.449265	0	0	0	0	0
ivr	5	65.500000	59	2	46	8.000000	55.000000	0.543786	2.481730	1727.952697	-420.000000	0.000000	48.000000	1774.996696	1245.979472	0.000000	0.000000	0	405.219056	38.726068	84.347662	-29.876127	-465.533099	67.352591	-16.032793	-378.652746	44.730667	0.000000	-420.000000	0	89.602824	0.299522	15.209135	75.850127	-22.954460	-422.092923	31.119459	22.954460	2.092923	16.032793	41.347254	1.466901	0	0	0	0	0
ivr	5	65.500000	59	2	46	8.000000	55.000000	0.543786	2.481730	1775.151961	-420.000000	0.000000	49.000000	1821.977819	1245.979472	0.000000	0.000000	0	416.834958	27.765364	72.503394	-24.555478	-471.002529	58.185081	-8.897787	-385.272104	44.730667	0.000000	-420.000000	0	88.316947	1.285877	10.960704	65.344238	-16.726633	-428.137316	20.613570	16.726633	8.137316	8.897787	34.727896	4.002529	0	0	0	0	0
ivr	5	65.500000	59	2	46	8.000000	55.000000	0.543786	2.481730	1822.083468	-420.000000	0.000000	50.000000	1868.846878	1245.979472	0.000000	0.000000	0	423.659954	20.653105	62.083200	-21.477133	-471.414155	49.860394	-6.358451	-389.223947	44.730667	0.000000	-420.000000	0	84.458284	3.858663	7.112259	55.971797	-13.917792	-430.319051	11.241130	13.917792	10.319051	6.358451	30.776053	4.414155	0	0	0	0	0
ivr	5	65.500000	59	2	46	8.000000	55.000000	0.543786	2.481730	1868.947821	-420.000000	0.000000	51.000000	1915.944770	1245.979472	0.000000	0.000000	0	428.563333	17.302177	54.976432	-19.594855	-470.606468	43.626022	-4.157366	-392.839924	44.730667	0.000000	-420.000000	0	80.092342	4.365942	3.350928	49.301227	-11.876110	-431.723196	4.570560	11.876110	11.723196	4.157366	27.160076	3.606468	0	1	0	0	0
ivr	5	65.500000	59	2	46	8.000000	55.000000	0.543786	2.481730	1916.041436	-420.000000	0.000000	52.000000	1962.955834	1245.979472	0.000000	0.000000	0	431.678900	19.393119	55.017690	-18.425175	-471.016870	42.442418	-2.605815	-400.575683	44.730667	0.000000	-420.000000	0	73.282676	6.809666	2.090942	48.730054	-10.515495	-435.796276	3.999386	10.515495	15.796276	2.605815	19.424317	4.016870	0	1	0	0	0
ivr	5	65.500000	59	2	46	8.000000	55.000000	0.543786	2.481730	1963.052928	-420.000000	0.000000	53.000000	2009.972031	1245.979472	1998.175744	0.000000	0	433.842292	23.378986	56.394033	-16.830146	-470.265614	46.165951	-1.519760	-410.697958	44.730667	0.000000	-420.000000	0	62.348434	10.934242	3.985866	51.279992	-9.174953	-440.481786	6.549325	9.174953	20.481786	1.519760	9.302042	3.265614	0	1	0	1	0
ivr	5	65.500000	59	2	46	8.000000	55.000000	0.543786	2.481730	2010.068270	-420.000000	0.000000	54.000000	2056.868036	1245.979472	1998.175744	0.000000	0	433.617045	27.110676	57.300568	-17.629278	-470.911487	47.668481	-3.749728	-416.442540	44.730667	0.000000	-420.000000	0	57.028809	5.319624	3.731690	52.484524	-10.689503	-443.677013	7.753857	10.689503	23.677013	3.749728	3.557460	3.911487	1	1	0	1	0
ivr	5	65.500000	59	2	46	8.000000	55.000000	0.543786	2.481730	2056.970263	-420.000000	0.000000	55.000000	2103.920590	1245.979472	1998.175744	0.000000	0	434.334600	30.722783	57.802926	-19.482078	-475.123503	46.608424	-4.549750	-419.415711	44.730667	0.000000	-420.000000	0	58.750740	1.721931	3.612107	52.205675	-12.015914	-447.269607	7.475008	12.015914	27.269607	4.549750	0.584289	8.123503	0	1	0	1	0
ivr	5	65.500000	59	2	46	8.000000	55.000000	0.543786	2.481730	2104.021533	-420.000000	0.000000	56.000000	2150.742171	1245.979472	1998.175744	0.000000	0	436.109448	32.778731	56.496445	-19.794265	-479.273409	46.229146	-3.676568	-420.484104	44.730667	0.000000	-420.000000	0	61.817311	3.066571	2.055948	51.362795	-11.735417	-449.878756	6.632128	11.735417	29.878756	3.676568	0.484104	12.273409	0	1	0	1	0
ivr	5	65.500000	59	2	46	8.000000	55.000000	0.543786	2.481730	2150.843542	-420.000000	0.000000	57.000000	2198.000889	1245.979472	1998.175744	0.000000	0	437.144710	30.510256	54.092180	-18.737620	-475.520283	45.888984	-1.584834	-421.046793	44.730667	0.000000	-420.000000	0	57.696374	4.120938	2.268475	49.990582	-10.161227	-448.283538	5.259915	10.161227	28.283538	1.584834	1.046793	8.520283	0	1	0	1	0
ivr	5	65.500000	59	2	46	8.000000	55.000000	0.543786	2.481730	2198.103543	-420.000000	0.000000	58.000000	2244.892189	1245.979472	1998.175744	0.000000	0	437.861238	29.888724	52.750292	-17.788658	-474.268273	45.697051	-1.143328	-421.715429	44.730667	0.000000	-420.000000	0	55.575324	2.121050	0.621532	49.223672	-9.465993	-447.991851	4.493005	9.465993	27.991851	1.143328	1.715429	7.268273	1	1	0	1	0
ivr	5	65.500000	59	2	46	8.000000	55.000000	0.543786	2.481730	2244.992705	-420.000000	0.000000	59.000000	2292.038843	1245.979472	1998.175744	0.000000	0	437.949894	30.202758	52.513532	-17.488282	-474.205400	46.083415	-1.511804	-422.401700	44.730667	0.000000	-420.000000	0	54.591369	0.983955	0.314034	49.298474	-9.500043	-448.303550	4.567807	9.500043	28.303550	1.511804	2.401700	7.205400	1	1	0	1	0
ivr	5	65.500000	59	2	46	8.000000	55.000000	0.543786	2.481730	2292.146630	-420.000000	0.000000	60.000000	2339.077709	1245.979472	1998.175744	0.000000	0	437.947557	30.387801	52.524453	-17.654574	-474.171132	46.147034	-1.507484	-422.764467	44.730667	0.000000	-420.000000	0	54.259056	0.332313	0.185043	49.335744	-9.581029	-448.467800	4.605077	9.581029	28.467800	1.507484	2.764467	7.171132	1	1	0	1	0
ivr	5	65.500000	59	2	46	8.000000	55.000000	0.543786	2.481730	2339.182502	-420.000000	0.000000	61.000000	2386.065248	1245.979472	1998.175744	0.000000	0	437.767448	30.390988	52.784216	-17.554236	-473.879806	46.441319	-1.716073	-422.933609	44.730667	0.000000	-420.000000	0	53.727038	0.532018	0.003186	49.612768	-9.635155	-448.406708	4.882101	9.635155	28.406708	1.716073	2.933609	6.879806	1	1	0	1	0
ivr	5	65.500000	59	2	46	8.000000	55.000000	0.543786	2.481730	2386.162770	-420.000000	0.000000	62.000000	2433.025413	1245.979472	1998.175744	0.000000	0	437.562213	30.518527	52.813588	-17.452935	-473.818097	46.807090	-2.185514	-423.073388	44.730667	0.000000	-420.000000	0	53.331019	0.396019	0.127539	49.810339	-9.819225	-448.445742	5.079672	9.819225	28.445742	2.185514	3.073388	6.818097	1	1	0	1	0
ivr	5	65.500000	59	2	46	8.000000	55.000000	0.543786	2.481730	2433.122079	-420.000000	0.000000	63.000000	2480.254190	1245.979472	1998.175744	0.000000	0	437.299220	30.667390	53.141748	-17.692425	-473.764306	46.967328	-2.408767	-423.196408	44.730667	0.000000	-420.000000	0	53.186708	0.144311	0.148863	50.054538	-10.050596	-448.480357	5.323871	10.050596	28.480357	2.408767	3.196408	6.764306	1	1	0	1	0
ivr	5	65.500000	59	2	46	8.000000	55.000000	0.543786	2.481730	2480.351284	-420.000000	0.000000	64.000000	2527.170298	1245.979472	1998.175744	0.000000	0	437.279783	30.673678	53.152146	-17.753291	-473.754247	46.910850	-2.418109	-423.203785	44.730667	0.000000	-420.000000	0	53.192771	0.006062	0.006287	50.031498	-10.085700	-448.479016	5.300831	10.085700	28.479016	2.418109	3.203785	6.754247	1	1	0	1	0
ivr	5	65.500000	59	2	46	8.000000	55.000000	0.543786	2.481730	2527.267820	-420.000000	0.000000	65.000000	2574.029091	1245.979472	1998.175744	0.000000	0	437.585895	30.596656	52.612627	-17.346550	-473.801917	46.860606	-2.397550	-423.246781	44.730667	0.000000	-420.000000	0	53.031878	0.160892	0.077021	49.736617	-9.872050	-448.524349	5.005950	9.872050	28.524349	2.397550	3.246781	6.801917	1	1	0	1	0
ivr	5	65.500000	59	2	46	8.000000	55.000000	0.543786	2.481730	2574.131318	-420.000000	0.000000	66.000000	2621.398591	1245.979472	1998.175744	0.000000	0	437.489492	30.551749	52.700075	-17.233861	-473.653894	46.939503	-2.582369	-423.243890	44.730667	0.000000	-420.000000	0	52.811162	0.220716	0.044907	49.819789	-9.908115	-448.448892	5.089122	9.908115	28.448892	2.582369	3.243890	6.653894	1	1	0	1	0
ivr	5	65.500000	59	2	46	8.000000	55.000000	0.543786	2.481730	2621.499962	-420.000000	0.000000	67.000000	2668.465259	1245.979472	1998.175744	0.000000	0	437.536103	30.541754	52.476906	-17.132339	-473.650859	46.964623	-2.674239	-423.263903	44.730667	0.000000	-420.000000	0	52.709272	0.101891	0.009995	49.720764	-9.903289	-448.457381	4.990097	9.903289	28.457381	2.674239	3.263903	6.650859	1	1	0	1	0
ivr	5	65.500000	59	2	46	8.000000	55.000000	0.543786	2.481730	2668.566631	-420.000000	0.000000	68.000000	2715.649553	1245.979472	1998.175744	0.000000	0	437.372867	30.513434	52.726969	-17.227115	-473.563147	46.887716	-2.805190	-423.180972	44.730667	0.000000	-420.000000	0	52.729995	0.020723	0.028319	49.807342	-10.016153	-448.372059	5.076675	10.016153	28.372059	2.805190	3.180972	6.563147	1	1	0	1	0
ivr	5	65.500000	59	2	46	8.000000	55.000000	0.543786	2.481730	2715.747075	-420.000000	0.000000	69.000000	2762.619127	1245.979472	1998.175744	0.000000	0	437.271117	30.624947	52.834153	-17.291938	-473.572109	47.012334	-2.954365	-423.294273	44.730667	0.000000	-420.000000	0	52.605327	0.124669	0.111513	49.923244	-10.123151	-448.433191	5.192577	10.123151	28.433191	2.954365	3.294273	6.572109	1	1	0	1	0
ivr	5	65.500000	59	2	46	8.000000	55.000000	0.543786	2.481730	2762.772681	-420.000000	0.000000	70.000000	2809.602817	1245.979472	1998.175744	0.000000	0	437.355889	30.621014	52.728924	-17.176083	-473.564329	47.001012	-2.947161	-423.358397	44.730667	0.000000	-420.000000	0	52.496731	0.108596	0.003934	49.864968	-10.061622	-448.461363	5.134301	10.061622	28.461363	2.947161	3.358397	6.564329	1	1	0	1	0
ivr	5	65.500000	59	2	46	8.000000	55.000000	0.543786	2.481730	2809.708465	-420.000000	0.000000	71.000000	2856.749043	1245.979472	1998.175744	0.000000	0	437.295831	30.579498	52.871984	-17.224521	-473.482650	46.936318	-2.941586	-423.321322	44.730667	0.000000	-420.000000	0	52.491839	0.004892	0.041515	49.904151	-10.083053	-448.401986	5.173484	10.083053	28.401986	2.941586	3.321322	6.482650	1	1	0	1	0
ivr	5	65.500000	59	2	46	8.000000	55.000000	0.543786	2.481730	2856.850842	-420.000000	0.000000	72.000000	2903.758396	1245.979472	1998.175744	0.000000	0	436.914855	30.796032	53.229273	-17.496668	-473.416334	47.339408	-3.309750	-423.480960	44.730667	0.000000	-420.000000	0	52.244624	0.247215	0.216534	50.284340	-10.403209	-448.448647	5.553673	10.403209	28.448647	3.309750	3.480960	6.416334	1	1	0	1	0
ivr	5	65.500000	59	2	46	8.000000	55.000000	0.543786	2.481730	2903.860195	-420.000000	0.000000	73.000000	2951.014975	1245.979472	1998.175744	0.000000	0	436.663477	30.890770	53.450107	-17.636945	-473.396710	47.489924	-3.603436	-423.471949	44.730667	0.000000	-420.000000	0	52.201006	0.043618	0.094738	50.470016	-10.620191	-448.434330	5.739348	10.620191	28.434330	3.603436	3.471949	6.396710	1	1	0	1	0
ivr	5	65.500000	59	2	46	8.000000	55.000000	0.543786	2.481730	2951.116774	-420.000000	0.000000	74.000000	2997.967441	1245.979472	1998.175744	0.000000	0	436.607504	30.986201	53.474472	-17.700917	-473.376396	47.661718	-3.656799	-423.615922	44.730667	0.000000	-420.000000	0	52.030088	0.170918	0.095431	50.568095	-10.678858	-448.496159	5.837428	10.678858	28.496159	3.656799	3.615922	6.376396	1	1	0	1	0
ivr	5	65.500000	59	2	46	8.000000	55.000000	0.543786	2.481730	2998.068812	-420.000000	0.000000	75.000000	3045.156011	1245.979472	1998.175744	0.000000	0	436.576918	30.979712	53.464090	-17.670360	-473.389157	47.643117	-3.758286	-423.568343	44.730667	0.000000	-420.000000	0	52.053271	0.023183	0.006489	50.553603	-10.714323	-448.478750	5.822936	10.714323	28.478750	3.758286	3.568343	6.389157	1	1	0	1	0
ivr	5	65.500000	59	2	46	8.000000	55.000000	0.543786	2.481730	3045.253105	-420.000000	0.000000	76.000000	3092.039613	1245.979472	1998.175744	0.000000	0	436.665505	31.000864	53.482610	-17.634372	-473.414111	47.597122	-3.647247	-423.650061	44.730667	0.000000	-420.000000	0	52.026333	0.026938	0.021152	50.539866	-10.640809	-448.532086	5.809199	10.640809	28.532086	3.647247	3.650061	6.414111	1	1	0	1	0
ivr	5	65.500000	59	2	46	8.000000	55.000000	0.543786	2.481730	3092.136279	-420.000000	0.000000	77.000000	3139.331693	1245.979472	1998.175744	0.000000	0	436.851641	31.000510	53.053084	-17.541611	-473.537850	47.569152	-3.583725	-423.674745	44.730667	0.000000	-420.000000	0	52.069428	0.043095	0.000353	50.311118	-10.562668	-448.606297	5.580451	10.562668	28.606297	3.583725	3.674745	6.537850	1	1	0	1	0
ivr	5	65.500000	59	2	46	8.000000	55.000000	0.543786	2.481730	3139.433492	-420.000000	0.000000	78.000000	3186.265339	1245.979472	1998.175744	0.000000	0	436.704102	30.964543	53.386586	-17.718863	-473.454056	47.530999	-3.526221	-423.577623	44.730667	0.000000	-420.000000	0	52.185990	0.116561	0.035967	50.458793	-10.622542	-448.515840	5.728126	10.622542	28.515840	3.526221	3.577623	6.454056	1	1	0	1	0
ivr	5	65.500000	59	2	46	8.000000	55.000000	0.543786	2.481730	3186.367566	-420.000000	0.000000	79.000000	3233.266137	1245.979472	1998.175744	0.000000	0	436.602318	31.037894	53.579793	-17.764573	-473.431796	47.676609	-3.597663	-423.646524	44.730667	0.000000	-420.000000	0	52.097238	0.088751	0.073350	50.628201	-10.681118	-448.539160	5.897534	10.681118	28.539160	3.597663	3.646524	6.431796	1	1	0	1	0
ivr	5	65.500000	59	2	46	8.000000	55.000000	0.543786	2.481730	3233.371786	-420.000000	0.000000	80.000000	3280.248116	1245.979472	1998.175744	0.000000	0	436.612372	31.032484	53.721228	-17.796598	-473.414279	47.658385	-3.477018	-423.659779	44.730667	0.000000	-420.000000	0	52.127908	0.030669	0.005410	50.689807	-10.636808	-448.537029	5.959139	10.636808	28.537029	3.477018	3.659779	6.414279	1	1	0	1	0
ivr	5	65.500000	59	2	46	8.000000	55.000000	0.543786	2.481730	3280.354620	-420.000000	0.000000	81.000000	3327.165508	1245.979472	1998.175744	0.000000	0	436.648923	31.030944	53.741097	-17.698834	-473.347288	47.752300	-3.439997	-423.749622	44.730667	0.000000	-420.000000	0	51.952946	0.174962	0.001540	50.746698	-10.569416	-448.548455	6.016031	10.569416	28.548455	3.439997	3.749622	6.347288	1	1	0	1	0
ivr	5	65.500000	59	2	46	8.000000	55.000000	0.543786	2.481730	3327.266451	-420.000000	0.000000	82.000000	3362.839663	1245.979472	1998.175744	3362.834958	0	436.671350	30.979844	  53.664574  -17.637188 -473.313216	  47.713602   -3.459754 -423.712312	44.730667	0.000000	-420.000000	0	51.929408	0.023538	0.051100	0
