subjName	sessionNR	IOD	trialN	textureType	texnum	visualAngle	simulatedDepth	light_intensity	ambient_intensity	time	displayDistance	isRotated	frameN	timTote	startTime	touchTime	endTime	fingersOccluded	distanceToHome	distanceToObject	indexXraw	indexYraw	indexZraw	thumbXraw	thumbYraw	thumbZraw	targetX	targetY	targetZ	failCause	gripAperture	gripApertureVel	distFromObjVel	gripOriginX	gripOriginY	gripOriginZ	distFromObjX	distFromObjY	distFromObjZ	y_dist_thm	z_dist_thm	z_dist_ind	handOnObj	handnearObj	handfarObj	handTouchObj	framesOccluded
ivr	5	65.500000	77	3	29	8.000000	45.000000	0.223347	3.239296	876.847514	-420.000000	0.000000	30.000000	923.545054	0.000000	0.000000	0.000000	1	7.798036	434.413506	223.419129	-355.227860	-253.414276	227.528209	-358.832530	-248.494015	44.730667	0.000000	-420.000000	0	7.354397	0.000000	0.000000	225.473669	-357.030195	-250.954146	180.743002	357.030195	169.045854	358.832530	171.505985	203.585724	0	0	1	0	0
ivr	5	65.500000	77	3	29	8.000000	45.000000	0.223347	3.239296	923.737531	-420.000000	0.000000	31.000000	970.898300	0.000000	0.000000	0.000000	1	7.798036	434.413506	223.419129	-355.227860	-253.414276	227.528209	-358.832530	-248.494015	44.730667	0.000000	-420.000000	0	7.354397	0.000000	0.000000	225.473669	-357.030195	-250.954146	180.743002	357.030195	169.045854	358.832530	171.505985	203.585724	0	0	1	0	0
ivr	5	65.500000	77	3	29	8.000000	45.000000	0.223347	3.239296	970.999243	-420.000000	0.000000	32.000000	1018.011163	0.000000	0.000000	0.000000	1	7.798036	434.413506	223.419129	-355.227860	-253.414276	227.528209	-358.832530	-248.494015	44.730667	0.000000	-420.000000	0	7.354397	0.000000	0.000000	225.473669	-357.030195	-250.954146	180.743002	357.030195	169.045854	358.832530	171.505985	203.585724	0	0	1	0	0
ivr	5	65.500000	77	3	29	8.000000	45.000000	0.223347	3.239296	1018.105691	-420.000000	0.000000	33.000000	1065.171504	0.000000	0.000000	0.000000	1	7.798036	434.413506	223.419129	-355.227860	-253.414276	227.528209	-358.832530	-248.494015	44.730667	0.000000	-420.000000	0	7.354397	0.000000	0.000000	225.473669	-357.030195	-250.954146	180.743002	357.030195	169.045854	358.832530	171.505985	203.585724	0	0	1	0	0
ivr	5	65.500000	77	3	29	8.000000	45.000000	0.223347	3.239296	1065.265176	-420.000000	0.000000	34.000000	1112.155193	0.000000	0.000000	0.000000	1	7.798036	434.413506	223.419129	-355.227860	-253.414276	227.528209	-358.832530	-248.494015	44.730667	0.000000	-420.000000	0	7.354397	0.000000	0.000000	225.473669	-357.030195	-250.954146	180.743002	357.030195	169.045854	358.832530	171.505985	203.585724	0	0	1	0	0
ivr	5	65.500000	77	3	29	8.000000	45.000000	0.223347	3.239296	1112.253143	-420.000000	0.000000	35.000000	1159.257363	0.000000	0.000000	0.000000	1	7.798036	434.413506	223.419129	-355.227860	-253.414276	227.528209	-358.832530	-248.494015	44.730667	0.000000	-420.000000	0	7.354397	0.000000	0.000000	225.473669	-357.030195	-250.954146	180.743002	357.030195	169.045854	358.832530	171.505985	203.585724	0	0	1	0	0
ivr	5	65.500000	77	3	29	8.000000	45.000000	0.223347	3.239296	1159.351035	-420.000000	0.000000	36.000000	1206.268427	0.000000	0.000000	0.000000	1	7.798036	434.413506	223.419129	-355.227860	-253.414276	227.528209	-358.832530	-248.494015	44.730667	0.000000	-420.000000	0	7.354397	0.000000	0.000000	225.473669	-357.030195	-250.954146	180.743002	357.030195	169.045854	358.832530	171.505985	203.585724	0	0	1	0	0
ivr	5	65.500000	77	3	29	8.000000	45.000000	0.223347	3.239296	1206.362527	-420.000000	0.000000	37.000000	1253.618251	0.000000	0.000000	0.000000	1	7.798036	434.413506	223.419129	-355.227860	-253.414276	227.528209	-358.832530	-248.494015	44.730667	0.000000	-420.000000	0	7.354397	0.000000	0.000000	225.473669	-357.030195	-250.954146	180.743002	357.030195	169.045854	358.832530	171.505985	203.585724	0	0	1	0	0
ivr	5	65.500000	77	3	29	8.000000	45.000000	0.223347	3.239296	1253.712351	-420.000000	0.000000	38.000000	1300.555318	0.000000	0.000000	0.000000	1	7.798036	434.413506	223.419129	-355.227860	-253.414276	227.528209	-358.832530	-248.494015	44.730667	0.000000	-420.000000	0	7.354397	0.000000	0.000000	225.473669	-357.030195	-250.954146	180.743002	357.030195	169.045854	358.832530	171.505985	203.585724	0	0	1	0	0
ivr	5	65.500000	77	3	29	8.000000	45.000000	0.223347	3.239296	1300.700318	-420.000000	0.000000	39.000000	1347.123685	0.000000	0.000000	0.000000	1	7.798036	434.413506	223.419129	-355.227860	-253.414276	227.528209	-358.832530	-248.494015	44.730667	0.000000	-420.000000	0	7.354397	0.000000	0.000000	225.473669	-357.030195	-250.954146	180.743002	357.030195	169.045854	358.832530	171.505985	203.585724	0	0	1	0	0
ivr	5	65.500000	77	3	29	8.000000	45.000000	0.223347	3.239296	1347.221206	-420.000000	0.000000	40.000000	1394.812696	0.000000	0.000000	0.000000	1	7.798036	434.413506	223.419129	-355.227860	-253.414276	227.528209	-358.832530	-248.494015	44.730667	0.000000	-420.000000	0	7.354397	0.000000	0.000000	225.473669	-357.030195	-250.954146	180.743002	357.030195	169.045854	358.832530	171.505985	203.585724	0	0	1	0	0
ivr	5	65.500000	77	3	29	8.000000	45.000000	0.223347	3.239296	1394.907224	-420.000000	0.000000	41.000000	1442.427283	0.000000	0.000000	0.000000	1	7.798036	434.413506	223.419129	-355.227860	-253.414276	227.528209	-358.832530	-248.494015	44.730667	0.000000	-420.000000	0	7.354397	0.000000	0.000000	225.473669	-357.030195	-250.954146	180.743002	357.030195	169.045854	358.832530	171.505985	203.585724	0	0	1	0	0
ivr	5	65.500000	77	3	29	8.000000	45.000000	0.223347	3.239296	1442.521811	-420.000000	0.000000	42.000000	1489.650072	1478.232751	0.000000	0.000000	0	56.618308	379.711991	209.873367	-306.212673	-277.985555	206.992909	-306.531352	-255.297068	44.730667	0.000000	-420.000000	0	22.872823	15.518427	54.701515	208.433138	-306.372012	-266.641312	163.702471	306.372012	153.358688	306.531352	164.702932	179.014445	0	0	1	0	0
ivr	5	65.500000	77	3	29	8.000000	45.000000	0.223347	3.239296	1489.752299	-420.000000	0.000000	43.000000	1536.744115	1478.232751	0.000000	0.000000	0	97.590909	340.218972	202.208759	-270.637857	-297.405138	197.636799	-266.799433	-263.635029	44.730667	0.000000	-420.000000	0	34.293682	11.420859	39.493020	199.922779	-268.718645	-280.520084	155.192112	268.718645	139.479916	266.799433	156.364971	159.594862	0	0	1	0	0
ivr	5	65.500000	77	3	29	8.000000	45.000000	0.223347	3.239296	1536.845059	-420.000000	0.000000	44.000000	1583.633705	1478.232751	0.000000	0.000000	0	144.203510	295.874767	192.688788	-229.434137	-317.340145	187.264677	-221.676796	-273.098723	44.730667	0.000000	-420.000000	0	45.242687	10.949005	44.344205	189.976732	-225.555467	-295.219434	145.246065	225.555467	124.780566	221.676796	146.901277	139.659855	0	0	1	0	0
ivr	5	65.500000	77	3	29	8.000000	45.000000	0.223347	3.239296	1583.729516	-420.000000	0.000000	45.000000	1630.392410	1478.232751	0.000000	0.000000	0	191.263849	251.253779	180.576700	-186.721034	-337.274926	175.546712	-178.464807	-283.534557	44.730667	0.000000	-420.000000	0	54.603052	9.360365	44.620988	178.061706	-182.592921	-310.404742	133.331039	182.592921	109.595258	178.464807	136.465443	119.725074	0	0	1	0	0
ivr	5	65.500000	77	3	29	8.000000	45.000000	0.223347	3.239296	1630.499769	-420.000000	0.000000	46.000000	1677.059153	1478.232751	0.000000	0.000000	0	234.892512	209.284131	166.032038	-148.589893	-356.672514	161.551010	-139.856471	-295.454831	44.730667	0.000000	-420.000000	0	61.999653	7.396601	41.969648	163.791524	-144.223182	-326.063672	119.060857	144.223182	93.936328	139.856471	124.545169	100.327486	0	0	0	0	0
ivr	5	65.500000	77	3	29	8.000000	45.000000	0.223347	3.239296	1677.160097	-420.000000	0.000000	47.000000	1724.225482	1478.232751	0.000000	0.000000	0	273.415097	170.490723	149.730377	-116.846826	-377.295005	143.975204	-109.516357	-310.021193	44.730667	0.000000	-420.000000	0	67.916299	5.916645	38.793408	146.852790	-113.181592	-343.658099	102.122123	113.181592	76.341901	109.516357	109.978807	79.704995	0	0	0	0	0
ivr	5	65.500000	77	3	29	8.000000	45.000000	0.223347	3.239296	1724.326854	-420.000000	0.000000	48.000000	1771.517991	1478.232751	0.000000	0.000000	0	308.740415	134.252621	133.844961	-88.965566	-399.367387	125.303343	-84.470899	-325.649182	44.730667	0.000000	-420.000000	0	74.347395	6.431096	36.238102	129.574152	-86.718233	-362.508284	84.843485	86.718233	57.491716	84.470899	94.350818	57.632613	0	0	0	0	0
ivr	5	65.500000	77	3	29	8.000000	45.000000	0.223347	3.239296	1771.676678	-420.000000	0.000000	49.000000	1818.434527	1478.232751	0.000000	0.000000	0	342.170500	100.990809	118.346912	-64.262537	-418.543414	109.923562	-58.836142	-341.611036	44.730667	0.000000	-420.000000	0	77.582146	3.234751	33.261812	114.135237	-61.549339	-380.077225	69.404570	61.549339	39.922775	58.836142	78.388964	38.456586	0	0	0	0	0
ivr	5	65.500000	77	3	29	8.000000	45.000000	0.223347	3.239296	1818.544453	-420.000000	0.000000	50.000000	1865.651756	1478.232751	0.000000	0.000000	0	371.810018	71.702313	104.205748	-42.622646	-435.616775	94.058500	-37.499820	-356.349867	44.730667	0.000000	-420.000000	0	80.077792	2.495646	29.288495	99.132124	-40.061233	-395.983321	54.401457	40.061233	24.016679	37.499820	63.650133	21.383225	0	0	0	0	0
ivr	5	65.500000	77	3	29	8.000000	45.000000	0.223347	3.239296	1865.753555	-420.000000	0.000000	51.000000	1912.590962	1478.232751	0.000000	0.000000	0	396.799097	47.860861	92.368916	-25.842608	-450.704869	78.929438	-19.589959	-369.264352	44.730667	0.000000	-420.000000	0	82.778457	2.700665	23.841453	85.649177	-22.716283	-409.984611	40.918510	22.716283	10.015389	19.589959	50.735648	6.295131	0	0	0	0	0
ivr	5	65.500000	77	3	29	8.000000	45.000000	0.223347	3.239296	1912.691050	-420.000000	0.000000	52.000000	1959.588338	1478.232751	0.000000	0.000000	0	415.787439	31.202179	81.624706	-13.947474	-462.626358	66.371956	-7.462242	-380.462884	44.730667	0.000000	-420.000000	0	83.818501	1.040043	16.658682	73.998331	-10.704858	-421.544621	29.267664	10.704858	1.544621	7.462242	39.537116	5.626358	0	0	0	0	0
ivr	5	65.500000	77	3	29	8.000000	45.000000	0.223347	3.239296	1959.693131	-420.000000	0.000000	53.000000	2006.536954	1478.232751	0.000000	0.000000	0	429.916659	20.140315	70.652742	-6.540466	-470.293193	54.833028	2.006467	-387.148482	44.730667	0.000000	-420.000000	0	85.066776	1.248275	11.061864	62.742885	-2.267000	-428.720837	18.012218	2.267000	8.720837	2.006467	32.851518	13.293193	0	0	0	0	0
ivr	5	65.500000	77	3	29	8.000000	45.000000	0.223347	3.239296	2006.639181	-420.000000	0.000000	54.000000	2053.733224	1478.232751	0.000000	0.000000	0	439.291063	14.648212	59.895972	-2.551799	-474.208749	44.002590	6.930609	-390.904455	44.730667	0.000000	-420.000000	0	85.335345	0.268569	5.492103	51.949281	2.189405	-432.556602	7.218614	2.189405	12.556602	6.930609	29.095545	17.208749	0	1	0	0	0
ivr	5	65.500000	77	3	29	8.000000	45.000000	0.223347	3.239296	2053.828607	-420.000000	0.000000	55.000000	2100.618964	1478.232751	0.000000	0.000000	0	446.489238	16.622438	51.401044	0.527260	-476.613263	37.215243	11.004046	-394.556220	44.730667	0.000000	-420.000000	0	83.930675	1.404670	1.974226	44.308144	5.765653	-435.584742	0.422523	5.765653	15.584742	11.004046	25.443780	19.613263	0	1	0	0	0
ivr	5	65.500000	77	3	29	8.000000	45.000000	0.223347	3.239296	2100.714347	-420.000000	0.000000	56.000000	2147.293834	1478.232751	0.000000	0.000000	0	451.124633	19.150124	42.094168	2.002570	-473.708108	31.321916	13.411598	-397.466599	44.730667	0.000000	-420.000000	0	77.839418	6.091257	2.527686	36.708042	7.707084	-435.587354	8.022625	7.707084	15.587354	13.411598	22.533401	16.708108	0	1	0	0	0
ivr	5	65.500000	77	3	29	8.000000	45.000000	0.223347	3.239296	2147.393067	-420.000000	0.000000	57.000000	2194.681298	1478.232751	0.000000	0.000000	0	454.089829	22.419277	38.482154	3.035341	-472.020964	27.281097	14.431011	-401.799494	44.730667	0.000000	-420.000000	0	72.016525	5.822893	3.269153	32.881626	8.733176	-436.910229	11.849041	8.733176	16.910229	14.431011	18.200506	15.020964	0	1	0	0	0
ivr	5	65.500000	77	3	29	8.000000	45.000000	0.223347	3.239296	2194.780531	-420.000000	0.000000	58.000000	2241.588852	1478.232751	0.000000	0.000000	0	455.954958	24.723977	37.035381	3.771545	-470.923469	25.948218	15.075227	-406.343524	44.730667	0.000000	-420.000000	0	66.492615	5.523910	2.304699	31.491799	9.423386	-438.633497	13.238868	9.423386	18.633497	15.075227	13.656476	13.923469	0	1	0	0	0
ivr	5	65.500000	77	3	29	8.000000	45.000000	0.223347	3.239296	2241.688941	-420.000000	0.000000	59.000000	2288.801376	1478.232751	2276.993112	0.000000	0	456.394224	26.385367	36.881658	3.435587	-469.724340	25.331959	13.669338	-412.105479	44.730667	0.000000	-420.000000	0	59.649462	6.843152	1.661390	31.106809	8.552463	-440.914910	13.623859	8.552463	20.914910	13.669338	7.894521	12.724340	0	1	0	1	0
ivr	5	65.500000	77	3	29	8.000000	45.000000	0.223347	3.239296	2288.905314	-420.000000	0.000000	60.000000	2335.857779	1478.232751	2276.993112	0.000000	0	456.548872	28.528804	37.195431	2.584247	-469.207116	27.237828	12.091315	-419.923261	44.730667	0.000000	-420.000000	0	51.170661	8.478802	2.143437	32.216630	7.337781	-444.565189	12.514037	7.337781	24.565189	12.091315	0.076739	12.207116	0	1	0	1	0
ivr	5	65.500000	77	3	29	8.000000	45.000000	0.223347	3.239296	2335.955729	-420.000000	0.000000	61.000000	2382.564729	1478.232751	2276.993112	0.000000	0	456.558597	29.414889	37.921134	2.072000	-468.653971	28.377186	11.872365	-423.595165	44.730667	0.000000	-420.000000	0	47.089596	4.081065	0.886085	33.149160	6.972182	-446.124568	11.581507	6.972182	26.124568	11.872365	3.595165	11.653971	0	1	0	1	0
ivr	5	65.500000	77	3	29	8.000000	45.000000	0.223347	3.239296	2382.665673	-420.000000	0.000000	62.000000	2429.750306	1478.232751	2276.993112	0.000000	0	456.642609	29.320677	37.658186	2.586524	-468.237825	28.181578	11.599941	-423.526777	44.730667	0.000000	-420.000000	0	46.584607	0.504989	0.094212	32.919882	7.093232	-445.882301	11.810785	7.093232	25.882301	11.599941	3.526777	11.237825	0	1	0	1	0
ivr	5	65.500000	77	3	29	8.000000	45.000000	0.223347	3.239296	2429.850822	-420.000000	0.000000	63.000000	2476.775485	1478.232751	2276.993112	0.000000	0	456.220210	28.908528	38.317865	2.696210	-468.078781	28.657029	11.209206	-423.339227	44.730667	0.000000	-420.000000	0	46.555671	0.028935	0.412148	33.487447	6.952708	-445.709004	11.243220	6.952708	25.709004	11.209206	3.339227	11.078781	0	1	0	1	0
ivr	5	65.500000	77	3	29	8.000000	45.000000	0.223347	3.239296	2476.876001	-420.000000	0.000000	64.000000	2523.747198	1478.232751	2276.993112	0.000000	0	455.473164	28.480512	38.992732	2.122400	-468.010219	28.865648	10.501706	-423.161086	44.730667	0.000000	-420.000000	0	46.735589	0.179918	0.428017	33.929190	6.312053	-445.585653	10.801477	6.312053	25.585653	10.501706	3.161086	11.010219	0	1	0	1	0
ivr	5	65.500000	77	3	29	8.000000	45.000000	0.223347	3.239296	2523.843864	-420.000000	0.000000	65.000000	2570.771094	1478.232751	2276.993112	0.000000	0	454.787124	28.059668	39.132225	1.782117	-467.830022	29.569628	9.733653	-423.020847	44.730667	0.000000	-420.000000	0	46.503036	0.232554	0.420843	34.350927	5.757885	-445.425435	10.379740	5.757885	25.425435	9.733653	3.020847	10.830022	0	1	0	1	0
ivr	5	65.500000	77	3	29	8.000000	45.000000	0.223347	3.239296	2570.866905	-420.000000	0.000000	66.000000	2618.055048	1478.232751	2276.993112	0.000000	0	454.602657	28.002398	39.264620	1.631735	-467.834175	29.708288	9.525775	-423.080178	44.730667	0.000000	-420.000000	0	46.438772	0.064263	0.057271	34.486454	5.578755	-445.457177	10.244213	5.578755	25.457177	9.525775	3.080178	10.834175	0	1	0	1	0
ivr	5	65.500000	77	3	29	8.000000	45.000000	0.223347	3.239296	2618.151286	-420.000000	0.000000	67.000000	2665.088781	1478.232751	2276.993112	0.000000	0	454.936474	28.162367	39.138356	1.761073	-467.744541	29.543100	10.033043	-423.261057	44.730667	0.000000	-420.000000	0	46.252295	0.186477	0.159969	34.340728	5.897058	-445.502799	10.389939	5.897058	25.502799	10.033043	3.261057	10.744541	0	1	0	1	0
ivr	5	65.500000	77	3	29	8.000000	45.000000	0.223347	3.239296	2665.185020	-420.000000	0.000000	68.000000	2712.102412	1478.232751	2276.993112	0.000000	0	455.122326	28.197335	39.581923	2.045980	-467.654506	29.556000	10.388941	-423.459977	44.730667	0.000000	-420.000000	0	46.079069	0.173227	0.034968	34.568961	6.217461	-445.557241	10.161706	6.217461	25.557241	10.388941	3.459977	10.654506	0	1	0	1	0
ivr	5	65.500000	77	3	29	8.000000	45.000000	0.223347	3.239296	2712.272219	-420.000000	0.000000	69.000000	2759.194744	1478.232751	2276.993112	0.000000	0	455.086203	28.113191	39.702348	2.163932	-467.628642	29.475202	10.298719	-423.309128	44.730667	0.000000	-420.000000	0	46.205937	0.126868	0.084144	34.588775	6.231325	-445.468885	10.141892	6.231325	25.468885	10.298719	3.309128	10.628642	0	1	0	1	0
ivr	5	65.500000	77	3	29	8.000000	45.000000	0.223347	3.239296	2759.385510	-420.000000	0.000000	70.000000	2806.119835	1478.232751	2276.993112	0.000000	0	454.877658	28.033787	39.665659	2.109266	-467.605806	29.845315	9.975581	-423.379607	44.730667	0.000000	-420.000000	0	45.981243	0.224694	0.079404	34.755487	6.042424	-445.492707	9.975180	6.042424	25.492707	9.975581	3.379607	10.605806	0	1	0	1	0
ivr	5	65.500000	77	3	29	8.000000	45.000000	0.223347	3.239296	2806.224200	-420.000000	0.000000	71.000000	2853.096253	1478.232751	2276.993112	0.000000	0	454.781773	27.931083	39.562849	2.007554	-467.614902	29.781226	9.887998	-423.123380	44.730667	0.000000	-420.000000	0	46.230694	0.249451	0.102704	34.672037	5.947776	-445.369141	10.058630	5.947776	25.369141	9.887998	3.123380	10.614902	0	1	0	1	0
ivr	5	65.500000	77	3	29	8.000000	45.000000	0.223347	3.239296	2853.192919	-420.000000	0.000000	72.000000	2900.420413	1478.232751	2276.993112	0.000000	0	454.556403	27.851453	39.698550	1.881530	-467.642557	30.192272	9.663866	-423.215211	44.730667	0.000000	-420.000000	0	46.094720	0.135974	0.079630	34.945411	5.772698	-445.428884	9.785257	5.772698	25.428884	9.663866	3.215211	10.642557	0	1	0	1	0
ivr	5	65.500000	77	3	29	8.000000	45.000000	0.223347	3.239296	2900.516652	-420.000000	0.000000	73.000000	2947.517878	1478.232751	2276.993112	0.000000	0	454.496153	27.863647	39.910122	1.855583	-467.729995	30.395668	9.643916	-423.322506	44.730667	0.000000	-420.000000	0	46.078281	0.016438	0.012194	35.152895	5.749750	-445.526251	9.577772	5.749750	25.526251	9.643916	3.322506	10.729995	0	1	0	1	0
ivr	5	65.500000	77	3	29	8.000000	45.000000	0.223347	3.239296	2947.617966	-420.000000	0.000000	74.000000	2994.264607	1478.232751	2276.993112	0.000000	0	454.755809	28.063458	39.618407	1.936577	-467.829418	30.344753	9.911572	-423.450921	44.730667	0.000000	-420.000000	0	46.033164	0.045117	0.199811	34.981580	5.924075	-445.640170	9.749087	5.924075	25.640170	9.911572	3.450921	10.829418	0	1	0	1	0
ivr	5	65.500000	77	3	29	8.000000	45.000000	0.223347	3.239296	3014.874212	-420.000000	0.000000	75.000000	3053.340570	1478.232751	2276.993112	0.000000	0	454.999156	28.192864	39.296861	1.972890	-467.818361	30.117136	10.206180	-423.456631	44.730667	0.000000	-420.000000	0	46.043648	0.010484	0.129406	34.706998	6.089535	-445.637496	10.023669	6.089535	25.637496	10.206180	3.456631	10.818361	0	1	0	1	0
ivr	5	65.500000	77	3	29	8.000000	45.000000	0.223347	3.239296	3053.450924	-420.000000	0.000000	76.000000	3100.264806	1478.232751	2276.993112	0.000000	0	455.028975	28.232740	38.958011	1.922092	-467.848618	30.230657	10.210159	-423.436643	44.730667	0.000000	-420.000000	0	46.013937	0.029711	0.039876	34.594334	6.066126	-445.642630	10.136333	6.066126	25.642630	10.210159	3.436643	10.848618	0	1	0	1	0
ivr	5	65.500000	77	3	29	8.000000	45.000000	0.223347	3.239296	3100.362755	-420.000000	0.000000	77.000000	3147.591105	1478.232751	2276.993112	0.000000	0	454.950881	28.127477	39.105930	1.939309	-467.781139	30.370731	10.213658	-423.380741	44.730667	0.000000	-420.000000	0	46.001782	0.012155	0.105263	34.738330	6.076483	-445.580940	9.992337	6.076483	25.580940	10.213658	3.380741	10.781139	0	1	0	1	0
ivr	5	65.500000	77	3	29	8.000000	45.000000	0.223347	3.239296	3147.687343	-420.000000	0.000000	78.000000	3194.443910	1478.232751	2276.993112	0.000000	0	454.804596	28.014591	39.314971	1.855337	-467.742317	30.482976	10.144299	-423.332425	44.730667	0.000000	-420.000000	0	46.032049	0.030267	0.112886	34.898974	5.999818	-445.537371	9.831693	5.999818	25.537371	10.144299	3.332425	10.742317	0	1	0	1	0
ivr	5	65.500000	77	3	29	8.000000	45.000000	0.223347	3.239296	3194.540148	-420.000000	0.000000	79.000000	3241.763793	1478.232751	2276.993112	0.000000	0	454.860565	27.995436	39.213713	1.949403	-467.746545	30.358875	10.161027	-423.172539	44.730667	0.000000	-420.000000	0	46.180959	0.148910	0.019155	34.786294	6.055215	-445.459542	9.944373	6.055215	25.459542	10.161027	3.172539	10.746545	0	1	0	1	0
ivr	5	65.500000	77	3	29	8.000000	45.000000	0.223347	3.239296	3241.919058	-420.000000	0.000000	80.000000	3288.660654	1478.232751	2276.993112	0.000000	0	455.059821	28.041853	39.243562	2.140303	-467.714996	30.165978	10.425855	-423.131827	44.730667	0.000000	-420.000000	0	46.246209	0.065250	0.046417	34.704770	6.283079	-445.423411	10.025897	6.283079	25.423411	10.425855	3.131827	10.714996	0	1	0	1	0
ivr	5	65.500000	77	3	29	8.000000	45.000000	0.223347	3.239296	3288.766730	-420.000000	0.000000	81.000000	3335.483090	1478.232751	2276.993112	0.000000	0	455.193201	28.116713	39.243477	2.309802	-467.701442	30.178353	10.542379	-423.243998	44.730667	0.000000	-420.000000	0	46.113080	0.133129	0.074860	34.710915	6.426091	-445.472720	10.019752	6.426091	25.472720	10.542379	3.243998	10.701442	0	1	0	1	0
ivr	5	65.500000	77	3	29	8.000000	45.000000	0.223347	3.239296	3335.584461	-420.000000	0.000000	82.000000	3382.951822	1478.232751	2276.993112	0.000000	0	455.198995	28.085700	39.223313	2.334408	-467.673767	30.174779	10.570587	-423.180471	44.730667	0.000000	-420.000000	0	46.145032	0.031952	0.031013	34.699046	6.452498	-445.427119	10.031621	6.452498	25.427119	10.570587	3.180471	10.673767	0	1	0	1	0
ivr	5	65.500000	77	3	29	8.000000	45.000000	0.223347	3.239296	3383.082279	-420.000000	0.000000	83.000000	3429.784524	1478.232751	2276.993112	0.000000	0	454.979395	28.012423	39.292032	2.079520	-467.710734	30.354090	10.376131	-423.191107	44.730667	0.000000	-420.000000	0	46.159699	0.014667	0.073277	34.823061	6.227826	-445.450920	9.907606	6.227826	25.450920	10.376131	3.191107	10.710734	0	1	0	1	0
ivr	5	65.500000	77	3	29	8.000000	45.000000	0.223347	3.239296	3429.885468	-420.000000	0.000000	84.000000	3476.791738	1478.232751	2276.993112	0.000000	0	454.887512	27.904504	39.482298	1.963687	-467.683570	30.254350	10.408975	-423.036243	44.730667	0.000000	-420.000000	0	46.366602	0.206903	0.107918	34.868324	6.186331	-445.359907	9.862343	6.186331	25.359907	10.408975	3.036243	10.683570	0	1	0	1	0
ivr	5	65.500000	77	3	29	8.000000	45.000000	0.223347	3.239296	3476.890971	-420.000000	0.000000	85.000000	3512.219096	1478.232751	2276.993112	3512.214391	0	454.878461	27.894936	  39.406801    2.022917 -467.653534	  30.357075   10.346390 -423.056624	44.730667	0.000000	-420.000000	0	46.260805	0.105796	0.009568	0
