subjName	sessionNR	IOD	trialN	textureType	texnum	visualAngle	simulatedDepth	light_intensity	ambient_intensity	time	displayDistance	isRotated	frameN	timTote	startTime	touchTime	endTime	fingersOccluded	distanceToHome	distanceToObject	indexXraw	indexYraw	indexZraw	thumbXraw	thumbYraw	thumbZraw	targetX	targetY	targetZ	failCause	gripAperture	gripApertureVel	distFromObjVel	gripOriginX	gripOriginY	gripOriginZ	distFromObjX	distFromObjY	distFromObjZ	y_dist_thm	z_dist_thm	z_dist_ind	handOnObj	handnearObj	handfarObj	handTouchObj	framesOccluded
ivr	6	65.500000	88	3	11	8.000000	35.000000	0.253835	3.251765	915.404551	-420.000000	0.000000	30.000000	962.209450	0.000000	0.000000	0.000000	1	1.669026	432.293631	223.759168	-354.777626	-249.587770	226.169756	-352.107828	-247.228447	44.652939	0.000000	-420.000000	0	4.301763	0.000000	0.000000	224.964462	-353.442727	-248.408109	180.311523	353.442727	171.591891	352.107828	172.771553	197.412230	0	0	1	0	0
ivr	6	65.500000	88	3	11	8.000000	35.000000	0.253835	3.251765	962.402355	-420.000000	0.000000	31.000000	1009.131119	0.000000	0.000000	0.000000	1	1.669026	432.293631	223.759168	-354.777626	-249.587770	226.169756	-352.107828	-247.228447	44.652939	0.000000	-420.000000	0	4.301763	0.000000	0.000000	224.964462	-353.442727	-248.408109	180.311523	353.442727	171.591891	352.107828	172.771553	197.412230	0	0	1	0	0
ivr	6	65.500000	88	3	11	8.000000	35.000000	0.253835	3.251765	1009.232918	-420.000000	0.000000	32.000000	1056.604984	0.000000	0.000000	0.000000	1	1.669026	432.293631	223.759168	-354.777626	-249.587770	226.169756	-352.107828	-247.228447	44.652939	0.000000	-420.000000	0	4.301763	0.000000	0.000000	224.964462	-353.442727	-248.408109	180.311523	353.442727	171.591891	352.107828	172.771553	197.412230	0	0	1	0	0
ivr	6	65.500000	88	3	11	8.000000	35.000000	0.253835	3.251765	1056.700367	-420.000000	0.000000	33.000000	1104.110073	0.000000	0.000000	0.000000	1	1.669026	432.293631	223.759168	-354.777626	-249.587770	226.169756	-352.107828	-247.228447	44.652939	0.000000	-420.000000	0	4.301763	0.000000	0.000000	224.964462	-353.442727	-248.408109	180.311523	353.442727	171.591891	352.107828	172.771553	197.412230	0	0	1	0	0
ivr	6	65.500000	88	3	11	8.000000	35.000000	0.253835	3.251765	1104.205456	-420.000000	0.000000	34.000000	1151.781548	0.000000	0.000000	0.000000	1	1.669026	432.293631	223.759168	-354.777626	-249.587770	226.169756	-352.107828	-247.228447	44.652939	0.000000	-420.000000	0	4.301763	0.000000	0.000000	224.964462	-353.442727	-248.408109	180.311523	353.442727	171.591891	352.107828	172.771553	197.412230	0	0	1	0	0
ivr	6	65.500000	88	3	11	8.000000	35.000000	0.253835	3.251765	1151.883347	-420.000000	0.000000	35.000000	1199.049248	1187.371441	0.000000	0.000000	0	61.352674	375.771229	212.602508	-296.230009	-261.956270	214.375486	-294.585880	-259.092021	44.652939	0.000000	-420.000000	0	3.748404	0.553359	56.522402	213.488997	-295.407944	-260.524146	168.836058	295.407944	159.475854	294.585880	160.907979	185.043730	0	0	1	0	0
ivr	6	65.500000	88	3	11	8.000000	35.000000	0.253835	3.251765	1199.163879	-420.000000	0.000000	36.000000	1245.873823	1187.371441	0.000000	0.000000	0	88.824544	349.792813	204.509266	-270.042234	-267.849802	207.768115	-268.813094	-264.344427	44.652939	0.000000	-420.000000	0	4.941511	1.193107	25.978416	206.138690	-269.427664	-266.097115	161.485752	269.427664	153.902885	268.813094	155.655573	179.150198	0	0	1	0	0
ivr	6	65.500000	88	3	11	8.000000	35.000000	0.253835	3.251765	1245.978188	-420.000000	0.000000	37.000000	1293.230918	1187.371441	0.000000	0.000000	0	121.252993	318.300835	194.278798	-240.059648	-278.255311	196.481064	-239.455428	-271.137610	44.652939	0.000000	-420.000000	0	7.475074	2.533562	31.491978	195.379931	-239.757538	-274.696460	150.726992	239.757538	145.303540	239.455428	148.862390	168.744689	0	0	1	0	0
ivr	6	65.500000	88	3	11	8.000000	35.000000	0.253835	3.251765	1293.329296	-420.000000	0.000000	38.000000	1340.004166	1187.371441	0.000000	0.000000	0	157.057354	283.223233	180.154422	-207.747542	-291.793389	181.876745	-208.010132	-276.861679	44.652939	0.000000	-420.000000	0	15.033008	7.557935	35.077602	181.015583	-207.878837	-284.327534	136.362645	207.878837	135.672466	208.010132	143.138321	155.206611	0	0	1	0	0
ivr	6	65.500000	88	3	11	8.000000	35.000000	0.253835	3.251765	1340.176540	-420.000000	0.000000	39.000000	1386.408713	1187.371441	0.000000	0.000000	0	192.009459	249.257084	163.651329	-177.503304	-302.986724	165.626384	-177.278583	-281.945233	44.652939	0.000000	-420.000000	0	21.135176	6.102168	33.966150	164.638856	-177.390943	-292.465979	119.985918	177.390943	127.534021	177.278583	138.054767	144.013276	0	0	0	0	0
ivr	6	65.500000	88	3	11	8.000000	35.000000	0.253835	3.251765	1386.516500	-420.000000	0.000000	40.000000	1433.279055	1187.371441	0.000000	0.000000	0	227.104381	215.081391	145.844524	-147.904488	-315.738784	149.220520	-147.328946	-288.591098	44.652939	0.000000	-420.000000	0	27.362848	6.227672	34.175692	147.532522	-147.616717	-302.164941	102.879583	147.616717	117.835059	147.328946	131.408902	131.261216	0	0	0	0	0
ivr	6	65.500000	88	3	11	8.000000	35.000000	0.253835	3.251765	1433.382137	-420.000000	0.000000	41.000000	1480.515531	1187.371441	0.000000	0.000000	0	262.532497	179.263093	127.883918	-120.197905	-335.719104	131.879187	-118.280328	-297.850539	44.652939	0.000000	-420.000000	0	38.126992	10.764144	35.818298	129.881552	-119.239117	-316.784821	85.228613	119.239117	103.215179	118.280328	122.149461	111.280896	0	0	0	0	0
ivr	6	65.500000	88	3	11	8.000000	35.000000	0.253835	3.251765	1480.617758	-420.000000	0.000000	42.000000	1527.830281	1187.371441	0.000000	0.000000	0	296.050319	143.737257	110.070316	-95.711938	-360.281436	114.207349	-93.657662	-310.711562	44.652939	0.000000	-420.000000	0	49.784611	11.657619	35.525837	112.138833	-94.684800	-335.496499	67.485894	94.684800	84.503501	93.657662	109.288438	86.718564	0	0	0	0	0
ivr	6	65.500000	88	3	11	8.000000	35.000000	0.253835	3.251765	1527.932080	-420.000000	0.000000	43.000000	1574.903366	1187.371441	0.000000	0.000000	0	326.969977	109.770097	96.233083	-74.897688	-387.874837	96.255812	-73.305468	-327.277311	44.652939	0.000000	-420.000000	0	60.618445	10.833833	33.967160	96.244448	-74.101578	-357.576074	51.591509	74.101578	62.423926	73.305468	92.722689	59.125163	0	0	0	0	0
ivr	6	65.500000	88	3	11	8.000000	35.000000	0.253835	3.251765	1575.006020	-420.000000	0.000000	44.000000	1621.985860	1187.371441	0.000000	0.000000	0	354.410778	79.623720	84.589689	-58.573035	-413.692171	81.200490	-56.177826	-346.670285	44.652939	0.000000	-420.000000	0	67.150256	6.531812	30.146377	82.895090	-57.375430	-380.181228	38.242151	57.375430	39.818772	56.177826	73.329715	33.307829	0	0	0	0	0
ivr	6	65.500000	88	3	11	8.000000	35.000000	0.253835	3.251765	1622.083382	-420.000000	0.000000	45.000000	1668.887426	1187.371441	0.000000	0.000000	0	379.037740	54.020386	74.604277	-44.837969	-436.289009	67.705227	-40.606941	-364.181362	44.652939	0.000000	-420.000000	0	72.560397	5.410141	25.603333	71.154752	-42.722455	-400.235186	26.501813	42.722455	19.764814	40.606941	55.818638	10.710991	0	0	0	0	0
ivr	6	65.500000	88	3	11	8.000000	35.000000	0.253835	3.251765	1668.984092	-420.000000	0.000000	46.000000	1715.978903	1187.371441	0.000000	0.000000	0	398.862567	35.704603	65.335923	-34.779409	-453.258619	55.912537	-28.631268	-379.123498	44.652939	0.000000	-420.000000	0	74.984105	2.423708	18.315783	60.624230	-31.705339	-416.191058	15.971291	31.705339	3.808942	28.631268	40.876502	6.258619	0	0	0	0	0
ivr	6	65.500000	88	3	11	8.000000	35.000000	0.253835	3.251765	1716.080274	-420.000000	0.000000	47.000000	1763.285526	1187.371441	0.000000	0.000000	0	414.058038	25.948246	56.458270	-28.058217	-465.193179	46.223717	-19.533817	-390.596818	44.652939	0.000000	-420.000000	0	75.776174	0.792069	9.756357	51.340993	-23.796017	-427.894999	6.688055	23.796017	7.894999	19.533817	29.403182	18.193179	0	1	0	0	0
ivr	6	65.500000	88	3	11	8.000000	35.000000	0.253835	3.251765	1763.386898	-420.000000	0.000000	48.000000	1810.048509	1187.371441	0.000000	0.000000	0	425.051267	23.590490	48.377311	-23.273229	-471.595134	38.872729	-12.810852	-398.732370	44.652939	0.000000	-420.000000	0	74.221162	1.555012	2.357756	43.625020	-18.042041	-435.163752	1.027919	18.042041	15.163752	12.810852	21.267630	24.595134	0	1	0	0	0
ivr	6	65.500000	88	3	11	8.000000	35.000000	0.253835	3.251765	1810.200352	-420.000000	0.000000	49.000000	1856.665636	1187.371441	1845.284672	0.000000	0	431.411369	25.809582	41.911846	-21.239389	-472.290528	33.870809	-9.776517	-406.692469	44.652939	0.000000	-420.000000	0	67.075786	7.145376	2.219092	37.891327	-15.507953	-439.491499	6.761611	15.507953	19.491499	9.776517	13.307531	25.290528	0	1	0	1	0
ivr	6	65.500000	88	3	11	8.000000	35.000000	0.253835	3.251765	1856.768290	-420.000000	0.000000	50.000000	1904.111698	1187.371441	1845.284672	0.000000	0	434.361883	27.563382	36.872202	-21.059047	-468.495878	31.942584	-8.044501	-413.599949	44.652939	0.000000	-420.000000	0	56.632522	10.443264	1.753800	34.407393	-14.551774	-441.047914	10.245546	14.551774	21.047914	8.044501	6.400051	21.495878	0	1	0	1	0
ivr	6	65.500000	88	3	11	8.000000	35.000000	0.253835	3.251765	1904.210931	-420.000000	0.000000	51.000000	1951.433292	1187.371441	1845.284672	0.000000	0	434.947252	27.665264	32.783308	-21.046379	-461.013098	30.843122	-7.993504	-418.467510	44.652939	0.000000	-420.000000	0	44.545134	12.087388	0.101882	31.813215	-14.519942	-439.740304	12.839724	14.519942	19.740304	7.993504	1.532490	14.013098	0	1	0	1	0
ivr	6	65.500000	88	3	11	8.000000	35.000000	0.253835	3.251765	1951.539796	-420.000000	0.000000	52.000000	1997.719787	1187.371441	1845.284672	0.000000	0	436.082128	26.903756	33.109257	-19.483692	-458.350470	31.410407	-6.489769	-421.727845	44.652939	0.000000	-420.000000	0	38.896591	5.648543	0.761508	32.259832	-12.986731	-440.039158	12.393107	12.986731	20.039158	6.489769	1.727845	11.350470	0	1	0	1	0
ivr	6	65.500000	88	3	11	8.000000	35.000000	0.253835	3.251765	1997.822441	-420.000000	0.000000	53.000000	2044.876706	1187.371441	1845.284672	0.000000	0	436.866745	27.269650	32.987238	-18.711172	-457.917556	31.425710	-6.199279	-423.727932	44.652939	0.000000	-420.000000	0	36.440585	2.456006	0.365893	32.206474	-12.455225	-440.822744	12.446465	12.455225	20.822744	6.199279	3.727932	10.917556	0	1	0	1	0
ivr	6	65.500000	88	3	11	8.000000	35.000000	0.253835	3.251765	2044.979788	-420.000000	0.000000	54.000000	2091.920705	1187.371441	1845.284672	0.000000	0	437.097462	27.150876	33.410620	-18.470555	-457.651363	31.905350	-5.709203	-424.639344	44.652939	0.000000	-420.000000	0	35.424728	1.015857	0.118774	32.657985	-12.089879	-441.145353	11.994954	12.089879	21.145353	5.709203	4.639344	10.651363	0	1	0	1	0
ivr	6	65.500000	88	3	11	8.000000	35.000000	0.253835	3.251765	2092.019509	-420.000000	0.000000	55.000000	2138.627655	1187.371441	1845.284672	0.000000	0	437.311179	26.807390	33.462146	-18.348666	-457.552747	32.258310	-4.967906	-424.573372	44.652939	0.000000	-420.000000	0	35.610858	0.186130	0.343486	32.860228	-11.658286	-441.063060	11.792711	11.658286	21.063060	4.967906	4.573372	10.552747	0	1	0	1	0
ivr	6	65.500000	88	3	11	8.000000	35.000000	0.253835	3.251765	2138.725176	-420.000000	0.000000	56.000000	2185.944543	1187.371441	1845.284672	0.000000	0	437.178537	26.812799	33.567562	-18.505704	-457.600408	32.532269	-5.003772	-424.642801	44.652939	0.000000	-420.000000	0	35.631135	0.020278	0.005409	33.049916	-11.754738	-441.121604	11.603023	11.754738	21.121604	5.003772	4.642801	10.600408	0	1	0	1	0
ivr	6	65.500000	88	3	11	8.000000	35.000000	0.253835	3.251765	2186.043348	-420.000000	0.000000	57.000000	2232.940637	1187.371441	1845.284672	0.000000	0	437.186597	26.473927	33.889855	-18.433186	-457.566879	33.149069	-4.512091	-424.637057	44.652939	0.000000	-420.000000	0	35.759179	0.128043	0.338872	33.519462	-11.472638	-441.101968	11.133477	11.472638	21.101968	4.512091	4.637057	10.566879	0	1	0	1	0
ivr	6	65.500000	88	3	11	8.000000	35.000000	0.253835	3.251765	2233.042864	-420.000000	0.000000	58.000000	2279.995757	1187.371441	1845.284672	0.000000	0	437.065482	26.251621	33.896979	-18.312031	-457.550827	34.056441	-4.445791	-424.671732	44.652939	0.000000	-420.000000	0	35.683791	0.075387	0.222306	33.976710	-11.378911	-441.111280	10.676229	11.378911	21.111280	4.445791	4.671732	10.550827	0	1	0	1	0
ivr	6	65.500000	88	3	11	8.000000	35.000000	0.253835	3.251765	2280.098411	-420.000000	0.000000	59.000000	2327.092366	1187.371441	1845.284672	0.000000	0	436.903124	26.251652	33.691991	-18.318933	-457.469985	34.450892	-4.716586	-424.697412	44.652939	0.000000	-420.000000	0	35.491427	0.192365	0.000031	34.071442	-11.517760	-441.083699	10.581497	11.517760	21.083699	4.716586	4.697412	10.469985	0	1	0	1	0
ivr	6	65.500000	88	3	11	8.000000	35.000000	0.253835	3.251765	2327.199726	-420.000000	0.000000	60.000000	2374.050392	1187.371441	1845.284672	0.000000	0	436.758262	26.323474	33.361107	-18.316152	-457.438267	34.905917	-5.052243	-424.787151	44.652939	0.000000	-420.000000	0	35.276240	0.215186	0.071822	34.133512	-11.684197	-441.112709	10.519427	11.684197	21.112709	5.052243	4.787151	10.438267	0	1	0	1	0
ivr	6	65.500000	88	3	11	8.000000	35.000000	0.253835	3.251765	2374.153047	-420.000000	0.000000	61.000000	2421.305261	1187.371441	1845.284672	0.000000	0	436.495348	26.475168	33.455345	-18.441844	-457.486609	35.072383	-5.543348	-424.901092	44.652939	0.000000	-420.000000	0	35.082787	0.193453	0.151694	34.263864	-11.992596	-441.193850	10.389075	11.992596	21.193850	5.543348	4.901092	10.486609	0	1	0	1	0
ivr	6	65.500000	88	3	11	8.000000	35.000000	0.253835	3.251765	2421.403210	-420.000000	0.000000	62.000000	2468.355676	1187.371441	1845.284672	0.000000	0	436.418221	26.540173	33.367175	-18.604646	-457.500516	35.130942	-5.604976	-424.907673	44.652939	0.000000	-420.000000	0	35.133968	0.051180	0.065005	34.249058	-12.104811	-441.204095	10.403880	12.104811	21.204095	5.604976	4.907673	10.500516	0	1	0	1	0
ivr	6	65.500000	88	3	11	8.000000	35.000000	0.253835	3.251765	2468.455336	-420.000000	0.000000	63.000000	2515.566488	1187.371441	1845.284672	0.000000	0	436.295768	26.416709	34.003025	-18.604224	-457.571347	35.314080	-5.535244	-424.962230	44.652939	0.000000	-420.000000	0	35.154966	0.020998	0.123464	34.658552	-12.069734	-441.266788	9.994387	12.069734	21.266788	5.535244	4.962230	10.571347	0	1	0	1	0
ivr	6	65.500000	88	3	11	8.000000	35.000000	0.253835	3.251765	2515.668715	-420.000000	0.000000	64.000000	2562.427420	1187.371441	1845.284672	0.000000	0	436.489983	26.601653	33.103464	-18.505535	-457.516360	35.400363	-5.629941	-425.090510	44.652939	0.000000	-420.000000	0	34.964159	0.190807	0.184944	34.251914	-12.067738	-441.303435	10.401025	12.067738	21.303435	5.629941	5.090510	10.516360	0	1	0	1	0
ivr	6	65.500000	88	3	11	8.000000	35.000000	0.253835	3.251765	2562.529647	-420.000000	0.000000	65.000000	2609.600593	1187.371441	1845.284672	0.000000	0	436.598371	26.619187	32.935699	-18.478255	-457.554446	35.439912	-5.493344	-425.125888	44.652939	0.000000	-420.000000	0	35.021284	0.057125	0.017534	34.187806	-11.985799	-441.340167	10.465133	11.985799	21.340167	5.493344	5.125888	10.554446	0	1	0	1	0
ivr	6	65.500000	88	3	11	8.000000	35.000000	0.253835	3.251765	2609.698970	-420.000000	0.000000	66.000000	2656.328074	1187.371441	1845.284672	0.000000	0	436.696986	26.538798	32.945291	-18.371522	-457.538486	35.455146	-5.317880	-425.111320	44.652939	0.000000	-420.000000	0	35.045942	0.024657	0.080389	34.200219	-11.844701	-441.324903	10.452720	11.844701	21.324903	5.317880	5.111320	10.538486	0	1	0	1	0
ivr	6	65.500000	88	3	11	8.000000	35.000000	0.253835	3.251765	2656.426451	-420.000000	0.000000	67.000000	2703.662072	1187.371441	1845.284672	0.000000	0	436.700650	26.537987	32.823529	-18.336007	-457.551766	35.473326	-5.367227	-425.037395	44.652939	0.000000	-420.000000	0	35.105483	0.059541	0.000811	34.148427	-11.851617	-441.294581	10.504512	11.851617	21.294581	5.367227	5.037395	10.551766	0	1	0	1	0
ivr	6	65.500000	88	3	11	8.000000	35.000000	0.253835	3.251765	2703.760449	-420.000000	0.000000	68.000000	2750.549095	1187.371441	1845.284672	0.000000	0	436.702529	26.499292	32.912035	-18.309476	-457.566897	35.573003	-5.309110	-425.065308	44.652939	0.000000	-420.000000	0	35.106176	0.000692	0.038695	34.242519	-11.809293	-441.316102	10.410420	11.809293	21.316102	5.309110	5.065308	10.566897	0	1	0	1	0
ivr	6	65.500000	88	3	11	8.000000	35.000000	0.253835	3.251765	2750.652605	-420.000000	0.000000	69.000000	2797.563581	1187.371441	1845.284672	0.000000	0	436.566722	26.122868	33.681960	-18.339101	-457.590006	36.515587	-4.767081	-425.195423	44.652939	0.000000	-420.000000	0	35.236887	0.130711	0.376424	35.098773	-11.553091	-441.392715	9.554165	11.553091	21.392715	4.767081	5.195423	10.590006	0	1	0	1	0
ivr	6	65.500000	88	3	11	8.000000	35.000000	0.253835	3.251765	2797.754347	-420.000000	0.000000	70.000000	2844.825293	1187.371441	1845.284672	0.000000	0	436.442100	25.785138	34.346289	-17.998326	-457.493551	37.037125	-4.718691	-425.193868	44.652939	0.000000	-420.000000	0	35.026545	0.210342	0.337730	35.691707	-11.358509	-441.343710	8.961232	11.358509	21.343710	4.718691	5.193868	10.493551	0	1	0	1	0
ivr	6	65.500000	88	3	11	8.000000	35.000000	0.253835	3.251765	2844.933508	-420.000000	0.000000	71.000000	2891.882979	1187.371441	1845.284672	0.000000	0	435.989309	25.456624	35.731604	-17.986841	-457.538584	37.870558	-4.719619	-425.239552	44.652939	0.000000	-420.000000	0	34.983164	0.043381	0.328514	36.801081	-11.353230	-441.389068	7.851858	11.353230	21.389068	4.719619	5.239552	10.538584	0	1	0	1	0
ivr	6	65.500000	88	3	11	8.000000	35.000000	0.253835	3.251765	2891.981356	-420.000000	0.000000	72.000000	2938.969751	1187.371441	1845.284672	0.000000	0	435.661799	25.206675	36.625324	-17.993650	-457.530978	38.469327	-4.697916	-425.184823	44.652939	0.000000	-420.000000	0	35.020717	0.037553	0.249950	37.547325	-11.345783	-441.357900	7.105613	11.345783	21.357900	4.697916	5.184823	10.530978	0	1	0	1	0
ivr	6	65.500000	88	3	11	8.000000	35.000000	0.253835	3.251765	2939.069411	-420.000000	0.000000	73.000000	2986.382023	1187.371441	1845.284672	0.000000	0	435.399906	24.998154	37.443655	-18.014461	-457.536070	38.882687	-4.632529	-425.105182	44.652939	0.000000	-420.000000	0	35.112811	0.092093	0.208520	38.163171	-11.323495	-441.320626	6.489768	11.323495	21.320626	4.632529	5.105182	10.536070	0	1	0	1	0
ivr	6	65.500000	88	3	11	8.000000	35.000000	0.253835	3.251765	2986.485533	-420.000000	0.000000	74.000000	3033.129607	1187.371441	1845.284672	0.000000	0	435.279406	25.003799	37.348556	-18.031097	-457.498837	39.289608	-4.767647	-425.168551	44.652939	0.000000	-420.000000	0	34.999060	0.113751	0.005644	38.319082	-11.399372	-441.333694	6.333857	11.399372	21.333694	4.767647	5.168551	10.498837	0	1	0	1	0
ivr	6	65.500000	88	3	11	8.000000	35.000000	0.253835	3.251765	3033.238677	-420.000000	0.000000	75.000000	3080.325449	1187.371441	1845.284672	0.000000	0	435.401741	24.899614	37.190241	-17.889848	-457.451774	39.555752	-4.533250	-425.202852	44.652939	0.000000	-420.000000	0	34.985530	0.013529	0.104184	38.372996	-11.211549	-441.327313	6.279942	11.211549	21.327313	4.533250	5.202852	10.451774	0	1	0	1	0
ivr	6	65.500000	88	3	11	8.000000	35.000000	0.253835	3.251765	3080.425109	-420.000000	0.000000	76.000000	3127.279625	1187.371441	1845.284672	0.000000	0	435.190773	24.662535	38.219811	-17.662705	-457.411823	40.166387	-4.447438	-425.306611	44.652939	0.000000	-420.000000	0	34.773224	0.212306	0.237079	39.193099	-11.055072	-441.359217	5.459840	11.055072	21.359217	4.447438	5.306611	10.411823	0	1	0	1	0
ivr	6	65.500000	88	3	11	8.000000	35.000000	0.253835	3.251765	3127.463548	-420.000000	0.000000	77.000000	3174.590098	1187.371441	1845.284672	0.000000	0	435.132041	24.503008	38.671955	-17.532698	-457.351900	40.532379	-4.279896	-425.353593	44.652939	0.000000	-420.000000	0	34.684140	0.089084	0.159527	39.602167	-10.906297	-441.352747	5.050772	10.906297	21.352747	4.279896	5.353593	10.351900	0	1	0	1	0
ivr	6	65.500000	88	3	11	8.000000	35.000000	0.253835	3.251765	3174.688048	-420.000000	0.000000	78.000000	3221.593891	1187.371441	1845.284672	0.000000	0	434.916225	24.425838	39.167919	-17.380077	-457.306824	41.420455	-4.337429	-425.574888	44.652939	0.000000	-420.000000	0	34.381686	0.302454	0.077170	40.294187	-10.858753	-441.440856	4.358752	10.858753	21.440856	4.337429	5.574888	10.306824	0	1	0	1	0
ivr	6	65.500000	88	3	11	8.000000	35.000000	0.253835	3.251765	3221.693124	-420.000000	0.000000	79.000000	3268.372699	1187.371441	1845.284672	0.000000	0	434.578288	24.269282	39.711870	-17.198962	-457.205326	42.447875	-4.503909	-425.618854	44.652939	0.000000	-420.000000	0	34.151944	0.229742	0.156556	41.079873	-10.851435	-441.412090	3.573066	10.851435	21.412090	4.503909	5.618854	10.205326	0	1	0	1	0
ivr	6	65.500000	88	3	11	8.000000	35.000000	0.253835	3.251765	3268.484764	-420.000000	0.000000	80.000000	3315.664780	1187.371441	1845.284672	0.000000	0	434.257250	24.033084	40.615112	-17.149085	-457.127422	43.027040	-4.436896	-425.443978	44.652939	0.000000	-420.000000	0	34.223643	0.071699	0.236198	41.821076	-10.792991	-441.285700	2.831863	10.792991	21.285700	4.436896	5.443978	10.127422	0	1	0	1	0
ivr	6	65.500000	88	3	11	8.000000	35.000000	0.253835	3.251765	3315.773423	-420.000000	0.000000	81.000000	3351.113523	1187.371441	1845.284672	3351.109246	0	433.882624	23.887265	  41.618422  -17.104947 -457.035369	  43.604729   -4.502891 -425.377346	44.652939	0.000000	-420.000000	0	34.131916	0.091728	0.145818	0
