subjName	sessionNR	IOD	trialN	textureType	texnum	visualAngle	simulatedDepth	light_intensity	ambient_intensity	time	displayDistance	isRotated	frameN	timTote	startTime	touchTime	endTime	fingersOccluded	distanceToHome	distanceToObject	indexXraw	indexYraw	indexZraw	thumbXraw	thumbYraw	thumbZraw	targetX	targetY	targetZ	failCause	gripAperture	gripApertureVel	distFromObjVel	gripOriginX	gripOriginY	gripOriginZ	distFromObjX	distFromObjY	distFromObjZ	y_dist_thm	z_dist_thm	z_dist_ind	handOnObj	handnearObj	handfarObj	handTouchObj	framesOccluded
ivr	2	65.500000	18	1	20	8.000000	55.000000	0.751848	1.726423	886.232703	-420.000000	0.000000	30.000000	933.341289	0.000000	0.000000	0.000000	0	1.088489	432.718933	227.563515	-354.767993	-251.294823	228.155752	-352.391494	-249.482795	44.941391	0.000000	-420.000000	0	3.046627	0.447016	0.126254	227.859634	-353.579743	-250.388809	182.918243	353.579743	169.611191	352.391494	170.517205	215.705177	0	0	1	0	0
ivr	2	65.500000	18	1	20	8.000000	55.000000	0.751848	1.726423	933.588515	-420.000000	0.000000	31.000000	980.171424	0.000000	0.000000	0.000000	0	1.101389	432.534700	227.671360	-354.544262	-251.550887	228.328889	-352.165791	-249.533241	44.941391	0.000000	-420.000000	0	3.187533	0.140905	0.184232	228.000125	-353.355027	-250.542064	183.058734	353.355027	169.457936	352.165791	170.466759	215.449113	0	0	1	0	0
ivr	2	65.500000	18	1	20	8.000000	55.000000	0.751848	1.726423	980.273651	-420.000000	0.000000	32.000000	1027.534936	0.000000	0.000000	0.000000	0	1.138856	432.251270	227.776080	-354.278071	-252.058568	228.286603	-352.049214	-249.742247	44.941391	0.000000	-420.000000	0	3.254809	0.067276	0.283430	228.031341	-353.163642	-250.900408	183.089950	353.163642	169.099592	352.049214	170.257753	214.941432	0	0	1	0	0
ivr	2	65.500000	18	1	20	8.000000	55.000000	0.751848	1.726423	1027.633313	-420.000000	0.000000	33.000000	1074.524613	0.000000	0.000000	0.000000	0	1.130210	431.817823	227.416090	-353.867779	-252.527865	228.367071	-351.808010	-249.825687	44.941391	0.000000	-420.000000	0	3.528283	0.273474	0.433446	227.891580	-352.837895	-251.176776	182.950189	352.837895	168.823224	351.808010	170.174313	214.472135	0	0	1	0	0
ivr	2	65.500000	18	1	20	8.000000	55.000000	0.751848	1.726423	1074.627268	-420.000000	0.000000	34.000000	1121.983935	0.000000	0.000000	0.000000	0	2.316413	430.097955	227.544062	-352.283589	-253.780932	227.666086	-350.211689	-250.104053	44.941391	0.000000	-420.000000	0	4.222215	0.693932	1.719869	227.605074	-351.247639	-251.942493	182.663683	351.247639	168.057507	350.211689	169.895947	213.219068	0	0	1	0	0
ivr	2	65.500000	18	1	20	8.000000	55.000000	0.751848	1.726423	1122.087445	-420.000000	0.000000	35.000000	1169.481325	1157.544316	0.000000	0.000000	0	9.889234	422.680476	226.842732	-345.888646	-257.494236	226.083577	-341.538831	-250.424446	44.941391	0.000000	-420.000000	0	8.335415	4.113200	7.417479	226.463154	-343.713739	-253.959341	181.521763	343.713739	166.040659	341.538831	169.575554	209.505764	0	0	1	0	0
ivr	2	65.500000	18	1	20	8.000000	55.000000	0.751848	1.726423	1169.616059	-420.000000	0.000000	36.000000	1228.158647	1157.544316	0.000000	0.000000	0	26.145112	406.752007	223.631926	-331.105277	-264.326850	220.330835	-325.743951	-251.689753	44.941391	0.000000	-420.000000	0	14.118684	5.783269	15.928469	221.981380	-328.424614	-258.008302	177.039989	328.424614	161.991698	325.743951	168.310247	202.673150	0	0	1	0	0
ivr	2	65.500000	18	1	20	8.000000	55.000000	0.751848	1.726423	1228.262585	-420.000000	0.000000	37.000000	1275.324976	1157.544316	0.000000	0.000000	0	43.596501	389.458256	217.774541	-315.877209	-271.185376	213.199281	-309.300756	-253.346168	44.941391	0.000000	-420.000000	0	19.555563	5.436879	17.293751	215.486911	-312.588982	-262.265772	170.545520	312.588982	157.734228	309.300756	166.653832	195.814624	0	0	1	0	0
ivr	2	65.500000	18	1	20	8.000000	55.000000	0.751848	1.726423	1275.429770	-420.000000	0.000000	38.000000	1322.439550	1157.544316	0.000000	0.000000	0	66.098047	367.272243	210.884247	-296.891782	-281.356741	204.459802	-287.938172	-255.980922	44.941391	0.000000	-420.000000	0	27.665372	8.109808	22.186013	207.672025	-292.414977	-268.668832	162.730634	292.414977	151.331168	287.938172	164.019078	185.643259	0	0	1	0	0
ivr	2	65.500000	18	1	20	8.000000	55.000000	0.751848	1.726423	1322.600376	-420.000000	0.000000	39.000000	1369.411691	1157.544316	0.000000	0.000000	0	93.845205	339.970999	202.244306	-273.044793	-294.326714	195.053126	-262.274408	-260.628192	44.941391	0.000000	-420.000000	0	36.101311	8.435939	27.301244	198.648716	-267.659601	-277.477453	153.707325	267.659601	142.522547	262.274408	159.371808	172.673286	0	0	1	0	0
ivr	2	65.500000	18	1	20	8.000000	55.000000	0.751848	1.726423	1369.520334	-420.000000	0.000000	40.000000	1416.453552	1157.544316	0.000000	0.000000	0	127.583223	306.873146	192.344562	-243.096973	-310.231216	183.896654	-232.246070	-267.600229	44.941391	0.000000	-420.000000	0	44.794087	8.692776	33.097852	188.120608	-237.671521	-288.915723	143.179217	237.671521	131.084277	232.246070	152.399771	156.768784	0	0	1	0	0
ivr	2	65.500000	18	1	20	8.000000	55.000000	0.751848	1.726423	1416.552357	-420.000000	0.000000	41.000000	1463.534763	1157.544316	0.000000	0.000000	0	166.075825	269.508967	181.579272	-208.064363	-327.323060	172.130238	-198.388405	-276.600812	44.941391	0.000000	-420.000000	0	52.494332	7.700245	37.364179	176.854755	-203.226384	-301.961936	131.913364	203.226384	118.038064	198.388405	143.399188	139.676940	0	0	1	0	0
ivr	2	65.500000	18	1	20	8.000000	55.000000	0.751848	1.726423	1463.633568	-420.000000	0.000000	42.000000	1510.487656	1157.544316	0.000000	0.000000	0	206.685472	230.285788	169.837783	-171.383991	-345.350734	159.489459	-163.117853	-287.523593	44.941391	0.000000	-420.000000	0	59.324490	6.830158	39.223179	164.663621	-167.250922	-316.437164	119.722230	167.250922	103.562836	163.117853	132.476407	121.649266	0	0	0	0	0
ivr	2	65.500000	18	1	20	8.000000	55.000000	0.751848	1.726423	1510.586461	-420.000000	0.000000	43.000000	1557.000418	1157.544316	0.000000	0.000000	0	247.494901	191.096288	157.934380	-135.269780	-364.874572	146.377519	-128.173436	-299.942691	44.941391	0.000000	-420.000000	0	66.333011	7.008521	39.189500	152.155950	-131.721608	-332.408632	107.214559	131.721608	87.591368	128.173436	120.057309	102.125428	0	0	0	0	0
ivr	2	65.500000	18	1	20	8.000000	55.000000	0.751848	1.726423	1557.099651	-420.000000	0.000000	44.000000	1603.975981	1157.544316	0.000000	0.000000	0	286.955054	153.722693	146.567584	-101.444871	-384.671918	133.978589	-94.763631	-315.069890	44.941391	0.000000	-420.000000	0	71.046211	4.713200	37.373595	140.273086	-98.104251	-349.870904	95.331695	98.104251	70.129096	94.763631	104.930110	82.328082	0	0	0	0	0
ivr	2	65.500000	18	1	20	8.000000	55.000000	0.751848	1.726423	1604.081629	-420.000000	0.000000	45.000000	1651.255229	1157.544316	0.000000	0.000000	0	323.636399	120.242502	136.766886	-71.237989	-404.483774	122.563710	-63.589951	-330.912679	44.941391	0.000000	-420.000000	0	75.318847	4.272636	33.480191	129.665298	-67.413970	-367.698227	84.723907	67.413970	52.301773	63.589951	89.087321	62.516226	0	0	0	0	0
ivr	2	65.500000	18	1	20	8.000000	55.000000	0.751848	1.726423	1651.357884	-420.000000	0.000000	46.000000	1698.470747	1157.544316	0.000000	0.000000	0	356.316787	91.601423	126.559233	-45.474760	-423.050790	111.211279	-36.940288	-346.947339	44.941391	0.000000	-420.000000	0	78.103343	2.784496	28.641079	118.885256	-41.207524	-384.999065	73.943865	41.207524	35.000935	36.940288	73.052661	43.949210	0	0	0	0	0
ivr	2	65.500000	18	1	20	8.000000	55.000000	0.751848	1.726423	1698.569124	-420.000000	0.000000	47.000000	1745.209349	1157.544316	0.000000	0.000000	0	383.315703	69.382886	116.701337	-24.879786	-438.292233	99.482197	-16.327269	-361.632359	44.941391	0.000000	-420.000000	0	79.034047	0.930704	22.218537	108.091767	-20.603528	-399.962296	63.150376	20.603528	20.037704	16.327269	58.367641	28.707767	0	0	0	0	0
ivr	2	65.500000	18	1	20	8.000000	55.000000	0.751848	1.726423	1745.307298	-420.000000	0.000000	48.000000	1792.265752	1157.544316	0.000000	0.000000	0	404.782763	52.839401	105.436970	-9.885388	-450.116693	88.253802	-0.373654	-372.952198	44.941391	0.000000	-420.000000	0	79.624705	0.590658	16.543486	96.845386	-5.129521	-411.534445	51.903995	5.129521	8.465555	0.373654	47.047802	16.883307	0	0	0	0	0
ivr	2	65.500000	18	1	20	8.000000	55.000000	0.751848	1.726423	1792.417167	-420.000000	0.000000	49.000000	1839.113852	1157.544316	0.000000	0.000000	0	420.410285	41.890142	94.474072	0.530451	-457.406095	78.416652	10.679952	-380.820657	44.941391	0.000000	-420.000000	0	78.906162	0.718543	10.949259	86.445362	5.605201	-419.113376	41.503971	5.605201	0.886624	10.679952	39.179343	9.593905	0	0	0	0	0
ivr	2	65.500000	18	1	20	8.000000	55.000000	0.751848	1.726423	1839.284087	-420.000000	0.000000	50.000000	1886.162128	1157.544316	0.000000	0.000000	0	432.062785	34.721343	84.216237	8.188105	-460.751105	69.314454	18.857219	-385.556090	44.941391	0.000000	-420.000000	0	77.396275	1.509887	7.168799	76.765345	13.522662	-423.153597	31.823954	13.522662	3.153597	18.857219	34.443910	6.248895	0	0	0	0	0
ivr	2	65.500000	18	1	20	8.000000	55.000000	0.751848	1.726423	1886.265211	-420.000000	0.000000	51.000000	1933.493132	1157.544316	0.000000	0.000000	0	440.584307	31.349031	76.101018	14.303285	-461.797057	61.872333	24.682687	-388.124547	44.941391	0.000000	-420.000000	0	75.748439	1.647836	3.372311	68.986675	19.492986	-424.960802	24.045284	19.492986	4.960802	24.682687	31.875453	5.202943	0	0	0	0	0
ivr	2	65.500000	18	1	20	8.000000	55.000000	0.751848	1.726423	1933.591509	-420.000000	0.000000	52.000000	1979.999050	1157.544316	0.000000	0.000000	0	446.835844	31.077772	70.422368	19.266858	-461.408492	56.799989	28.962779	-390.548509	44.941391	0.000000	-420.000000	0	72.806025	2.942414	0.271260	63.611179	24.114818	-425.978500	18.669788	24.114818	5.978500	28.962779	29.451491	5.591508	0	1	0	0	0
ivr	2	65.500000	18	1	20	8.000000	55.000000	0.751848	1.726423	1980.097000	-420.000000	0.000000	53.000000	2027.019952	1157.544316	0.000000	0.000000	0	450.397824	29.971857	65.645982	21.208645	-461.087347	51.946796	29.697143	-394.209898	44.941391	0.000000	-420.000000	0	68.791827	4.014198	1.105915	58.796389	25.452894	-427.648623	13.854998	25.452894	7.648623	29.697143	25.790102	5.912653	0	1	0	0	0
ivr	2	65.500000	18	1	20	8.000000	55.000000	0.751848	1.726423	2027.117902	-420.000000	0.000000	54.000000	2074.615719	1157.544316	0.000000	0.000000	0	452.336481	29.865467	63.761593	22.329457	-462.311095	49.372773	28.579105	-398.556739	44.941391	0.000000	-420.000000	0	65.656029	3.135797	0.106390	56.567183	25.454281	-430.433917	11.625792	25.454281	10.433917	28.579105	21.443261	4.688905	0	1	0	0	0
ivr	2	65.500000	18	1	20	8.000000	55.000000	0.751848	1.726423	2074.714524	-420.000000	0.000000	55.000000	2121.860750	1157.544316	0.000000	0.000000	0	452.938965	30.792043	64.840188	22.273079	-463.140564	49.154619	27.325708	-404.266920	44.941391	0.000000	-420.000000	0	61.136504	4.519525	0.926576	56.997403	24.799393	-433.703742	12.056012	24.799393	13.703742	27.325708	15.733080	3.859436	0	1	0	0	0
ivr	2	65.500000	18	1	20	8.000000	55.000000	0.751848	1.726423	2121.962549	-420.000000	0.000000	56.000000	2168.718260	1157.544316	0.000000	0.000000	0	452.464708	31.501206	66.286712	20.017450	-465.989200	49.189296	24.835017	-410.101616	44.941391	0.000000	-420.000000	0	58.642585	2.493919	0.709164	57.738004	22.426233	-438.045408	12.796613	22.426233	18.045408	24.835017	9.898384	1.010800	0	1	0	0	0
ivr	2	65.500000	18	1	20	8.000000	55.000000	0.751848	1.726423	2168.822625	-420.000000	0.000000	57.000000	2215.269517	1157.544316	0.000000	0.000000	0	451.799266	32.078853	66.270555	16.504538	-470.642215	48.029752	21.312813	-415.072593	44.941391	0.000000	-420.000000	0	58.684148	0.041564	0.577647	57.150154	18.908676	-442.857404	12.208763	18.908676	22.857404	21.312813	4.927407	3.642215	0	1	0	0	0
ivr	2	65.500000	18	1	20	8.000000	55.000000	0.751848	1.726423	2215.370889	-420.000000	0.000000	58.000000	2262.615919	1157.544316	0.000000	0.000000	0	450.825194	32.907026	65.357317	12.761299	-474.304093	47.245302	17.682595	-419.440375	44.941391	0.000000	-420.000000	0	57.985273	0.698876	0.828173	56.301310	15.221947	-446.872234	11.359919	15.221947	26.872234	17.682595	0.559625	7.304093	0	1	0	0	0
ivr	2	65.500000	18	1	20	8.000000	55.000000	0.751848	1.726423	2262.713869	-420.000000	0.000000	59.000000	2309.631688	1157.544316	0.000000	0.000000	0	450.187742	32.701265	62.700707	10.363708	-473.914758	46.434905	15.101243	-423.167252	44.941391	0.000000	-420.000000	0	53.500747	4.484525	0.205761	54.567806	12.732476	-448.541005	9.626415	12.732476	28.541005	15.101243	3.167252	6.914758	0	1	0	0	0
ivr	2	65.500000	18	1	20	8.000000	55.000000	0.751848	1.726423	2309.733915	-420.000000	0.000000	60.000000	2356.263358	1157.544316	2344.659548	0.000000	0	449.530570	31.747728	60.579935	9.086072	-471.936126	45.701491	13.413855	-425.129720	44.941391	0.000000	-420.000000	0	49.304537	4.196210	0.953537	53.140713	11.249963	-448.532923	8.199322	11.249963	28.532923	13.413855	5.129720	4.936126	0	1	0	1	0
ivr	2	65.500000	18	1	20	8.000000	55.000000	0.751848	1.726423	2356.367296	-420.000000	0.000000	61.000000	2403.412578	1157.544316	2344.659548	0.000000	0	450.076530	31.686345	59.777726	9.506720	-471.341067	45.144053	13.720071	-425.671587	44.941391	0.000000	-420.000000	0	48.141439	1.163099	0.061383	52.460889	11.613396	-448.506327	7.519498	11.613396	28.506327	13.720071	5.671587	4.341067	0	1	0	1	0
ivr	2	65.500000	18	1	20	8.000000	55.000000	0.751848	1.726423	2403.516516	-420.000000	0.000000	62.000000	2450.622108	1157.544316	2344.659548	0.000000	0	450.061048	31.655802	59.507568	9.522216	-471.051420	45.423983	13.710644	-425.888267	44.941391	0.000000	-420.000000	0	47.493165	0.648274	0.030543	52.465775	11.616430	-448.469844	7.524384	11.616430	28.469844	13.710644	5.888267	4.051420	0	1	0	1	0
ivr	2	65.500000	18	1	20	8.000000	55.000000	0.751848	1.726423	2450.720913	-420.000000	0.000000	63.000000	2497.506992	1157.544316	2344.659548	0.000000	0	449.553299	31.618742	59.660497	8.646010	-471.163625	45.764762	13.438018	-426.017722	44.941391	0.000000	-420.000000	0	47.478493	0.014672	0.037060	52.712629	11.042014	-448.590673	7.771238	11.042014	28.590673	13.438018	6.017722	4.163625	0	1	0	1	0
ivr	2	65.500000	18	1	20	8.000000	55.000000	0.751848	1.726423	2497.606225	-420.000000	0.000000	64.000000	2544.659206	1157.544316	2344.659548	0.000000	0	448.700279	31.807551	60.532784	7.726365	-471.159429	46.750166	12.907490	-426.445772	44.941391	0.000000	-420.000000	0	47.075638	0.402855	0.188809	53.641475	10.316928	-448.802601	8.700084	10.316928	28.802601	12.907490	6.445772	4.159429	0	1	0	1	0
ivr	2	65.500000	18	1	20	8.000000	55.000000	0.751848	1.726423	2544.758011	-420.000000	0.000000	65.000000	2591.791317	1157.544316	2344.659548	0.000000	0	448.420242	31.575449	60.777397	7.511036	-471.033412	46.617618	12.700904	-426.175285	44.941391	0.000000	-420.000000	0	47.325317	0.249678	0.232102	53.697508	10.105970	-448.604349	8.756117	10.105970	28.604349	12.700904	6.175285	4.033412	0	1	0	1	0
ivr	2	65.500000	18	1	20	8.000000	55.000000	0.751848	1.726423	2591.889694	-420.000000	0.000000	66.000000	2638.778856	1157.544316	2344.659548	0.000000	0	448.749989	31.353498	60.530157	7.709425	-470.816435	45.930789	13.103550	-425.965181	44.941391	0.000000	-420.000000	0	47.474974	0.149657	0.221951	53.230473	10.406488	-448.390808	8.289082	10.406488	28.390808	13.103550	5.965181	3.816435	0	1	0	1	0
ivr	2	65.500000	18	1	20	8.000000	55.000000	0.751848	1.726423	2638.882366	-420.000000	0.000000	67.000000	2686.039285	1157.544316	2344.659548	0.000000	0	449.037141	31.496996	60.127715	7.921815	-470.756432	46.074108	13.356873	-426.244879	44.941391	0.000000	-420.000000	0	46.992787	0.482186	0.143498	53.100912	10.639344	-448.500656	8.159521	10.639344	28.500656	13.356873	6.244879	3.756432	0	1	0	1	0
ivr	2	65.500000	18	1	20	8.000000	55.000000	0.751848	1.726423	2686.138090	-420.000000	0.000000	68.000000	2733.011426	1157.544316	2344.659548	0.000000	0	449.250459	31.573439	60.280551	8.131111	-470.665313	45.801745	13.599404	-426.368788	44.941391	0.000000	-420.000000	0	46.922491	0.070296	0.076443	53.041148	10.865257	-448.517051	8.099757	10.865257	28.517051	13.599404	6.368788	3.665313	0	1	0	1	0
ivr	2	65.500000	18	1	20	8.000000	55.000000	0.751848	1.726423	2733.114080	-420.000000	0.000000	69.000000	2780.199141	1157.544316	2344.659548	0.000000	0	449.304404	31.629222	60.082198	8.180077	-470.615772	46.009782	13.641449	-426.504397	44.941391	0.000000	-420.000000	0	46.622665	0.299827	0.055783	53.045990	10.910763	-448.560085	8.104599	10.910763	28.560085	13.641449	6.504397	3.615772	0	1	0	1	0
ivr	2	65.500000	18	1	20	8.000000	55.000000	0.751848	1.726423	2780.362105	-420.000000	0.000000	70.000000	2827.159733	1157.544316	2344.659548	0.000000	0	449.158763	31.601533	60.312164	8.054296	-470.603283	45.983701	13.518678	-426.491769	44.941391	0.000000	-420.000000	0	46.701070	0.078405	0.027690	53.147933	10.786487	-448.547526	8.206542	10.786487	28.547526	13.518678	6.491769	3.603283	0	1	0	1	0
ivr	2	65.500000	18	1	20	8.000000	55.000000	0.751848	1.726423	2827.263243	-420.000000	0.000000	71.000000	2874.314086	1157.544316	2344.659548	0.000000	0	448.887909	31.656239	60.614087	7.851974	-470.598895	46.333483	13.319585	-426.576518	44.941391	0.000000	-420.000000	0	46.602576	0.098494	0.054706	53.473785	10.585779	-448.587707	8.532394	10.585779	28.587707	13.319585	6.576518	3.598895	0	1	0	1	0
ivr	2	65.500000	18	1	20	8.000000	55.000000	0.751848	1.726423	2874.413746	-420.000000	0.000000	72.000000	2921.263557	1157.544316	2344.659548	0.000000	0	448.808368	31.639330	60.427803	7.770673	-470.566600	46.539037	13.196074	-426.641087	44.941391	0.000000	-420.000000	0	46.387320	0.215256	0.016908	53.483420	10.483374	-448.603843	8.542029	10.483374	28.603843	13.196074	6.641087	3.566600	0	1	0	1	0
ivr	2	65.500000	18	1	20	8.000000	55.000000	0.751848	1.726423	2921.368351	-420.000000	0.000000	73.000000	2968.041938	1157.544316	2344.659548	0.000000	0	448.761599	31.664469	60.455982	7.727141	-470.551925	46.658055	13.175264	-426.690784	44.941391	0.000000	-420.000000	0	46.301884	0.085436	0.025139	53.557019	10.451203	-448.621355	8.615628	10.451203	28.621355	13.175264	6.690784	3.551925	0	1	0	1	0
ivr	2	65.500000	18	1	20	8.000000	55.000000	0.751848	1.726423	2968.142026	-420.000000	0.000000	74.000000	3015.002102	1157.544316	2344.659548	0.000000	0	448.716072	31.901236	60.356557	7.754762	-470.572401	47.387053	13.156035	-426.999160	44.941391	0.000000	-420.000000	0	45.782192	0.519692	0.236766	53.871805	10.455399	-448.785781	8.930414	10.455399	28.785781	13.156035	6.999160	3.572401	0	1	0	1	0
ivr	2	65.500000	18	1	20	8.000000	55.000000	0.751848	1.726423	3015.101763	-420.000000	0.000000	75.000000	3062.497781	1157.544316	2344.659548	0.000000	0	448.602779	32.019856	60.385037	7.677987	-470.603866	47.772136	13.038974	-427.171032	44.941391	0.000000	-420.000000	0	45.543787	0.238405	0.118620	54.078586	10.358480	-448.887449	9.137195	10.358480	28.887449	13.038974	7.171032	3.603866	0	1	0	1	0
ivr	2	65.500000	18	1	20	8.000000	55.000000	0.751848	1.726423	3062.607707	-420.000000	0.000000	76.000000	3109.443831	1157.544316	2344.659548	0.000000	0	448.541270	32.063378	60.720806	7.601217	-470.583953	47.640324	13.026098	-427.254662	44.941391	0.000000	-420.000000	0	45.584601	0.040814	0.043522	54.180565	10.313658	-448.919307	9.239174	10.313658	28.919307	13.026098	7.254662	3.583953	0	1	0	1	0
ivr	2	65.500000	18	1	20	8.000000	55.000000	0.751848	1.726423	3109.543491	-420.000000	0.000000	77.000000	3156.589629	1157.544316	2344.659548	0.000000	0	448.629846	32.093459	60.383006	7.610528	-470.545270	47.713703	13.030178	-427.438991	44.941391	0.000000	-420.000000	0	45.255221	0.329380	0.030081	54.048354	10.320353	-448.992131	9.106963	10.320353	28.992131	13.030178	7.438991	3.545270	0	1	0	1	0
ivr	2	65.500000	18	1	20	8.000000	55.000000	0.751848	1.726423	3156.702976	-420.000000	0.000000	78.000000	3203.698642	1157.544316	2344.659548	0.000000	0	448.567786	32.089031	60.469447	7.587603	-470.484216	47.799151	13.007837	-427.452070	44.941391	0.000000	-420.000000	0	45.184963	0.070258	0.004428	54.134299	10.297720	-448.968143	9.192908	10.297720	28.968143	13.007837	7.452070	3.484216	0	1	0	1	0
ivr	2	65.500000	18	1	20	8.000000	55.000000	0.751848	1.726423	3203.799586	-420.000000	0.000000	79.000000	3250.821771	1157.544316	2344.659548	0.000000	0	448.402946	32.105791	60.850314	7.514016	-470.437206	47.904337	12.943980	-427.428589	44.941391	0.000000	-420.000000	0	45.241839	0.056876	0.016760	54.377325	10.228998	-448.932897	9.435934	10.228998	28.932897	12.943980	7.428589	3.437206	0	1	0	1	0
ivr	2	65.500000	18	1	20	8.000000	55.000000	0.751848	1.726423	3250.928275	-420.000000	0.000000	80.000000	3297.792628	1157.544316	2344.659548	0.000000	0	448.399217	32.106228	60.872714	7.498294	-470.406339	47.915092	12.974486	-427.444373	44.941391	0.000000	-420.000000	0	45.206407	0.035432	0.000437	54.393903	10.236390	-448.925356	9.452512	10.236390	28.925356	12.974486	7.444373	3.406339	0	1	0	1	0
ivr	2	65.500000	18	1	20	8.000000	55.000000	0.751848	1.726423	3297.897422	-420.000000	0.000000	81.000000	3344.550906	1157.544316	2344.659548	0.000000	0	448.386900	32.016189	60.665898	7.531645	-470.349469	47.916113	12.872134	-427.392803	44.941391	0.000000	-420.000000	0	45.125968	0.080438	0.090039	54.291006	10.201890	-448.871136	9.349615	10.201890	28.871136	12.872134	7.392803	3.349469	0	1	0	1	0
ivr	2	65.500000	18	1	20	8.000000	55.000000	0.751848	1.726423	3344.650994	-420.000000	0.000000	82.000000	3392.150522	1157.544316	2344.659548	0.000000	0	448.345488	32.086479	60.638345	7.508001	-470.363479	48.125570	12.810785	-427.505497	44.941391	0.000000	-420.000000	0	44.961045	0.164923	0.070291	54.381958	10.159393	-448.934488	9.440567	10.159393	28.934488	12.810785	7.505497	3.363479	0	1	0	1	0
ivr	2	65.500000	18	1	20	8.000000	55.000000	0.751848	1.726423	3392.250610	-420.000000	0.000000	83.000000	3439.063209	1157.544316	2344.659548	0.000000	0	448.327328	32.130803	60.737135	7.446591	-470.407133	48.093543	12.804296	-427.562106	44.941391	0.000000	-420.000000	0	44.991796	0.030750	0.044323	54.415339	10.125443	-448.984620	9.473948	10.125443	28.984620	12.804296	7.562106	3.407133	0	1	0	1	0
ivr	2	65.500000	18	1	20	8.000000	55.000000	0.751848	1.726423	3439.229167	-420.000000	0.000000	84.000000	3486.043049	1157.544316	2344.659548	0.000000	0	448.279658	32.128393	60.777083	7.432641	-470.371525	48.150507	12.754753	-427.582759	44.941391	0.000000	-420.000000	0	44.929209	0.062587	0.002409	54.463795	10.093697	-448.977142	9.522404	10.093697	28.977142	12.754753	7.582759	3.371525	0	1	0	1	0
ivr	2	65.500000	18	1	20	8.000000	55.000000	0.751848	1.726423	3486.143565	-420.000000	0.000000	85.000000	3533.405277	1157.544316	2344.659548	0.000000	0	448.237300	32.010012	60.729504	7.392199	-470.315356	48.017305	12.697050	-427.469884	44.941391	0.000000	-420.000000	0	45.005288	0.076079	0.118382	54.373405	10.044624	-448.892620	9.432014	10.044624	28.892620	12.697050	7.469884	3.315356	0	1	0	1	0
ivr	2	65.500000	18	1	20	8.000000	55.000000	0.751848	1.726423	3533.504937	-420.000000	0.000000	86.000000	3568.478048	1157.544316	2344.659548	3568.473771	0	448.059378	32.027496	  60.866824    7.359613 -470.252447	  48.360014   12.549962 -427.475001	44.941391	0.000000	-420.000000	0	44.869476	0.135812	0.017484	0
