subjName	sessionNR	IOD	trialN	textureType	texnum	visualAngle	simulatedDepth	light_intensity	ambient_intensity	time	displayDistance	isRotated	frameN	timTote	startTime	touchTime	endTime	fingersOccluded	distanceToHome	distanceToObject	indexXraw	indexYraw	indexZraw	thumbXraw	thumbYraw	thumbZraw	targetX	targetY	targetZ	failCause	gripAperture	gripApertureVel	distFromObjVel	gripOriginX	gripOriginY	gripOriginZ	distFromObjX	distFromObjY	distFromObjZ	y_dist_thm	z_dist_thm	z_dist_ind	handOnObj	handnearObj	handfarObj	handTouchObj	framesOccluded
ivr	2	65.500000	41	3	35	8.000000	45.000000	0.277999	3.291232	879.528508	-420.000000	0.000000	30.000000	926.782093	0.000000	0.000000	0.000000	0	4.434658	432.660588	230.190708	-354.684252	-254.013670	230.458249	-352.595700	-252.717293	44.941391	0.000000	-420.000000	0	2.472695	0.024738	0.027652	230.324479	-353.639976	-253.365482	185.383088	353.639976	166.634518	352.595700	167.282707	202.986330	0	0	1	0	0
ivr	2	65.500000	41	3	35	8.000000	45.000000	0.277999	3.291232	926.974143	-420.000000	0.000000	31.000000	973.955266	0.000000	0.000000	0.000000	0	4.490330	432.567583	229.885781	-354.558841	-254.134238	230.916171	-352.437158	-252.647392	44.941391	0.000000	-420.000000	0	2.788181	0.315486	0.093005	230.400976	-353.497999	-253.390815	185.459585	353.497999	166.609185	352.437158	167.352608	202.865762	0	0	1	0	0
ivr	2	65.500000	41	3	35	8.000000	45.000000	0.277999	3.291232	974.066475	-420.000000	0.000000	32.000000	1020.925696	0.000000	0.000000	0.000000	0	4.627767	432.498342	229.945195	-354.549726	-254.377859	230.943739	-352.389081	-252.738943	44.941391	0.000000	-420.000000	0	2.889901	0.101719	0.069241	230.444467	-353.469403	-253.558401	185.503076	353.469403	166.441599	352.389081	167.261057	202.622141	0	0	1	0	0
ivr	2	65.500000	41	3	35	8.000000	45.000000	0.277999	3.291232	1021.030061	-420.000000	0.000000	33.000000	1068.056096	0.000000	0.000000	0.000000	0	4.621227	432.492400	229.860970	-354.576205	-254.397620	230.967558	-352.400060	-252.762299	44.941391	0.000000	-420.000000	0	2.938437	0.048537	0.005942	230.414264	-353.488132	-253.579959	185.472873	353.488132	166.420041	352.400060	167.237701	202.602380	0	0	1	0	0
ivr	2	65.500000	41	3	35	8.000000	45.000000	0.277999	3.291232	1068.162600	-420.000000	0.000000	34.000000	1115.204032	0.000000	0.000000	0.000000	0	4.630855	432.545738	229.868870	-354.620593	-254.358710	231.036436	-352.413516	-252.732414	44.941391	0.000000	-420.000000	0	2.979804	0.041367	0.053338	230.452653	-353.517054	-253.545562	185.511262	353.517054	166.454438	352.413516	167.267586	202.641290	0	0	1	0	0
ivr	2	65.500000	41	3	35	8.000000	45.000000	0.277999	3.291232	1115.308825	-420.000000	0.000000	35.000000	1162.150082	0.000000	0.000000	0.000000	0	4.478964	432.494080	229.533593	-354.632869	-254.286138	231.020241	-352.427212	-252.737093	44.941391	0.000000	-420.000000	0	3.078082	0.098277	0.051659	230.276917	-353.530041	-253.511616	185.335526	353.530041	166.488384	352.427212	167.262907	202.713862	0	0	1	0	0
ivr	2	65.500000	41	3	35	8.000000	45.000000	0.277999	3.291232	1162.255303	-420.000000	0.000000	36.000000	1209.104686	0.000000	0.000000	0.000000	0	4.526971	432.539264	229.673042	-354.659218	-254.269471	231.026356	-352.424241	-252.730713	44.941391	0.000000	-420.000000	0	3.032220	0.045862	0.045184	230.349699	-353.541729	-253.500092	185.408308	353.541729	166.499908	352.424241	167.269287	202.730529	0	0	1	0	0
ivr	2	65.500000	41	3	35	8.000000	45.000000	0.277999	3.291232	1209.203491	-420.000000	0.000000	37.000000	1256.216266	0.000000	0.000000	0.000000	0	4.552275	432.507430	229.656868	-354.641734	-254.299946	231.091237	-352.355840	-252.737522	44.941391	0.000000	-420.000000	0	3.118316	0.086096	0.031834	230.374053	-353.498787	-253.518734	185.432662	353.498787	166.481266	352.355840	167.262478	202.700054	0	0	1	0	0
ivr	2	65.500000	41	3	35	8.000000	45.000000	0.277999	3.291232	1256.314643	-420.000000	0.000000	38.000000	1303.467712	0.000000	0.000000	0.000000	0	4.576208	432.279275	230.076825	-354.477523	-254.450098	230.238187	-352.444373	-253.130164	44.941391	0.000000	-420.000000	0	2.429396	0.688920	0.228155	230.157506	-353.460948	-253.790131	185.216115	353.460948	166.209869	352.444373	166.869836	202.549902	0	0	1	0	0
ivr	2	65.500000	41	3	35	8.000000	45.000000	0.277999	3.291232	1303.681148	-420.000000	0.000000	39.000000	1350.225990	0.000000	0.000000	0.000000	0	4.818513	431.740264	229.881896	-354.005771	-254.848239	230.507840	-351.870568	-253.396106	44.941391	0.000000	-420.000000	0	2.656989	0.227592	0.539011	230.194868	-352.938169	-254.122172	185.253477	352.938169	165.877828	351.870568	166.603894	202.151761	0	0	1	0	0
ivr	2	65.500000	41	3	35	8.000000	45.000000	0.277999	3.291232	1350.328644	-420.000000	0.000000	40.000000	1397.955208	0.000000	0.000000	0.000000	0	5.747093	428.700357	228.131528	-351.574517	-256.091002	229.401729	-349.616696	-254.819354	44.941391	0.000000	-420.000000	0	2.657736	0.000747	3.039908	228.766629	-350.595606	-255.455178	183.825238	350.595606	164.544822	349.616696	165.180646	200.908998	0	0	1	0	0
ivr	2	65.500000	41	3	35	8.000000	45.000000	0.277999	3.291232	1398.058718	-420.000000	0.000000	41.000000	1445.270386	1433.435603	0.000000	0.000000	0	14.360074	418.591111	226.566926	-343.272047	-259.748393	225.718660	-338.677525	-257.013205	44.941391	0.000000	-420.000000	0	5.413912	2.756176	10.109245	226.142793	-340.974786	-258.380799	181.201402	340.974786	161.619201	338.677525	162.986795	197.251607	0	0	1	0	0
ivr	2	65.500000	41	3	35	8.000000	45.000000	0.277999	3.291232	1445.376462	-420.000000	0.000000	42.000000	1492.337910	1433.435603	0.000000	0.000000	0	32.249943	400.547238	222.449340	-327.809297	-267.601167	219.036459	-320.923755	-260.512468	44.941391	0.000000	-420.000000	0	10.455051	5.041139	18.043874	220.742899	-324.366526	-264.056818	175.801508	324.366526	155.943182	320.923755	159.487532	189.398833	0	0	1	0	0
ivr	2	65.500000	41	3	35	8.000000	45.000000	0.277999	3.291232	1492.459812	-420.000000	0.000000	43.000000	1539.769002	1433.435603	0.000000	0.000000	0	57.838543	375.300589	215.073818	-306.106033	-278.678864	211.245401	-295.971700	-265.153860	44.941391	0.000000	-420.000000	0	17.328798	6.873747	25.246649	213.159609	-301.038867	-271.916362	168.218218	301.038867	148.083638	295.971700	154.846140	178.321136	0	0	1	0	0
ivr	2	65.500000	41	3	35	8.000000	45.000000	0.277999	3.291232	1539.904591	-420.000000	0.000000	44.000000	1586.408799	1433.435603	0.000000	0.000000	0	87.634284	345.972040	206.614640	-279.832793	-290.615605	200.716358	-268.448869	-271.175014	44.941391	0.000000	-420.000000	0	23.287766	5.958968	29.328549	203.665499	-274.140831	-280.895309	158.724108	274.140831	139.104691	268.448869	148.824986	166.384395	0	0	1	0	0
ivr	2	65.500000	41	3	35	8.000000	45.000000	0.277999	3.291232	1586.509314	-420.000000	0.000000	45.000000	1633.624744	1433.435603	0.000000	0.000000	0	120.830477	313.433690	196.322042	-250.003438	-303.172310	189.111950	-238.482953	-277.997164	44.941391	0.000000	-420.000000	0	28.609351	5.321584	32.538350	192.716996	-244.243195	-290.584737	147.775605	244.243195	129.415263	238.482953	142.002836	153.827690	0	0	1	0	0
ivr	2	65.500000	41	3	35	8.000000	45.000000	0.277999	3.291232	1671.950380	-420.000000	0.000000	46.000000	1715.638860	1433.435603	0.000000	0.000000	0	186.015177	250.248139	176.615446	-191.017668	-330.663210	168.844771	-180.655646	-292.459760	44.941391	0.000000	-420.000000	0	40.339292	11.729942	63.185551	172.730109	-185.836657	-311.561485	127.788718	185.836657	108.438515	180.655646	127.540240	126.336790	0	0	1	0	0
ivr	2	65.500000	41	3	35	8.000000	45.000000	0.277999	3.291232	1715.743653	-420.000000	0.000000	47.000000	1762.585337	1433.435603	0.000000	0.000000	0	224.643582	213.074410	164.623530	-156.404536	-347.565009	156.288236	-147.010432	-302.256702	44.941391	0.000000	-420.000000	0	47.016688	6.677396	37.173729	160.455883	-151.707484	-324.910855	115.514492	151.707484	95.089145	147.010432	117.743298	109.434991	0	0	0	0	0
ivr	2	65.500000	41	3	35	8.000000	45.000000	0.277999	3.291232	1762.684570	-420.000000	0.000000	48.000000	1809.339765	1433.435603	0.000000	0.000000	0	262.224776	176.774500	151.586718	-123.294124	-364.812106	142.804574	-115.622510	-313.657688	44.941391	0.000000	-420.000000	0	52.466696	5.450007	36.299909	147.195646	-119.458317	-339.234897	102.254255	119.458317	80.765103	115.622510	106.342312	92.187894	0	0	0	0	0
ivr	2	65.500000	41	3	35	8.000000	45.000000	0.277999	3.291232	1809.486047	-420.000000	0.000000	49.000000	1856.589073	1433.435603	0.000000	0.000000	0	298.127769	142.111155	138.485058	-92.495199	-382.707992	129.064845	-86.729078	-326.542729	44.941391	0.000000	-420.000000	0	57.240942	4.774246	34.663346	133.774951	-89.612138	-354.625361	88.833560	89.612138	65.374639	86.729078	93.457271	74.292008	0	0	0	0	0
ivr	2	65.500000	41	3	35	8.000000	45.000000	0.277999	3.291232	1856.692155	-420.000000	0.000000	50.000000	1903.724178	1433.435603	0.000000	0.000000	0	331.845510	110.253733	126.952701	-65.208725	-401.511432	116.175622	-59.292207	-340.310848	44.941391	0.000000	-420.000000	0	62.423250	5.182309	31.857422	121.564161	-62.250466	-370.911140	76.622770	62.250466	49.088860	59.292207	79.689152	55.488568	0	0	0	0	0
ivr	2	65.500000	41	3	35	8.000000	45.000000	0.277999	3.291232	1903.828543	-420.000000	0.000000	51.000000	1950.645419	1433.435603	0.000000	0.000000	0	362.399530	82.713706	116.856497	-41.841014	-419.963456	104.396955	-34.535814	-354.656456	44.941391	0.000000	-420.000000	0	66.885054	4.461803	27.540027	110.626726	-38.188414	-387.309956	65.685335	38.188414	32.690044	34.535814	65.343544	37.036544	0	0	0	0	0
ivr	2	65.500000	41	3	35	8.000000	45.000000	0.277999	3.291232	1950.749784	-420.000000	0.000000	52.000000	1997.712515	1433.435603	0.000000	0.000000	0	387.818994	60.988228	106.826205	-23.062867	-435.052866	92.859058	-15.327399	-368.233941	44.941391	0.000000	-420.000000	0	68.699981	1.814927	21.725477	99.842632	-19.195133	-401.643403	54.901241	19.195133	18.356597	15.327399	51.766059	21.947134	0	0	0	0	0
ivr	2	65.500000	41	3	35	8.000000	45.000000	0.277999	3.291232	1997.811748	-420.000000	0.000000	53.000000	2044.800570	1433.435603	0.000000	0.000000	0	408.294933	44.613958	96.044679	-9.197487	-446.974715	81.397125	-0.354238	-378.749319	44.941391	0.000000	-420.000000	0	70.338173	1.638192	16.374270	88.720902	-4.775863	-412.862017	43.779511	4.775863	7.137983	0.354238	41.250681	10.025285	0	0	0	0	0
ivr	2	65.500000	41	3	35	8.000000	45.000000	0.277999	3.291232	2044.900231	-420.000000	0.000000	54.000000	2091.845425	1433.435603	0.000000	0.000000	0	422.526292	33.661969	85.802834	-1.430860	-455.052911	70.919624	9.145351	-387.283119	44.941391	0.000000	-420.000000	0	70.186259	0.151913	10.951989	78.361229	3.857245	-421.168015	33.419838	3.857245	1.168015	9.145351	32.716881	1.947089	0	0	0	0	0
ivr	2	65.500000	41	3	35	8.000000	45.000000	0.277999	3.291232	2091.957489	-420.000000	0.000000	55.000000	2138.916370	1433.435603	0.000000	0.000000	0	432.536148	27.125240	76.571383	3.181581	-459.758820	62.383634	15.003540	-394.535646	44.941391	0.000000	-420.000000	0	67.787265	2.398994	6.536729	69.477509	9.092560	-427.147233	24.536118	9.092560	7.147233	15.003540	25.464354	2.758820	0	1	0	0	0
ivr	2	65.500000	41	3	35	8.000000	45.000000	0.277999	3.291232	2139.015175	-420.000000	0.000000	56.000000	2185.841461	1433.435603	0.000000	0.000000	0	438.585931	23.406140	69.236992	5.090858	-461.417651	55.219324	17.232504	-400.892162	44.941391	0.000000	-420.000000	0	63.302839	4.484427	3.719101	62.228158	11.161681	-431.154906	17.286767	11.161681	11.154906	17.232504	19.107838	4.417651	0	1	0	0	0
ivr	2	65.500000	41	3	35	8.000000	45.000000	0.277999	3.291232	2185.945399	-420.000000	0.000000	57.000000	2232.748160	1433.435603	0.000000	0.000000	0	442.672476	21.667157	63.044623	6.912033	-460.403659	50.508762	18.464070	-405.550508	44.941391	0.000000	-420.000000	0	57.440974	5.861865	1.738983	56.776692	12.688051	-432.977084	11.835301	12.688051	12.977084	18.464070	14.449492	3.403659	0	1	0	0	0
ivr	2	65.500000	41	3	35	8.000000	45.000000	0.277999	3.291232	2232.852953	-420.000000	0.000000	58.000000	2280.082586	1433.435603	0.000000	0.000000	0	445.043769	21.398694	59.796812	8.011100	-458.879590	47.313056	18.772416	-409.712143	44.941391	0.000000	-420.000000	0	51.856416	5.584558	0.268463	53.554934	13.391758	-434.295866	8.613543	13.391758	14.295866	18.772416	10.287857	1.879590	0	1	0	0	0
ivr	2	65.500000	41	3	35	8.000000	45.000000	0.277999	3.291232	2280.186951	-420.000000	0.000000	59.000000	2326.857116	1433.435603	0.000000	0.000000	0	446.455866	22.766574	59.428008	8.519945	-459.542346	45.590409	18.146778	-414.118699	44.941391	0.000000	-420.000000	0	48.450622	3.405794	1.367880	52.509209	13.333362	-436.830523	7.567818	13.333362	16.830523	18.146778	5.881301	2.542346	0	1	0	0	0
ivr	2	65.500000	41	3	35	8.000000	45.000000	0.277999	3.291232	2326.965331	-420.000000	0.000000	60.000000	2373.393403	1433.435603	0.000000	0.000000	0	446.642013	24.068633	58.892611	8.039623	-460.350653	44.800813	15.312492	-419.412913	44.941391	0.000000	-420.000000	0	43.901844	4.548778	1.302059	51.846712	11.676058	-439.881783	6.905321	11.676058	19.881783	15.312492	0.587087	3.350653	0	1	0	0	0
ivr	2	65.500000	41	3	35	8.000000	45.000000	0.277999	3.291232	2373.493491	-420.000000	0.000000	61.000000	2420.768035	1433.435603	2408.703563	0.000000	0	446.144824	24.999841	58.354275	6.634734	-461.185544	44.020382	12.361401	-423.346110	44.941391	0.000000	-420.000000	0	40.866587	3.035257	0.931209	51.187328	9.498068	-442.265827	6.245937	9.498068	22.265827	12.361401	3.346110	4.185544	0	1	0	1	0
ivr	2	65.500000	41	3	35	8.000000	45.000000	0.277999	3.291232	2420.871973	-420.000000	0.000000	62.000000	2467.751725	1433.435603	2408.703563	0.000000	0	446.296454	25.881481	58.499615	6.159780	-461.614194	43.845387	11.960067	-425.244834	44.941391	0.000000	-420.000000	0	39.637356	1.229231	0.881640	51.172501	9.059923	-443.429514	6.231110	9.059923	23.429514	11.960067	5.244834	4.614194	0	1	0	1	0
ivr	2	65.500000	41	3	35	8.000000	45.000000	0.277999	3.291232	2467.855235	-420.000000	0.000000	63.000000	2514.830370	1433.435603	2408.703563	0.000000	0	446.584031	25.905631	57.995264	6.467952	-461.251114	43.867988	12.131661	-425.598961	44.941391	0.000000	-420.000000	0	38.765108	0.872248	0.024149	50.931626	9.299806	-443.425038	5.990235	9.299806	23.425038	12.131661	5.598961	4.251114	0	1	0	1	0
ivr	2	65.500000	41	3	35	8.000000	45.000000	0.277999	3.291232	2514.933880	-420.000000	0.000000	64.000000	2561.897894	1433.435603	2408.703563	0.000000	0	446.681904	25.754942	58.279611	6.548167	-461.008746	43.166242	12.254534	-425.531795	44.941391	0.000000	-420.000000	0	38.981927	0.216819	0.150689	50.722927	9.401350	-443.270271	5.781536	9.401350	23.270271	12.254534	5.531795	4.008746	0	1	0	1	0
ivr	2	65.500000	41	3	35	8.000000	45.000000	0.277999	3.291232	2561.996271	-420.000000	0.000000	65.000000	2608.847365	1433.435603	2408.703563	0.000000	0	446.425870	25.597755	58.157476	6.438454	-460.813624	43.473041	11.942666	-425.501658	44.941391	0.000000	-420.000000	0	38.637597	0.344330	0.157187	50.815258	9.190560	-443.157641	5.873867	9.190560	23.157641	11.942666	5.501658	3.813624	0	1	0	1	0
ivr	2	65.500000	41	3	35	8.000000	45.000000	0.277999	3.291232	2608.946170	-420.000000	0.000000	66.000000	2656.074004	1433.435603	2408.703563	0.000000	0	445.940855	25.677441	58.447188	6.166371	-460.826691	44.409388	11.558994	-425.593304	44.941391	0.000000	-420.000000	0	38.308377	0.329220	0.079686	51.428288	8.862682	-443.209998	6.486897	8.862682	23.209998	11.558994	5.593304	3.826691	0	1	0	1	0
ivr	2	65.500000	41	3	35	8.000000	45.000000	0.277999	3.291232	2656.177514	-420.000000	0.000000	67.000000	2702.683004	1433.435603	2408.703563	0.000000	0	445.893471	25.649785	58.359888	6.086626	-460.784305	44.493893	11.530871	-425.616373	44.941391	0.000000	-420.000000	0	38.192788	0.115589	0.027655	51.426891	8.808749	-443.200339	6.485500	8.808749	23.200339	11.530871	5.616373	3.784305	0	1	0	1	0
ivr	2	65.500000	41	3	35	8.000000	45.000000	0.277999	3.291232	2702.787797	-420.000000	0.000000	68.000000	2750.037533	1433.435603	2408.703563	0.000000	0	445.956851	25.708342	58.445215	6.079988	-460.819202	44.398041	11.638581	-425.675462	44.941391	0.000000	-420.000000	0	38.253150	0.060362	0.058557	51.421628	8.859284	-443.247332	6.480237	8.859284	23.247332	11.638581	5.675462	3.819202	0	1	0	1	0
ivr	2	65.500000	41	3	35	8.000000	45.000000	0.277999	3.291232	2750.138049	-420.000000	0.000000	69.000000	2796.878362	1433.435603	2408.703563	0.000000	0	446.094963	25.773958	58.356074	6.166409	-460.835433	44.307020	11.739565	-425.782455	44.941391	0.000000	-420.000000	0	38.172598	0.080552	0.065616	51.331547	8.952987	-443.308944	6.390156	8.952987	23.308944	11.739565	5.782455	3.835433	0	1	0	1	0
ivr	2	65.500000	41	3	35	8.000000	45.000000	0.277999	3.291232	2797.031916	-420.000000	0.000000	70.000000	2844.256843	1433.435603	2408.703563	0.000000	0	446.105097	25.878828	58.366539	6.186571	-460.844707	44.512263	11.766860	-425.927430	44.941391	0.000000	-420.000000	0	37.977583	0.195014	0.104870	51.439401	8.976715	-443.386068	6.498010	8.976715	23.386068	11.766860	5.927430	3.844707	0	1	0	1	0
ivr	2	65.500000	41	3	35	8.000000	45.000000	0.277999	3.291232	2844.361209	-420.000000	0.000000	71.000000	2891.291432	1433.435603	2408.703563	0.000000	0	446.113652	25.881131	58.397751	6.184000	-460.842200	44.450277	11.768045	-425.944103	44.941391	0.000000	-420.000000	0	37.994615	0.017032	0.002303	51.424014	8.976022	-443.393152	6.482623	8.976022	23.393152	11.768045	5.944103	3.842200	0	1	0	1	0
ivr	2	65.500000	41	3	35	8.000000	45.000000	0.277999	3.291232	2891.392804	-420.000000	0.000000	72.000000	2938.407289	1433.435603	2408.703563	0.000000	0	446.063752	25.851474	58.571591	6.214811	-460.776766	44.432448	11.750845	-425.895095	44.941391	0.000000	-420.000000	0	38.043318	0.048703	0.029657	51.502019	8.982828	-443.335930	6.560628	8.982828	23.335930	11.750845	5.895095	3.776766	0	1	0	1	0
ivr	2	65.500000	41	3	35	8.000000	45.000000	0.277999	3.291232	2938.528336	-420.000000	0.000000	73.000000	2985.396967	1433.435603	2408.703563	0.000000	0	445.953202	25.910780	58.856709	6.240880	-460.736567	44.672520	11.714852	-425.920054	44.941391	0.000000	-420.000000	0	37.991383	0.051934	0.059306	51.764614	8.977866	-443.328311	6.823223	8.977866	23.328311	11.714852	5.920054	3.736567	0	1	0	1	0
ivr	2	65.500000	41	3	35	8.000000	45.000000	0.277999	3.291232	2985.501760	-420.000000	0.000000	74.000000	3032.276719	1433.435603	2408.703563	0.000000	0	445.993698	25.920213	58.786971	6.301358	-460.686245	44.712414	11.741889	-425.966290	44.941391	0.000000	-420.000000	0	37.857203	0.134180	0.009432	51.749693	9.021624	-443.326267	6.808302	9.021624	23.326267	11.741889	5.966290	3.686245	0	1	0	1	0
ivr	2	65.500000	41	3	35	8.000000	45.000000	0.277999	3.291232	3032.381512	-420.000000	0.000000	75.000000	3079.671454	1433.435603	2408.703563	0.000000	0	446.083476	25.828497	58.543192	6.350557	-460.627969	44.531514	11.767025	-425.914179	44.941391	0.000000	-420.000000	0	37.824760	0.032443	0.091715	51.537353	9.058791	-443.271074	6.595962	9.058791	23.271074	11.767025	5.914179	3.627969	0	1	0	1	0
ivr	2	65.500000	41	3	35	8.000000	45.000000	0.277999	3.291232	3079.771970	-420.000000	0.000000	76.000000	3126.653433	1433.435603	2408.703563	0.000000	0	445.990697	25.956588	58.938463	6.304845	-460.751047	44.595095	11.702416	-425.986226	44.941391	0.000000	-420.000000	0	37.992878	0.168118	0.128090	51.766779	9.003631	-443.368636	6.825388	9.003631	23.368636	11.702416	5.986226	3.751047	0	1	0	1	0
ivr	2	65.500000	41	3	35	8.000000	45.000000	0.277999	3.291232	3126.752665	-420.000000	0.000000	77.000000	3173.730367	1433.435603	2408.703563	0.000000	0	446.050668	25.894545	58.497297	6.243659	-460.755876	44.560705	11.660625	-426.019758	44.941391	0.000000	-420.000000	0	37.817589	0.175289	0.062043	51.529001	8.952142	-443.387817	6.587610	8.952142	23.387817	11.660625	6.019758	3.755876	0	1	0	1	0
ivr	2	65.500000	41	3	35	8.000000	45.000000	0.277999	3.291232	3173.830455	-420.000000	0.000000	78.000000	3220.545532	1433.435603	2408.703563	0.000000	0	446.037755	25.969511	58.509849	6.218526	-460.809963	44.680763	11.640514	-426.111442	44.941391	0.000000	-420.000000	0	37.744257	0.073332	0.074966	51.595306	8.929520	-443.460703	6.653915	8.929520	23.460703	11.640514	6.111442	3.809963	0	1	0	1	0
ivr	2	65.500000	41	3	35	8.000000	45.000000	0.277999	3.291232	3220.650325	-420.000000	0.000000	79.000000	3267.637436	1433.435603	2408.703563	0.000000	0	446.053043	26.000473	58.604829	6.224788	-460.842801	44.616558	11.660233	-426.128530	44.941391	0.000000	-420.000000	0	37.819260	0.075002	0.030962	51.610693	8.942511	-443.485665	6.669302	8.942511	23.485665	11.660233	6.128530	3.842801	0	1	0	1	0
ivr	2	65.500000	41	3	35	8.000000	45.000000	0.277999	3.291232	3267.746934	-420.000000	0.000000	80.000000	3315.184015	1433.435603	2408.703563	0.000000	0	445.961630	26.027320	58.799831	6.153306	-460.886433	44.668253	11.606565	-426.121142	44.941391	0.000000	-420.000000	0	37.921828	0.102568	0.026847	51.734042	8.879935	-443.503787	6.792651	8.879935	23.503787	11.606565	6.121142	3.886433	0	1	0	1	0
ivr	2	65.500000	41	3	35	8.000000	45.000000	0.277999	3.291232	3315.288380	-420.000000	0.000000	81.000000	3361.987203	1433.435603	2408.703563	0.000000	0	445.897150	25.992119	58.611023	6.044727	-460.879023	44.783326	11.509513	-426.149131	44.941391	0.000000	-420.000000	0	37.778756	0.143071	0.035201	51.697175	8.777120	-443.514077	6.755784	8.777120	23.514077	11.509513	6.149131	3.879023	0	1	0	1	0
ivr	2	65.500000	41	3	35	8.000000	45.000000	0.277999	3.291232	3362.086864	-420.000000	0.000000	82.000000	3409.011955	1433.435603	2408.703563	0.000000	0	445.851267	25.946791	58.485172	6.034506	-460.842931	44.930444	11.462197	-426.100350	44.941391	0.000000	-420.000000	0	37.686037	0.092719	0.045328	51.707808	8.748352	-443.471640	6.766417	8.748352	23.471640	11.462197	6.100350	3.842931	0	1	0	1	0
ivr	2	65.500000	41	3	35	8.000000	45.000000	0.277999	3.291232	3409.112898	-420.000000	0.000000	83.000000	3456.162030	1433.435603	2408.703563	0.000000	0	445.844570	25.929042	58.510959	6.050079	-460.826345	44.936249	11.477333	-426.057096	44.941391	0.000000	-420.000000	0	37.717748	0.031710	0.017749	51.723604	8.763706	-443.441721	6.782213	8.763706	23.441721	11.477333	6.057096	3.826345	0	1	0	1	0
ivr	2	65.500000	41	3	35	8.000000	45.000000	0.277999	3.291232	3456.262118	-420.000000	0.000000	84.000000	3491.464491	1433.435603	2408.703563	3491.460213	0	445.862946	25.888405	  58.483771    6.010341 -460.818267	  44.768831   11.478475 -426.045656	44.941391	0.000000	-420.000000	0	37.777434	0.059687	0.040637	0
