subjName	sessionNR	IOD	trialN	textureType	texnum	visualAngle	simulatedDepth	light_intensity	ambient_intensity	time	displayDistance	isRotated	frameN	timTote	startTime	touchTime	endTime	fingersOccluded	distanceToHome	distanceToObject	indexXraw	indexYraw	indexZraw	thumbXraw	thumbYraw	thumbZraw	targetX	targetY	targetZ	failCause	gripAperture	gripApertureVel	distFromObjVel	gripOriginX	gripOriginY	gripOriginZ	distFromObjX	distFromObjY	distFromObjZ	y_dist_thm	z_dist_thm	z_dist_ind	handOnObj	handnearObj	handfarObj	handTouchObj	framesOccluded
ivr	1	65.500000	83	2	33	8.000000	45.000000	0.470933	2.463520	915.391291	-420.000000	0.000000	30.000000	962.420748	0.000000	0.000000	0.000000	0	5.766715	426.904975	226.553350	-351.474060	-255.477165	223.745548	-346.969798	-251.025642	44.908478	0.000000	-420.000000	0	6.927351	1.659480	2.102162	225.149449	-349.221929	-253.251404	180.240971	349.221929	166.748596	346.969798	168.974358	201.522835	0	0	1	0	0
ivr	1	65.500000	83	2	33	8.000000	45.000000	0.470933	2.463520	962.614080	-420.000000	0.000000	31.000000	1009.051990	0.000000	0.000000	0.000000	0	6.552907	426.384971	225.287855	-351.452833	-257.454064	223.075615	-347.914437	-251.568001	44.908478	0.000000	-420.000000	0	7.215261	0.287910	0.520004	224.181735	-349.683635	-254.511032	179.273257	349.683635	165.488968	347.914437	168.431999	199.545936	0	0	1	0	0
ivr	1	65.500000	83	2	33	8.000000	45.000000	0.470933	2.463520	1009.156783	-420.000000	0.000000	32.000000	1056.448864	0.000000	0.000000	0.000000	0	6.179630	428.074418	225.267382	-353.098965	-258.454853	223.281776	-351.374010	-252.881391	44.908478	0.000000	-420.000000	0	6.162920	1.052341	1.689447	224.274579	-352.236487	-255.668122	179.366101	352.236487	164.331878	351.374010	167.118609	198.545147	0	0	1	0	0
ivr	1	65.500000	83	2	33	8.000000	45.000000	0.470933	2.463520	1056.548952	-420.000000	0.000000	33.000000	1103.413305	0.000000	0.000000	0.000000	0	6.190775	428.422434	225.186922	-353.332194	-258.421183	224.120892	-351.914999	-253.591248	44.908478	0.000000	-420.000000	0	5.145205	1.017715	0.348016	224.653907	-352.623597	-256.006215	179.745429	352.623597	163.993785	351.914999	166.408752	198.578817	0	0	1	0	0
ivr	1	65.500000	83	2	33	8.000000	45.000000	0.470933	2.463520	1103.519810	-420.000000	0.000000	34.000000	1150.408971	0.000000	0.000000	0.000000	0	5.929962	428.741054	226.140985	-353.470790	-258.387881	224.412998	-351.932336	-253.662742	44.908478	0.000000	-420.000000	0	5.261151	0.115947	0.318620	225.276992	-352.701563	-256.025312	180.368514	352.701563	163.974688	351.932336	166.337258	198.612119	0	0	1	0	0
ivr	1	65.500000	83	2	33	8.000000	45.000000	0.470933	2.463520	1150.508632	-420.000000	0.000000	35.000000	1197.782320	0.000000	0.000000	0.000000	0	5.455043	429.202662	225.867831	-354.105919	-257.358546	224.469259	-352.055328	-253.671510	44.908478	0.000000	-420.000000	0	4.444678	0.816473	0.461608	225.168545	-353.080624	-255.515028	180.260067	353.080624	164.484972	352.055328	166.328490	199.641454	0	0	1	0	0
ivr	1	65.500000	83	2	33	8.000000	45.000000	0.470933	2.463520	1197.881125	-420.000000	0.000000	36.000000	1244.399020	0.000000	0.000000	0.000000	0	5.077942	429.567346	226.331233	-354.360522	-256.843953	224.377291	-352.212795	-253.574735	44.908478	0.000000	-420.000000	0	4.372461	0.072217	0.364684	225.354262	-353.286659	-255.209344	180.445784	353.286659	164.790656	352.212795	166.425265	200.156047	0	0	1	0	0
ivr	1	65.500000	83	2	33	8.000000	45.000000	0.470933	2.463520	1244.502958	-420.000000	0.000000	37.000000	1291.716764	0.000000	0.000000	0.000000	0	4.914164	429.690168	226.106616	-354.406422	-256.553581	224.572693	-352.309980	-253.499680	44.908478	0.000000	-420.000000	0	4.009277	0.363184	0.122823	225.339655	-353.358201	-255.026631	180.431177	353.358201	164.973369	352.309980	166.500320	200.446419	0	0	1	0	0
ivr	1	65.500000	83	2	33	8.000000	45.000000	0.470933	2.463520	1291.815141	-420.000000	0.000000	38.000000	1338.484879	0.000000	0.000000	0.000000	0	4.933510	429.698641	225.688852	-354.526438	-256.420936	224.516948	-352.362163	-253.439590	44.908478	0.000000	-420.000000	0	3.865988	0.143289	0.008472	225.102900	-353.444301	-254.930263	180.194423	353.444301	165.069737	352.362163	166.560410	200.579064	0	0	1	0	0
ivr	1	65.500000	83	2	33	8.000000	45.000000	0.470933	2.463520	1338.668802	-420.000000	0.000000	39.000000	1385.862505	0.000000	0.000000	0.000000	0	4.891353	429.746673	225.924592	-354.512380	-256.486073	224.565359	-352.375699	-253.433562	44.908478	0.000000	-420.000000	0	3.966200	0.100212	0.048033	225.244975	-353.444040	-254.959818	180.336498	353.444040	165.040182	352.375699	166.566438	200.513927	0	0	1	0	0
ivr	1	65.500000	83	2	33	8.000000	45.000000	0.470933	2.463520	1385.967299	-420.000000	0.000000	40.000000	1432.822670	0.000000	0.000000	0.000000	0	4.879598	429.775571	226.010165	-354.470540	-256.543882	224.753093	-352.400371	-253.487256	44.908478	0.000000	-420.000000	0	3.899845	0.066355	0.028898	225.381629	-353.435455	-255.015569	180.473151	353.435455	164.984431	352.400371	166.512744	200.456118	0	0	1	0	0
ivr	1	65.500000	83	2	33	8.000000	45.000000	0.470933	2.463520	1432.922330	-420.000000	0.000000	41.000000	1480.201152	0.000000	0.000000	0.000000	0	4.880201	429.840049	225.883645	-354.579776	-256.437645	224.688831	-352.507915	-253.513383	44.908478	0.000000	-420.000000	0	3.777764	0.122081	0.064478	225.286238	-353.543846	-254.975514	180.377760	353.543846	165.024486	352.507915	166.486617	200.562355	0	0	1	0	0
ivr	1	65.500000	83	2	33	8.000000	45.000000	0.470933	2.463520	1480.310222	-420.000000	0.000000	42.000000	1527.314015	0.000000	0.000000	0.000000	0	4.743402	430.015179	226.329981	-354.666422	-256.371674	224.764307	-352.560560	-253.536063	44.908478	0.000000	-420.000000	0	3.863506	0.085741	0.175130	225.547144	-353.613491	-254.953868	180.638666	353.613491	165.046132	352.560560	166.463937	200.628326	0	0	1	0	0
ivr	1	65.500000	83	2	33	8.000000	45.000000	0.470933	2.463520	1527.470990	-420.000000	0.000000	43.000000	1574.078708	0.000000	0.000000	0.000000	0	4.872976	429.942258	225.856595	-354.746332	-256.158468	224.366375	-352.677406	-253.598377	44.908478	0.000000	-420.000000	0	3.613209	0.250297	0.072921	225.111485	-353.711869	-254.878422	180.203007	353.711869	165.121578	352.677406	166.401623	200.841532	0	0	1	0	0
ivr	1	65.500000	83	2	33	8.000000	45.000000	0.470933	2.463520	1574.178368	-420.000000	0.000000	44.000000	1621.115008	0.000000	0.000000	0.000000	0	4.681938	430.097526	226.070977	-354.773443	-255.921365	224.595404	-352.712481	-253.644242	44.908478	0.000000	-420.000000	0	3.407370	0.205839	0.155268	225.333190	-353.742962	-254.782803	180.424713	353.742962	165.217197	352.712481	166.355758	201.078635	0	0	1	0	0
ivr	1	65.500000	83	2	33	8.000000	45.000000	0.470933	2.463520	1621.215096	-420.000000	0.000000	45.000000	1668.383136	0.000000	0.000000	0.000000	0	4.460599	430.308694	225.834485	-354.962190	-255.554785	225.118450	-352.727503	-253.660708	44.908478	0.000000	-420.000000	0	3.015636	0.391734	0.211168	225.476468	-353.844847	-254.607747	180.567990	353.844847	165.392253	352.727503	166.339292	201.445215	0	0	1	0	0
ivr	1	65.500000	83	2	33	8.000000	45.000000	0.470933	2.463520	1668.482368	-420.000000	0.000000	46.000000	1715.510969	0.000000	0.000000	0.000000	0	4.341162	430.431623	226.107030	-355.046548	-255.270713	224.905643	-352.798387	-253.702504	44.908478	0.000000	-420.000000	0	2.992798	0.022838	0.122929	225.506336	-353.922467	-254.486609	180.597858	353.922467	165.513391	352.798387	166.297496	201.729287	0	0	1	0	0
ivr	1	65.500000	83	2	33	8.000000	45.000000	0.470933	2.463520	1715.610630	-420.000000	0.000000	47.000000	1762.323996	0.000000	0.000000	0.000000	0	4.310535	430.464094	225.689775	-355.150590	-255.039257	225.087974	-352.798061	-253.730677	44.908478	0.000000	-420.000000	0	2.758431	0.234367	0.032471	225.388874	-353.974326	-254.384967	180.480397	353.974326	165.615033	352.798061	166.269323	201.960743	0	0	1	0	0
ivr	1	65.500000	83	2	33	8.000000	45.000000	0.470933	2.463520	1762.424939	-420.000000	0.000000	48.000000	1809.618215	0.000000	0.000000	0.000000	0	4.239088	430.513704	225.906142	-355.146678	-254.932431	225.031034	-352.806457	-253.762962	44.908478	0.000000	-420.000000	0	2.758642	0.000211	0.049611	225.468588	-353.976568	-254.347696	180.560110	353.976568	165.652304	352.806457	166.237038	202.067569	0	0	1	0	0
ivr	1	65.500000	83	2	33	8.000000	45.000000	0.470933	2.463520	1809.788450	-420.000000	0.000000	49.000000	1856.516787	0.000000	0.000000	0.000000	0	4.337546	430.391426	225.569088	-355.087117	-254.856830	224.958416	-352.774304	-253.831793	44.908478	0.000000	-420.000000	0	2.602446	0.156196	0.122278	225.263752	-353.930710	-254.344312	180.355274	353.930710	165.655688	352.774304	166.168207	202.143170	0	0	1	0	0
ivr	1	65.500000	83	2	33	8.000000	45.000000	0.470933	2.463520	1856.620297	-420.000000	0.000000	50.000000	1903.866183	0.000000	0.000000	0.000000	0	4.809906	429.898807	225.354132	-354.813144	-255.085451	224.201030	-352.577778	-254.099728	44.908478	0.000000	-420.000000	0	2.701510	0.099064	0.492619	224.777581	-353.695461	-254.592590	179.869103	353.695461	165.407410	352.577778	165.900272	201.914549	0	0	1	0	0
ivr	1	65.500000	83	2	33	8.000000	45.000000	0.470933	2.463520	1903.965416	-420.000000	0.000000	51.000000	1951.211730	0.000000	0.000000	0.000000	0	6.796423	427.452087	223.969546	-352.917081	-256.405532	223.069993	-350.947635	-255.223283	44.908478	0.000000	-420.000000	0	2.466906	0.234604	2.446720	223.519769	-351.932358	-255.814407	178.611291	351.932358	164.185593	350.947635	164.776717	200.594468	0	0	1	0	0
ivr	1	65.500000	83	2	33	8.000000	45.000000	0.470933	2.463520	1951.311390	-420.000000	0.000000	52.000000	1998.350256	1987.112153	0.000000	0.000000	0	15.927237	417.096159	220.824671	-344.712678	-261.068131	217.304851	-341.210559	-256.341583	44.908478	0.000000	-420.000000	0	6.855232	4.388326	10.355928	219.064761	-342.961618	-258.704857	174.156283	342.961618	161.295143	341.210559	163.658417	195.931869	0	0	1	0	0
ivr	1	65.500000	83	2	33	8.000000	45.000000	0.470933	2.463520	1998.472586	-420.000000	0.000000	53.000000	2045.583311	1987.112153	0.000000	0.000000	0	34.749638	397.909741	214.851880	-328.418522	-270.437041	210.520130	-322.411183	-257.870566	44.908478	0.000000	-420.000000	0	14.586586	7.731353	19.186418	212.686005	-325.414853	-264.153803	167.777527	325.414853	155.846197	322.411183	162.129434	186.562959	0	0	1	0	0
ivr	1	65.500000	83	2	33	8.000000	45.000000	0.470933	2.463520	2045.685538	-420.000000	0.000000	54.000000	2092.526366	1987.112153	0.000000	0.000000	0	61.534790	371.403152	207.003261	-304.564017	-281.245629	201.698038	-296.581256	-260.931703	44.908478	0.000000	-420.000000	0	22.461644	7.875058	26.506589	204.350650	-300.572636	-271.088666	159.442172	300.572636	148.911334	296.581256	159.068297	175.754371	0	0	1	0	0
ivr	1	65.500000	83	2	33	8.000000	45.000000	0.470933	2.463520	2092.627310	-420.000000	0.000000	55.000000	2140.058830	1987.112153	0.000000	0.000000	0	94.598618	339.161959	198.933423	-273.664553	-294.242867	192.583412	-265.939333	-266.600965	44.908478	0.000000	-420.000000	0	29.395177	6.933533	32.241193	195.758418	-269.801943	-280.421916	150.849940	269.801943	139.578084	265.939333	153.399035	162.757133	0	0	1	0	0
ivr	1	65.500000	83	2	33	8.000000	45.000000	0.470933	2.463520	2140.162340	-420.000000	0.000000	56.000000	2186.843198	1987.112153	0.000000	0.000000	0	132.292699	302.702829	189.598875	-238.674995	-309.045656	182.363184	-231.475445	-274.305334	44.908478	0.000000	-420.000000	0	36.208821	6.813644	36.459130	185.981030	-235.075220	-291.675495	141.072552	235.075220	128.324505	231.475445	145.694666	147.954344	0	0	1	0	0
ivr	1	65.500000	83	2	33	8.000000	45.000000	0.470933	2.463520	2186.944570	-420.000000	0.000000	57.000000	2233.666918	1987.112153	0.000000	0.000000	0	172.756618	263.584069	177.367159	-202.686440	-325.548182	170.656323	-194.340242	-282.923314	44.908478	0.000000	-420.000000	0	43.949673	7.740852	39.118760	174.011741	-198.513341	-304.235748	129.103263	198.513341	115.764252	194.340242	137.076686	131.451818	0	0	1	0	0
ivr	1	65.500000	83	2	33	8.000000	45.000000	0.470933	2.463520	2233.766578	-420.000000	0.000000	58.000000	2280.488926	1987.112153	0.000000	0.000000	0	213.238199	224.463253	164.324553	-166.769844	-342.852939	158.310711	-158.524262	-293.396263	44.908478	0.000000	-420.000000	0	50.498700	6.549028	39.120816	161.317632	-162.647053	-318.124601	116.409154	162.647053	101.875399	158.524262	126.603737	114.147061	0	0	0	0	0
ivr	1	65.500000	83	2	33	8.000000	45.000000	0.470933	2.463520	2280.640769	-420.000000	0.000000	59.000000	2327.430699	1987.112153	0.000000	0.000000	0	252.399306	186.450549	151.587459	-132.964428	-361.091133	145.444057	-125.244141	-307.311403	44.908478	0.000000	-420.000000	0	54.677268	4.178567	38.012703	148.515758	-129.104285	-334.201268	103.607281	129.104285	85.798732	125.244141	112.688597	95.908867	0	0	0	0	0
ivr	1	65.500000	83	2	33	8.000000	45.000000	0.470933	2.463520	2327.535064	-420.000000	0.000000	60.000000	2374.483680	1987.112153	0.000000	0.000000	0	289.442200	150.495469	139.140423	-101.842613	-380.094301	132.787952	-95.183916	-323.481647	44.908478	0.000000	-420.000000	0	57.355773	2.678506	35.955081	135.964187	-98.513265	-351.787974	91.055710	98.513265	68.212026	95.183916	96.518353	76.905699	0	0	0	0	0
ivr	1	65.500000	83	2	33	8.000000	45.000000	0.470933	2.463520	2374.585479	-420.000000	0.000000	61.000000	2421.359582	1987.112153	0.000000	0.000000	0	323.870352	117.030836	125.930229	-74.288689	-398.709101	118.837748	-67.864975	-338.493122	44.908478	0.000000	-420.000000	0	60.971563	3.615790	33.464633	122.383989	-71.076832	-368.601112	77.475511	71.076832	51.398888	67.864975	81.506878	58.290899	0	0	0	0	0
ivr	1	65.500000	83	2	33	8.000000	45.000000	0.470933	2.463520	2421.459670	-420.000000	0.000000	62.000000	2468.886485	1987.112153	0.000000	0.000000	0	354.459289	87.445016	112.856464	-51.328132	-415.853131	104.713622	-43.666987	-351.748053	44.908478	0.000000	-420.000000	0	65.072729	4.101166	29.585820	108.785043	-47.497559	-383.800592	63.876565	47.497559	36.199408	43.666987	68.251947	41.146869	0	0	0	0	0
ivr	1	65.500000	83	2	33	8.000000	45.000000	0.470933	2.463520	2468.987429	-420.000000	0.000000	63.000000	2515.748700	1987.112153	0.000000	0.000000	0	379.921546	62.337174	99.560077	-33.614664	-430.188813	90.250690	-24.738395	-363.552661	44.908478	0.000000	-420.000000	0	67.866263	2.793534	25.107842	94.905383	-29.176530	-396.870737	49.996906	29.176530	23.129263	24.738395	56.447339	26.811187	0	0	0	0	0
ivr	1	65.500000	83	2	33	8.000000	45.000000	0.470933	2.463520	2515.853065	-420.000000	0.000000	64.000000	2562.789705	1987.112153	0.000000	0.000000	0	399.833522	42.406139	86.650388	-20.252049	-440.723439	77.353129	-10.995618	-372.573379	44.908478	0.000000	-420.000000	0	69.401377	1.535115	19.931035	82.001759	-15.623833	-406.648409	37.093281	15.623833	13.351591	10.995618	47.426621	16.276561	0	0	0	0	0
ivr	1	65.500000	83	2	33	8.000000	45.000000	0.470933	2.463520	2562.889793	-420.000000	0.000000	65.000000	2609.640799	1987.112153	0.000000	0.000000	0	415.325506	26.931994	74.440316	-10.318089	-446.203918	66.070662	0.103217	-378.726188	44.908478	0.000000	-420.000000	0	68.788799	0.612578	15.474145	70.255489	-5.107436	-412.465053	25.347011	5.107436	7.534947	0.103217	41.273812	10.796082	0	0	0	0	0
ivr	1	65.500000	83	2	33	8.000000	45.000000	0.470933	2.463520	2609.742598	-420.000000	0.000000	66.000000	2656.948706	1987.112153	0.000000	0.000000	0	426.052482	17.307175	65.147971	-2.983594	-446.856323	57.237563	7.988366	-382.542111	44.908478	0.000000	-420.000000	0	65.721201	3.067597	9.624819	61.192767	2.502386	-414.699217	16.284289	2.502386	5.300783	7.988366	37.457889	10.143677	0	0	0	0	0
ivr	1	65.500000	83	2	33	8.000000	45.000000	0.470933	2.463520	2657.049222	-420.000000	0.000000	67.000000	2703.840862	1987.112153	0.000000	0.000000	0	433.191310	13.689768	61.327152	1.471422	-448.084094	50.398029	13.662403	-385.541272	44.908478	0.000000	-420.000000	0	64.650370	1.070831	3.617407	55.862591	7.566912	-416.812683	10.954113	7.566912	3.187317	13.662403	34.458728	8.915906	0	0	0	0	0
ivr	1	65.500000	83	2	33	8.000000	45.000000	0.470933	2.463520	2703.940522	-420.000000	0.000000	68.000000	2750.993503	1987.112153	0.000000	0.000000	0	437.298039	15.937427	61.883051	3.332166	-448.753698	50.725619	18.948121	-391.610848	44.908478	0.000000	-420.000000	0	60.279778	4.370593	2.247659	56.304335	11.140143	-420.182273	11.395857	11.140143	0.182273	18.948121	28.389152	8.246302	0	1	0	0	0
ivr	1	65.500000	83	2	33	8.000000	45.000000	0.470933	2.463520	2751.183414	-420.000000	0.000000	69.000000	2798.023387	1987.112153	0.000000	0.000000	0	440.083356	18.428605	63.678812	6.106592	-451.431865	50.936710	19.249391	-398.596052	44.908478	0.000000	-420.000000	0	55.917059	4.362719	2.491178	57.307761	12.677991	-425.013959	12.399283	12.677991	5.013959	19.249391	21.403948	5.568135	0	1	0	0	0
ivr	1	65.500000	83	2	33	8.000000	45.000000	0.470933	2.463520	2798.130319	-420.000000	0.000000	70.000000	2845.219229	1987.112153	0.000000	0.000000	0	441.711146	20.923515	65.600760	5.972697	-457.024903	50.648233	18.750876	-403.981435	44.908478	0.000000	-420.000000	0	56.572692	0.655633	2.494911	58.124497	12.361787	-430.503169	13.216019	12.361787	10.503169	18.750876	16.018565	0.024903	0	1	0	0	0
ivr	1	65.500000	83	2	33	8.000000	45.000000	0.470933	2.463520	2845.318890	-420.000000	0.000000	71.000000	2892.311562	1987.112153	0.000000	0.000000	0	442.858464	21.725933	64.588917	4.362658	-461.032796	48.554769	17.498436	-408.395436	44.908478	0.000000	-420.000000	0	56.571497	0.001195	0.802417	56.571843	10.930547	-434.714116	11.663365	10.930547	14.714116	17.498436	11.604564	4.032796	0	1	0	0	0
ivr	1	65.500000	83	2	33	8.000000	45.000000	0.470933	2.463520	2892.410794	-420.000000	0.000000	72.000000	2938.596773	1987.112153	0.000000	0.000000	0	444.094497	21.128188	60.507921	3.129632	-462.119348	45.168379	15.693032	-412.228723	44.908478	0.000000	-420.000000	0	53.686265	2.885232	0.597745	52.838150	9.411332	-437.174035	7.929672	9.411332	17.174035	15.693032	7.771277	5.119348	0	1	0	0	0
ivr	1	65.500000	83	2	33	8.000000	45.000000	0.470933	2.463520	2938.696861	-420.000000	0.000000	73.000000	2985.778072	1987.112153	2973.804278	0.000000	0	444.904211	21.211875	57.527431	2.751138	-461.170280	43.317684	14.190289	-416.127738	44.908478	0.000000	-420.000000	0	48.596313	5.089952	0.083686	50.422558	8.470714	-438.649009	5.514080	8.470714	18.649009	14.190289	3.872262	4.170280	0	1	0	1	0
ivr	1	65.500000	83	2	33	8.000000	45.000000	0.470933	2.463520	2985.879443	-420.000000	0.000000	74.000000	3032.727971	1987.112153	2973.804278	0.000000	0	445.439672	23.012154	57.270477	3.166023	-461.430708	42.279533	11.772557	-420.999746	44.908478	0.000000	-420.000000	0	43.971167	4.625146	1.800280	49.775005	7.469290	-441.215227	4.866528	7.469290	21.215227	11.772557	0.999746	4.430708	0	1	0	1	0
ivr	1	65.500000	83	2	33	8.000000	45.000000	0.470933	2.463520	3032.827632	-420.000000	0.000000	75.000000	3079.906276	1987.112153	2973.804278	0.000000	0	446.368306	24.231354	56.823028	3.379552	-461.885807	41.801993	11.974935	-423.228402	44.908478	0.000000	-420.000000	0	42.354539	1.616628	1.219200	49.312511	7.677244	-442.557105	4.404033	7.677244	22.557105	11.974935	3.228402	4.885807	0	1	0	1	0
ivr	1	65.500000	83	2	33	8.000000	45.000000	0.470933	2.463520	3080.006792	-420.000000	0.000000	76.000000	3126.985777	1987.112153	2973.804278	0.000000	0	446.804393	24.290524	56.710072	3.775870	-461.042827	41.725029	12.681308	-423.846003	44.908478	0.000000	-420.000000	0	41.078731	1.275809	0.059170	49.217550	8.228589	-442.444415	4.309073	8.228589	22.444415	12.681308	3.846003	4.042827	0	1	0	1	0
ivr	1	65.500000	83	2	33	8.000000	45.000000	0.470933	2.463520	3127.087576	-420.000000	0.000000	77.000000	3173.984009	1987.112153	2973.804278	0.000000	0	446.832164	24.503815	56.847506	3.815439	-460.943615	42.149911	12.839444	-424.223651	44.908478	0.000000	-420.000000	0	40.568555	0.510175	0.213291	49.498709	8.327441	-442.583633	4.590231	8.327441	22.583633	12.839444	4.223651	3.943615	0	1	0	1	0
ivr	1	65.500000	83	2	33	8.000000	45.000000	0.470933	2.463520	3174.084525	-420.000000	0.000000	78.000000	3221.016887	1987.112153	2973.804278	0.000000	0	446.565630	24.444022	57.036495	3.651005	-460.880840	42.245810	12.486403	-424.285873	44.908478	0.000000	-420.000000	0	40.447747	0.120808	0.059794	49.641153	8.068704	-442.583357	4.732675	8.068704	22.583357	12.486403	4.285873	3.880840	0	1	0	1	0
ivr	1	65.500000	83	2	33	8.000000	45.000000	0.470933	2.463520	3221.116975	-420.000000	0.000000	79.000000	3268.017258	1987.112153	2973.804278	0.000000	0	446.394460	24.381084	57.198132	3.522265	-460.789450	42.202213	12.271662	-424.337700	44.908478	0.000000	-420.000000	0	40.375235	0.072512	0.062937	49.700173	7.896963	-442.563575	4.791695	7.896963	22.563575	12.271662	4.337700	3.789450	0	1	0	1	0
ivr	1	65.500000	83	2	33	8.000000	45.000000	0.470933	2.463520	3268.123762	-420.000000	0.000000	80.000000	3315.142525	1987.112153	2973.804278	0.000000	0	446.376799	24.343740	57.380040	3.461312	-460.750362	41.968473	12.293206	-424.320862	44.908478	0.000000	-420.000000	0	40.529337	0.154102	0.037344	49.674257	7.877259	-442.535612	4.765779	7.877259	22.535612	12.293206	4.320862	3.750362	0	1	0	1	0
ivr	1	65.500000	83	2	33	8.000000	45.000000	0.470933	2.463520	3315.251168	-420.000000	0.000000	81.000000	3362.216893	1987.112153	2973.804278	0.000000	0	446.571837	24.363799	57.036382	3.644965	-460.647586	41.979337	12.427096	-424.424027	44.908478	0.000000	-420.000000	0	40.199337	0.330001	0.020059	49.507859	8.036031	-442.535807	4.599381	8.036031	22.535807	12.427096	4.424027	3.647586	0	1	0	1	0
ivr	1	65.500000	83	2	33	8.000000	45.000000	0.470933	2.463520	3362.317836	-420.000000	0.000000	82.000000	3409.267308	1987.112153	2973.804278	0.000000	0	446.616388	24.397487	57.297040	3.785901	-460.593387	41.903963	12.511826	-424.431864	44.908478	0.000000	-420.000000	0	40.258469	0.059133	0.033688	49.600501	8.148863	-442.512626	4.692024	8.148863	22.512626	12.511826	4.431864	3.593387	0	1	0	1	0
ivr	1	65.500000	83	2	33	8.000000	45.000000	0.470933	2.463520	3409.368251	-420.000000	0.000000	83.000000	3456.386159	1987.112153	2973.804278	0.000000	0	446.659753	24.392588	57.209953	3.826666	-460.531581	41.886799	12.532892	-424.482236	44.908478	0.000000	-420.000000	0	40.126708	0.131761	0.004899	49.548376	8.179779	-442.506908	4.639898	8.179779	22.506908	12.532892	4.482236	3.531581	0	1	0	1	0
ivr	1	65.500000	83	2	33	8.000000	45.000000	0.470933	2.463520	3456.486675	-420.000000	0.000000	84.000000	3503.427164	1987.112153	2973.804278	0.000000	0	446.605608	24.479269	57.415841	3.824532	-460.552044	42.062941	12.531338	-424.570823	44.908478	0.000000	-420.000000	0	40.077030	0.049678	0.086681	49.739391	8.177935	-442.561433	4.830913	8.177935	22.561433	12.531338	4.570823	3.552044	0	1	0	1	0
ivr	1	65.500000	83	2	33	8.000000	45.000000	0.470933	2.463520	3503.534096	-420.000000	0.000000	85.000000	3550.260721	1987.112153	2973.804278	0.000000	0	446.642561	24.415661	57.365334	3.852849	-460.522605	41.873795	12.527422	-424.504137	44.908478	0.000000	-420.000000	0	40.156768	0.079738	0.063607	49.619564	8.190135	-442.513371	4.711087	8.190135	22.513371	12.527422	4.504137	3.522605	0	1	0	1	0
ivr	1	65.500000	83	2	33	8.000000	45.000000	0.470933	2.463520	3550.362520	-420.000000	0.000000	86.000000	3597.519011	1987.112153	2973.804278	0.000000	0	446.555260	24.416967	57.369693	3.784042	-460.520650	42.015599	12.436876	-424.535781	44.908478	0.000000	-420.000000	0	40.069072	0.087696	0.001306	49.692646	8.110459	-442.528215	4.784168	8.110459	22.528215	12.436876	4.535781	3.520650	0	1	0	1	0
ivr	1	65.500000	83	2	33	8.000000	45.000000	0.470933	2.463520	3597.625088	-420.000000	0.000000	87.000000	3644.536919	1987.112153	2973.804278	0.000000	0	446.410142	24.461838	57.598848	3.758056	-460.532020	42.260142	12.311726	-424.572811	44.908478	0.000000	-420.000000	0	40.018819	0.050253	0.044871	49.929495	8.034891	-442.552416	5.021017	8.034891	22.552416	12.311726	4.572811	3.532020	0	1	0	1	0
ivr	1	65.500000	83	2	33	8.000000	45.000000	0.470933	2.463520	3644.638718	-420.000000	0.000000	88.000000	3691.633101	1987.112153	2973.804278	0.000000	0	446.405822	24.405364	57.611796	3.820663	-460.475574	42.199537	12.280338	-424.506170	44.908478	0.000000	-420.000000	0	40.036256	0.017438	0.056474	49.905667	8.050501	-442.490872	4.997189	8.050501	22.490872	12.280338	4.506170	3.475574	0	1	0	1	0
ivr	1	65.500000	83	2	33	8.000000	45.000000	0.470933	2.463520	3691.734472	-420.000000	0.000000	89.000000	3738.689932	1987.112153	2973.804278	0.000000	0	446.307962	24.432320	57.944039	3.828837	-460.476606	42.269458	12.239049	-424.484354	44.908478	0.000000	-420.000000	0	40.148056	0.111799	0.026956	50.106749	8.033943	-442.480480	5.198271	8.033943	22.480480	12.239049	4.484354	3.476606	0	1	0	1	0
ivr	1	65.500000	83	2	33	8.000000	45.000000	0.470933	2.463520	3738.793869	-420.000000	0.000000	90.000000	3785.552574	1987.112153	2973.804278	0.000000	0	446.349019	24.377978	57.739727	3.849625	-460.420892	42.236585	12.241443	-424.467952	44.908478	0.000000	-420.000000	0	40.042277	0.105779	0.054341	49.988156	8.045534	-442.444422	5.079678	8.045534	22.444422	12.241443	4.467952	3.420892	0	1	0	1	0
ivr	1	65.500000	83	2	33	8.000000	45.000000	0.470933	2.463520	3785.655657	-420.000000	0.000000	91.000000	3832.642340	1987.112153	2973.804278	0.000000	0	446.339041	24.424179	57.738739	3.835592	-460.437905	42.338923	12.235862	-424.535290	44.908478	0.000000	-420.000000	0	39.958936	0.083341	0.046200	50.038831	8.035727	-442.486598	5.130353	8.035727	22.486598	12.235862	4.535290	3.437905	0	1	0	1	0
ivr	1	65.500000	83	2	33	8.000000	45.000000	0.470933	2.463520	3832.742856	-420.000000	0.000000	92.000000	3879.876678	1987.112153	2973.804278	0.000000	0	446.326539	24.411992	57.668076	3.806004	-460.447125	42.356150	12.204434	-424.533526	44.908478	0.000000	-420.000000	0	39.934637	0.024299	0.012186	50.012113	8.005219	-442.490325	5.103635	8.005219	22.490325	12.204434	4.533526	3.447125	0	1	0	1	0
ivr	1	65.500000	83	2	33	8.000000	45.000000	0.470933	2.463520	3879.977194	-420.000000	0.000000	93.000000	3926.808612	1987.112153	2973.804278	0.000000	0	446.346872	24.454568	57.781759	3.843561	-460.437015	42.367030	12.262232	-424.573653	44.908478	0.000000	-420.000000	0	39.933303	0.001334	0.042576	50.074395	8.052897	-442.505334	5.165917	8.052897	22.505334	12.262232	4.573653	3.437015	0	1	0	1	0
ivr	1	65.500000	83	2	33	8.000000	45.000000	0.470933	2.463520	3926.909984	-420.000000	0.000000	94.000000	3962.314671	1987.112153	2973.804278	3962.309966	0	446.280509	24.436885	  57.828353    3.821660 -460.427208	  42.439256   12.197135 -424.548647	44.908478	0.000000	-420.000000	0	39.927986	0.005317	0.017683	0
