subjName	sessionNR	IOD	trialN	textureType	texnum	visualAngle	simulatedDepth	light_intensity	ambient_intensity	time	displayDistance	isRotated	frameN	timTote	startTime	touchTime	endTime	fingersOccluded	distanceToHome	distanceToObject	indexXraw	indexYraw	indexZraw	thumbXraw	thumbYraw	thumbZraw	targetX	targetY	targetZ	failCause	gripAperture	gripApertureVel	distFromObjVel	gripOriginX	gripOriginY	gripOriginZ	distFromObjX	distFromObjY	distFromObjZ	y_dist_thm	z_dist_thm	z_dist_ind	handOnObj	handnearObj	handfarObj	handTouchObj	framesOccluded
ivr	1	65.500000	73	3	32	8.000000	25.000000	0.255452	3.293832	916.550860	-420.000000	0.000000	30.000000	963.783486	0.000000	0.000000	0.000000	0	11.054470	437.012044	228.455217	-353.538109	-240.977042	230.826311	-351.868317	-238.723345	44.908478	0.000000	-420.000000	0	3.672797	0.175895	0.960224	229.640764	-352.703213	-239.850194	184.732286	352.703213	180.149806	351.868317	181.276655	196.022958	0	0	1	0	0
ivr	1	65.500000	73	3	32	8.000000	25.000000	0.255452	3.293832	963.980668	-420.000000	0.000000	31.000000	1010.883090	0.000000	0.000000	0.000000	0	9.582627	435.970472	228.931344	-353.066361	-242.516768	230.177425	-351.435797	-240.298021	44.908478	0.000000	-420.000000	0	3.022299	0.650498	1.041572	229.554385	-352.251079	-241.407394	184.645907	352.251079	178.592606	351.435797	179.701979	194.483232	0	0	1	0	0
ivr	1	65.500000	73	3	32	8.000000	25.000000	0.255452	3.293832	1010.985744	-420.000000	0.000000	32.000000	1058.412559	0.000000	0.000000	0.000000	0	8.943906	431.562263	227.000226	-349.439213	-244.494401	228.947360	-347.790000	-242.229882	44.908478	0.000000	-420.000000	0	3.411639	0.389340	4.408210	227.973793	-348.614607	-243.362142	183.065315	348.614607	176.637858	347.790000	177.770118	192.505599	0	0	1	0	0
ivr	1	65.500000	73	3	32	8.000000	25.000000	0.255452	3.293832	1058.511792	-420.000000	0.000000	33.000000	1105.511735	1093.425449	0.000000	0.000000	0	20.570169	416.876988	222.521648	-335.017066	-247.231413	224.114178	-333.365053	-244.786794	44.908478	0.000000	-420.000000	0	3.352828	0.058811	14.685275	223.317913	-334.191059	-246.009103	178.409435	334.191059	173.990897	333.365053	175.213206	189.768587	0	0	1	0	0
ivr	1	65.500000	73	3	32	8.000000	25.000000	0.255452	3.293832	1105.618239	-420.000000	0.000000	34.000000	1164.314809	1093.425449	0.000000	0.000000	0	51.626167	385.902111	211.964332	-306.607837	-254.404085	211.557963	-302.670820	-249.289474	44.908478	0.000000	-420.000000	0	6.467184	3.114356	30.974876	211.761148	-304.639329	-251.846779	166.852670	304.639329	168.153221	302.670820	170.710526	182.595915	0	0	1	0	0
ivr	1	65.500000	73	3	32	8.000000	25.000000	0.255452	3.293832	1164.420458	-420.000000	0.000000	35.000000	1211.327156	1093.425449	0.000000	0.000000	0	84.659773	353.489953	196.777749	-277.382269	-262.778690	195.218966	-273.772008	-253.590437	44.908478	0.000000	-420.000000	0	9.994387	3.527203	32.412159	195.998358	-275.577138	-258.184563	151.089880	275.577138	161.815437	273.772008	166.409563	174.221310	0	0	1	0	0
ivr	1	65.500000	73	3	32	8.000000	25.000000	0.255452	3.293832	1211.428527	-420.000000	0.000000	36.000000	1258.509311	1093.425449	0.000000	0.000000	0	121.577316	317.780638	180.628376	-244.402249	-272.844282	177.897477	-242.067065	-258.803207	44.908478	0.000000	-420.000000	0	14.493539	4.499152	35.709315	179.262926	-243.234657	-265.823745	134.354449	243.234657	154.176255	242.067065	161.196793	164.155718	0	0	1	0	0
ivr	1	65.500000	73	3	32	8.000000	25.000000	0.255452	3.293832	1258.616243	-420.000000	0.000000	37.000000	1305.724401	1093.425449	0.000000	0.000000	0	160.781552	280.463924	164.027378	-209.249870	-283.281636	160.491984	-208.161769	-264.618459	44.908478	0.000000	-420.000000	0	19.026223	4.532684	37.316714	162.259681	-208.705820	-273.950047	117.351203	208.705820	146.049953	208.161769	155.381541	153.718364	0	0	1	0	0
ivr	1	65.500000	73	3	32	8.000000	25.000000	0.255452	3.293832	1305.824917	-420.000000	0.000000	38.000000	1352.277369	1093.425449	0.000000	0.000000	0	201.533237	241.691864	148.372881	-171.978800	-297.298390	144.225596	-172.933437	-271.454431	44.908478	0.000000	-420.000000	0	26.192013	7.165790	38.772060	146.299238	-172.456119	-284.376411	101.390761	172.456119	135.623589	172.933437	148.545569	139.701610	0	0	0	0	0
ivr	1	65.500000	73	3	32	8.000000	25.000000	0.255452	3.293832	1352.486100	-420.000000	0.000000	39.000000	1398.627167	1093.425449	0.000000	0.000000	0	240.627028	203.658280	136.991247	-136.295032	-315.989791	129.803833	-138.931576	-281.449209	44.908478	0.000000	-420.000000	0	35.378837	9.186824	38.033584	133.397540	-137.613304	-298.719500	88.489062	137.613304	121.280500	138.931576	138.550791	121.010209	0	0	0	0	0
ivr	1	65.500000	73	3	32	8.000000	25.000000	0.255452	3.293832	1398.731532	-420.000000	0.000000	40.000000	1445.612567	1093.425449	0.000000	0.000000	0	277.636985	166.196615	126.589886	-103.796943	-340.293719	116.225538	-108.359905	-294.605819	44.908478	0.000000	-420.000000	0	47.070421	11.691584	37.461665	121.407712	-106.078424	-317.449769	76.499234	106.078424	102.550231	108.359905	125.394181	96.706281	0	0	0	0	0
ivr	1	65.500000	73	3	32	8.000000	25.000000	0.255452	3.293832	1445.712228	-420.000000	0.000000	41.000000	1493.222022	1093.425449	0.000000	0.000000	0	311.717440	130.973481	118.404115	-76.155812	-367.239717	104.046321	-80.374289	-309.901761	44.908478	0.000000	-420.000000	0	59.258612	12.188191	35.223134	111.225218	-78.265051	-338.570739	66.316740	78.265051	81.429261	80.374289	110.098239	69.760283	0	0	0	0	0
ivr	1	65.500000	73	3	32	8.000000	25.000000	0.255452	3.293832	1493.322538	-420.000000	0.000000	42.000000	1540.360121	1093.425449	0.000000	0.000000	0	342.878072	99.453925	110.718882	-52.832924	-392.094557	92.929132	-54.295062	-324.899683	44.908478	0.000000	-420.000000	0	69.525277	10.266665	31.519556	101.824007	-53.563993	-358.497120	56.915529	53.563993	61.502880	54.295062	95.100317	44.905443	0	0	0	0	0
ivr	1	65.500000	73	3	32	8.000000	25.000000	0.255452	3.293832	1540.460636	-420.000000	0.000000	43.000000	1587.329695	1093.425449	0.000000	0.000000	0	369.960309	72.101970	100.159424	-34.278515	-412.207371	81.902300	-32.805036	-339.557282	44.908478	0.000000	-420.000000	0	74.923489	5.398212	27.351955	91.030862	-33.541775	-375.882326	46.122384	33.541775	44.117674	32.805036	80.442718	24.792629	0	0	0	0	0
ivr	1	65.500000	73	3	32	8.000000	25.000000	0.255452	3.293832	1587.430639	-420.000000	0.000000	44.000000	1634.327072	1093.425449	0.000000	0.000000	0	392.978408	49.045947	89.014664	-19.424774	-427.786672	70.723316	-15.516648	-352.949789	44.908478	0.000000	-420.000000	0	77.138875	2.215386	23.056023	79.868990	-17.470711	-390.368230	34.960512	17.470711	29.631770	15.516648	67.050211	9.213328	0	0	0	0	0
ivr	1	65.500000	73	3	32	8.000000	25.000000	0.255452	3.293832	1634.426732	-420.000000	0.000000	45.000000	1681.241042	1093.425449	0.000000	0.000000	0	411.413510	30.642930	78.443843	-8.502423	-440.166199	59.914638	-2.695042	-364.136551	44.908478	0.000000	-420.000000	0	78.470150	1.331276	18.403017	69.179240	-5.598733	-402.151375	24.270763	5.598733	17.848625	2.695042	55.863449	3.166199	0	0	0	0	0
ivr	1	65.500000	73	3	32	8.000000	25.000000	0.255452	3.293832	1681.341130	-420.000000	0.000000	46.000000	1728.235852	1093.425449	0.000000	0.000000	0	425.352122	17.074891	68.387375	-1.156795	-449.054356	49.966739	6.015384	-372.828462	44.908478	0.000000	-420.000000	0	78.747361	0.277210	13.568039	59.177057	2.429295	-410.941409	14.268579	2.429295	9.058591	6.015384	47.171538	12.054356	0	0	0	0	0
ivr	1	65.500000	73	3	32	8.000000	25.000000	0.255452	3.293832	1728.334657	-420.000000	0.000000	47.000000	1775.244778	1093.425449	0.000000	0.000000	0	435.197170	10.792958	59.831845	4.153447	-453.376122	42.581031	11.762709	-379.277412	44.908478	0.000000	-420.000000	0	76.459860	2.287501	6.281932	51.206438	7.958078	-416.326767	6.297960	7.958078	3.673233	11.762709	40.722588	16.376122	0	0	0	0	0
ivr	1	65.500000	73	3	32	8.000000	25.000000	0.255452	3.293832	1775.405175	-420.000000	0.000000	48.000000	1822.568510	1093.425449	0.000000	0.000000	0	442.026859	10.829316	51.413561	7.010221	-454.493849	35.922337	14.505723	-385.575746	44.908478	0.000000	-420.000000	0	71.034256	5.425604	0.036358	43.667949	10.757972	-420.034798	1.240529	10.757972	0.034798	14.505723	34.424254	17.493849	0	0	0	0	0
ivr	1	65.500000	73	3	32	8.000000	25.000000	0.255452	3.293832	1822.777241	-420.000000	0.000000	49.000000	1869.110357	1093.425449	0.000000	0.000000	0	446.352348	14.069464	44.011832	7.747890	-453.576034	30.182385	14.981268	-392.002019	44.908478	0.000000	-420.000000	0	63.521136	7.513120	3.240148	37.097109	11.364579	-422.789027	7.811369	11.364579	2.789027	14.981268	27.997981	16.576034	0	1	0	0	0
ivr	1	65.500000	73	3	32	8.000000	25.000000	0.255452	3.293832	1869.213867	-420.000000	0.000000	50.000000	1916.265138	1093.425449	0.000000	0.000000	0	449.367072	17.724683	38.655930	7.749938	-453.145524	26.159894	14.945233	-397.649393	44.908478	0.000000	-420.000000	0	57.338850	6.182286	3.655220	32.407912	11.347585	-425.397459	12.500566	11.347585	5.397459	14.945233	22.350607	16.145524	0	1	0	0	0
ivr	1	65.500000	73	3	32	8.000000	25.000000	0.255452	3.293832	1916.364798	-420.000000	0.000000	51.000000	1963.862616	1093.425449	0.000000	0.000000	0	451.361241	20.069560	36.743177	8.058468	-451.665301	24.454092	15.124949	-404.290626	44.908478	0.000000	-420.000000	0	49.450142	7.888708	2.344876	30.598635	11.591709	-427.977963	14.309843	11.591709	7.977963	15.124949	15.709374	14.665301	0	1	0	0	0
ivr	1	65.500000	73	3	32	8.000000	25.000000	0.255452	3.293832	1963.963559	-420.000000	0.000000	52.000000	2010.607633	1093.425449	0.000000	0.000000	0	451.734927	20.371126	36.819180	7.591311	-448.628106	26.268030	15.295714	-411.905667	44.908478	0.000000	-420.000000	0	38.977200	10.472942	0.301566	31.543605	11.443512	-430.266887	13.364873	11.443512	10.266887	15.295714	8.094333	11.628106	0	1	0	0	0
ivr	1	65.500000	73	3	32	8.000000	25.000000	0.255452	3.293832	2010.708149	-420.000000	0.000000	53.000000	2057.267106	1093.425449	0.000000	0.000000	0	451.957757	20.542837	37.609163	7.558489	-447.319541	28.453833	15.675540	-416.845762	44.908478	0.000000	-420.000000	0	32.838358	6.138842	0.171711	33.031498	11.617015	-432.082651	11.876980	11.617015	12.082651	15.675540	3.154238	10.319541	0	1	0	0	0
ivr	1	65.500000	73	3	32	8.000000	25.000000	0.255452	3.293832	2057.371471	-420.000000	0.000000	54.000000	2104.382107	1093.425449	2092.496853	0.000000	0	450.777118	20.169797	38.139609	6.931585	-446.600297	28.639589	12.400479	-420.284939	44.908478	0.000000	-420.000000	0	28.507143	4.331215	0.373040	33.389599	9.666032	-433.442618	11.518879	9.666032	13.442618	12.400479	0.284939	9.600297	0	1	0	1	0
ivr	1	65.500000	73	3	32	8.000000	25.000000	0.255452	3.293832	2104.481768	-420.000000	0.000000	55.000000	2151.285384	1093.425449	2092.496853	0.000000	0	450.839857	20.281350	38.264565	6.832222	-446.464969	28.441779	12.468658	-420.714221	44.908478	0.000000	-420.000000	0	28.131078	0.376065	0.111553	33.353172	9.650440	-433.589595	11.555306	9.650440	13.589595	12.468658	0.714221	9.464969	0	1	0	1	0
ivr	1	65.500000	73	3	32	8.000000	25.000000	0.255452	3.293832	2151.445782	-420.000000	0.000000	56.000000	2198.397392	1093.425449	2092.496853	0.000000	0	450.832840	20.173706	39.116611	6.832756	-446.502042	28.439021	12.844210	-420.795653	44.908478	0.000000	-420.000000	0	28.477481	0.346403	0.107644	33.777816	9.838483	-433.648848	11.130662	9.838483	13.648848	12.844210	0.795653	9.502042	0	1	0	1	0
ivr	1	65.500000	73	3	32	8.000000	25.000000	0.255452	3.293832	2198.497052	-420.000000	0.000000	57.000000	2245.540624	1093.425449	2092.496853	0.000000	0	450.841486	20.139101	39.213461	6.903165	-446.460878	28.701812	12.959486	-420.890995	44.908478	0.000000	-420.000000	0	28.301814	0.175667	0.034605	33.957637	9.931326	-433.675937	10.950841	9.931326	13.675937	12.959486	0.890995	9.460878	0	1	0	1	0
ivr	1	65.500000	73	3	32	8.000000	25.000000	0.255452	3.293832	2245.640284	-420.000000	0.000000	58.000000	2292.507632	1093.425449	2092.496853	0.000000	0	450.862137	20.139549	39.100900	6.950698	-446.309108	28.698787	12.968503	-420.909838	44.908478	0.000000	-420.000000	0	28.098769	0.203045	0.000448	33.899843	9.959601	-433.609473	11.008634	9.959601	13.609473	12.968503	0.909838	9.309108	0	1	0	1	0
ivr	1	65.500000	73	3	32	8.000000	25.000000	0.255452	3.293832	2292.607292	-420.000000	0.000000	59.000000	2339.811689	1093.425449	2092.496853	0.000000	0	450.856552	20.156355	38.975228	6.793954	-446.282721	28.954487	13.090222	-421.115870	44.908478	0.000000	-420.000000	0	27.810585	0.288184	0.016806	33.964858	9.942088	-433.699296	10.943620	9.942088	13.699296	13.090222	1.115870	9.282721	0	1	0	1	0
ivr	1	65.500000	73	3	32	8.000000	25.000000	0.255452	3.293832	2339.966526	-420.000000	0.000000	60.000000	2386.859110	1093.425449	2092.496853	0.000000	0	450.776695	20.100383	39.031856	6.695207	-446.298396	29.051549	13.039697	-421.165906	44.908478	0.000000	-420.000000	0	27.775910	0.034675	0.055972	34.041702	9.867452	-433.732151	10.866776	9.867452	13.732151	13.039697	1.165906	9.298396	0	1	0	1	0
ivr	1	65.500000	73	3	32	8.000000	25.000000	0.255452	3.293832	2386.963475	-420.000000	0.000000	61.000000	2433.756398	1093.425449	2092.496853	0.000000	0	450.696682	20.041743	38.825755	6.549968	-446.158335	29.099046	12.977370	-421.156541	44.908478	0.000000	-420.000000	0	27.586411	0.189499	0.058640	33.962400	9.763669	-433.657438	10.946077	9.763669	13.657438	12.977370	1.156541	9.158335	0	1	0	1	0
ivr	1	65.500000	73	3	32	8.000000	25.000000	0.255452	3.293832	2433.857342	-420.000000	0.000000	62.000000	2480.763185	1093.425449	2092.496853	0.000000	0	450.768023	20.120032	38.932771	6.480089	-446.200913	28.921817	13.128736	-421.229201	44.908478	0.000000	-420.000000	0	27.712995	0.126584	0.078289	33.927294	9.804412	-433.715057	10.981184	9.804412	13.715057	13.128736	1.229201	9.200913	0	1	0	1	0
ivr	1	65.500000	73	3	32	8.000000	25.000000	0.255452	3.293832	2480.863273	-420.000000	0.000000	63.000000	2527.904706	1093.425449	2092.496853	0.000000	0	450.754585	20.106440	38.949470	6.493848	-446.210763	29.125156	13.139573	-421.336935	44.908478	0.000000	-420.000000	0	27.557035	0.155961	0.013592	34.037313	9.816711	-433.773849	10.871165	9.816711	13.773849	13.139573	1.336935	9.210763	0	1	0	1	0
ivr	1	65.500000	73	3	32	8.000000	25.000000	0.255452	3.293832	2528.005222	-420.000000	0.000000	64.000000	2575.178394	1093.425449	2092.496853	0.000000	0	450.741117	20.097618	39.099400	6.483297	-446.252997	28.973121	13.117841	-421.290276	44.908478	0.000000	-420.000000	0	27.743398	0.186364	0.008823	34.036260	9.800569	-433.771637	10.872217	9.800569	13.771637	13.117841	1.290276	9.252997	0	1	0	1	0
ivr	1	65.500000	73	3	32	8.000000	25.000000	0.255452	3.293832	2575.282760	-420.000000	0.000000	65.000000	2622.237791	1093.425449	2092.496853	0.000000	0	450.689928	20.052426	39.396571	6.450944	-446.359901	28.985065	13.122130	-421.313571	44.908478	0.000000	-420.000000	0	27.932469	0.189071	0.045191	34.190818	9.786537	-433.836736	10.717660	9.786537	13.836736	13.122130	1.313571	9.359901	0	1	0	1	0
ivr	1	65.500000	73	3	32	8.000000	25.000000	0.255452	3.293832	2622.337452	-420.000000	0.000000	66.000000	2669.092307	1093.425449	2092.496853	0.000000	0	450.576201	19.965356	39.505357	6.353721	-446.400553	29.015475	13.009895	-421.275922	44.908478	0.000000	-420.000000	0	28.028367	0.095898	0.087070	34.260416	9.681808	-433.838237	10.648062	9.681808	13.838237	13.009895	1.275922	9.400553	0	1	0	1	0
ivr	1	65.500000	73	3	32	8.000000	25.000000	0.255452	3.293832	2669.192823	-420.000000	0.000000	67.000000	2716.233828	1093.425449	2092.496853	0.000000	0	450.444866	19.875847	39.681269	6.218156	-446.492202	29.058906	12.893482	-421.269492	44.908478	0.000000	-420.000000	0	28.170546	0.142179	0.089510	34.370087	9.555819	-433.880847	10.538391	9.555819	13.880847	12.893482	1.269492	9.492202	0	1	0	1	0
ivr	1	65.500000	73	3	32	8.000000	25.000000	0.255452	3.293832	2716.334344	-420.000000	0.000000	68.000000	2763.149081	1093.425449	2092.496853	0.000000	0	450.388149	19.829220	39.604117	6.186411	-446.447672	29.133668	12.812520	-421.256136	44.908478	0.000000	-420.000000	0	28.073994	0.096552	0.046627	34.368892	9.499465	-433.851904	10.539585	9.499465	13.851904	12.812520	1.256136	9.447672	0	1	0	1	0
ivr	1	65.500000	73	3	32	8.000000	25.000000	0.255452	3.293832	2763.249597	-420.000000	0.000000	69.000000	2810.053214	1093.425449	2092.496853	0.000000	0	450.266680	19.707868	39.735040	6.180414	-446.433113	29.386927	12.714135	-421.285358	44.908478	0.000000	-420.000000	0	27.967526	0.106468	0.121352	34.560984	9.447275	-433.859235	10.347494	9.447275	13.859235	12.714135	1.285358	9.433113	0	1	0	1	0
ivr	1	65.500000	73	3	32	8.000000	25.000000	0.255452	3.293832	2810.240986	-420.000000	0.000000	70.000000	2857.441105	1093.425449	2092.496853	0.000000	0	450.356912	19.806525	39.642582	6.141679	-446.435926	29.068059	12.782871	-421.233166	44.908478	0.000000	-420.000000	0	28.126590	0.159064	0.098658	34.355321	9.462275	-433.834546	10.553157	9.462275	13.834546	12.782871	1.233166	9.435926	0	1	0	1	0
ivr	1	65.500000	73	3	32	8.000000	25.000000	0.255452	3.293832	2857.544187	-420.000000	0.000000	71.000000	2904.569366	1093.425449	2092.496853	0.000000	0	450.430516	19.866254	39.484318	6.191145	-446.390188	29.234179	12.882298	-421.353840	44.908478	0.000000	-420.000000	0	27.868542	0.258048	0.059729	34.359249	9.536721	-433.872014	10.549229	9.536721	13.872014	12.882298	1.353840	9.390188	0	1	0	1	0
ivr	1	65.500000	73	3	32	8.000000	25.000000	0.255452	3.293832	2904.670310	-420.000000	0.000000	72.000000	2951.686935	1093.425449	2092.496853	0.000000	0	450.437525	19.873756	39.331777	6.176316	-446.338784	29.252136	12.876913	-421.337868	44.908478	0.000000	-420.000000	0	27.776662	0.091880	0.007502	34.291957	9.526614	-433.838326	10.616521	9.526614	13.838326	12.876913	1.337868	9.338784	0	1	0	1	0
ivr	1	65.500000	73	3	32	8.000000	25.000000	0.255452	3.293832	2951.786595	-420.000000	0.000000	73.000000	2998.401584	1093.425449	2092.496853	0.000000	0	450.260188	19.722932	39.663982	6.079643	-446.434023	29.473742	12.761294	-421.375411	44.908478	0.000000	-420.000000	0	27.864306	0.087644	0.150824	34.568862	9.420468	-433.904717	10.339616	9.420468	13.904717	12.761294	1.375411	9.434023	0	1	0	1	0
ivr	1	65.500000	73	3	32	8.000000	25.000000	0.255452	3.293832	2998.501672	-420.000000	0.000000	74.000000	3045.748413	1093.425449	2092.496853	0.000000	0	450.287959	19.758461	39.539151	6.019301	-446.397298	29.386563	12.799244	-421.369687	44.908478	0.000000	-420.000000	0	27.846435	0.017870	0.035529	34.462857	9.409273	-433.883493	10.445620	9.409273	13.883493	12.799244	1.369687	9.397298	0	1	0	1	0
ivr	1	65.500000	73	3	32	8.000000	25.000000	0.255452	3.293832	3045.849785	-420.000000	0.000000	75.000000	3092.942545	1093.425449	2092.496853	0.000000	0	450.317293	19.765417	39.474633	6.052182	-446.374677	29.454110	12.862553	-421.348998	44.908478	0.000000	-420.000000	0	27.804256	0.042179	0.006957	34.464371	9.457368	-433.861838	10.444107	9.457368	13.861838	12.862553	1.348998	9.374677	0	1	0	1	0
ivr	1	65.500000	73	3	32	8.000000	25.000000	0.255452	3.293832	3093.043488	-420.000000	0.000000	76.000000	3139.914686	1093.425449	2092.496853	0.000000	0	450.295985	19.734367	39.353500	6.061096	-446.311157	29.631906	12.854288	-421.366193	44.908478	0.000000	-420.000000	0	27.620790	0.183466	0.031050	34.492703	9.457692	-433.838675	10.415775	9.457692	13.838675	12.854288	1.366193	9.311157	0	1	0	1	0
ivr	1	65.500000	73	3	32	8.000000	25.000000	0.255452	3.293832	3140.014774	-420.000000	0.000000	77.000000	3187.104540	1093.425449	2092.496853	0.000000	0	450.256984	19.709029	39.039667	5.993189	-446.247942	30.024428	12.848624	-421.466462	44.908478	0.000000	-420.000000	0	27.246895	0.373895	0.025337	34.532047	9.420906	-433.857202	10.376431	9.420906	13.857202	12.848624	1.466462	9.247942	0	1	0	1	0
ivr	1	65.500000	73	3	32	8.000000	25.000000	0.255452	3.293832	3187.208905	-420.000000	0.000000	78.000000	3234.074969	1093.425449	2092.496853	0.000000	0	450.312180	19.752893	39.223796	5.990519	-446.316327	29.763764	12.945982	-421.401040	44.908478	0.000000	-420.000000	0	27.543460	0.296565	0.043864	34.493780	9.468251	-433.858683	10.414698	9.468251	13.858683	12.945982	1.401040	9.316327	0	1	0	1	0
ivr	1	65.500000	73	3	32	8.000000	25.000000	0.255452	3.293832	3234.184895	-420.000000	0.000000	79.000000	3281.100576	1093.425449	2092.496853	0.000000	0	450.274144	19.716708	39.324580	6.005289	-446.349059	29.987221	12.943587	-421.498258	44.908478	0.000000	-420.000000	0	27.438815	0.104645	0.036185	34.655900	9.474438	-433.923658	10.252578	9.474438	13.923658	12.943587	1.498258	9.349059	0	1	0	1	0
ivr	1	65.500000	73	3	32	8.000000	25.000000	0.255452	3.293832	3281.258408	-420.000000	0.000000	80.000000	3327.713426	1093.425449	2092.496853	0.000000	0	450.343186	19.780564	39.197661	6.030876	-446.302144	29.850992	12.976565	-421.491338	44.908478	0.000000	-420.000000	0	27.407643	0.031172	0.063856	34.524326	9.503720	-433.896741	10.384152	9.503720	13.896741	12.976565	1.491338	9.302144	0	1	0	1	0
ivr	1	65.500000	73	3	32	8.000000	25.000000	0.255452	3.293832	3327.818219	-420.000000	0.000000	81.000000	3375.030315	1093.425449	2092.496853	0.000000	0	450.322254	19.777167	39.082536	5.999104	-446.291469	30.012716	12.947671	-421.568467	44.908478	0.000000	-420.000000	0	27.235474	0.172169	0.003397	34.547626	9.473388	-433.929968	10.360852	9.473388	13.929968	12.947671	1.568467	9.291469	0	1	0	1	0
ivr	1	65.500000	73	3	32	8.000000	25.000000	0.255452	3.293832	3375.134681	-420.000000	0.000000	82.000000	3422.283045	1093.425449	2092.496853	0.000000	0	450.338379	19.806900	39.063506	5.933215	-446.321205	29.841444	12.964843	-421.514106	44.908478	0.000000	-420.000000	0	27.383980	0.148506	0.029733	34.452475	9.449029	-433.917655	10.456003	9.449029	13.917655	12.964843	1.514106	9.321205	0	1	0	1	0
ivr	1	65.500000	73	3	32	8.000000	25.000000	0.255452	3.293832	3422.383989	-420.000000	0.000000	83.000000	3469.217118	1093.425449	2092.496853	0.000000	0	450.261097	19.733735	39.247124	5.937420	-446.369726	30.128072	12.940900	-421.619997	44.908478	0.000000	-420.000000	0	27.290198	0.093782	0.073165	34.687598	9.439160	-433.994862	10.220880	9.439160	13.994862	12.940900	1.619997	9.369726	0	1	0	1	0
ivr	1	65.500000	73	3	32	8.000000	25.000000	0.255452	3.293832	3469.318489	-420.000000	0.000000	84.000000	3504.610685	1093.425449	2092.496853	3504.605552	0	450.211469	19.694198	  39.296997    5.910691 -446.381695	  30.130769   12.879406 -421.594347	44.908478	0.000000	-420.000000	0	27.331215	0.041017	0.039537	0
