subjName	sessionNR	IOD	trialN	textureType	texnum	visualAngle	simulatedDepth	light_intensity	ambient_intensity	time	displayDistance	isRotated	frameN	timTote	startTime	touchTime	endTime	fingersOccluded	distanceToHome	distanceToObject	indexXraw	indexYraw	indexZraw	thumbXraw	thumbYraw	thumbZraw	targetX	targetY	targetZ	failCause	gripAperture	gripApertureVel	distFromObjVel	gripOriginX	gripOriginY	gripOriginZ	distFromObjX	distFromObjY	distFromObjZ	y_dist_thm	z_dist_thm	z_dist_ind	handOnObj	handnearObj	handfarObj	handTouchObj	framesOccluded
ivr	1	65.500000	72	3	14	8.000000	55.000000	0.271026	3.247844	932.061102	-420.000000	0.000000	30.000000	979.774494	0.000000	0.000000	0.000000	0	7.751859	437.178052	231.770873	-355.234555	-244.763433	231.593626	-352.724235	-243.448020	44.908478	0.000000	-420.000000	3	2.839619	0.009671	0.027819	231.682250	-353.979395	-244.105727	186.773772	353.979395	175.894273	352.724235	176.551980	222.236567	0	0	1	0	0
ivr	1	65.500000	72	3	14	8.000000	55.000000	0.271026	3.247844	979.972959	-420.000000	0.000000	31.000000	1026.516090	0.000000	0.000000	0.000000	0	7.787283	437.198595	231.761984	-355.234549	-244.764579	231.694569	-352.713672	-243.421245	44.908478	0.000000	-420.000000	3	2.857256	0.017637	0.020543	231.728276	-353.974111	-244.092912	186.819799	353.974111	175.907088	352.713672	176.578755	222.235421	0	0	1	0	0
ivr	1	65.500000	72	3	14	8.000000	55.000000	0.271026	3.247844	1026.619600	-420.000000	0.000000	32.000000	1073.516888	0.000000	0.000000	0.000000	0	7.925379	437.273526	232.018511	-355.207607	-244.766236	231.915872	-352.664435	-243.401603	44.908478	0.000000	-420.000000	3	2.887989	0.030733	0.074931	231.967191	-353.936021	-244.083920	187.058714	353.936021	175.916080	352.664435	176.598397	222.233764	0	0	1	0	0
ivr	1	65.500000	72	3	14	8.000000	55.000000	0.271026	3.247844	1073.617404	-420.000000	0.000000	33.000000	1120.333764	0.000000	0.000000	0.000000	0	7.747304	437.190119	231.807139	-355.238151	-244.793701	231.614997	-352.744054	-243.466102	44.908478	0.000000	-420.000000	3	2.831953	0.056036	0.083407	231.711068	-353.991103	-244.129902	186.802590	353.991103	175.870098	352.744054	176.533898	222.206299	0	0	1	0	0
ivr	1	65.500000	72	3	14	8.000000	55.000000	0.271026	3.247844	1120.438129	-420.000000	0.000000	34.000000	1167.587777	0.000000	0.000000	0.000000	0	7.774136	437.218471	231.965295	-355.229064	-244.765473	231.534308	-352.775736	-243.481139	44.908478	0.000000	-420.000000	3	2.802513	0.029440	0.028352	231.749801	-354.002400	-244.123306	186.841324	354.002400	175.876694	352.775736	176.518861	222.234527	0	0	1	0	0
ivr	1	65.500000	72	3	14	8.000000	55.000000	0.271026	3.247844	1167.687865	-420.000000	0.000000	35.000000	1214.612101	0.000000	0.000000	0.000000	0	7.774360	437.216147	231.956196	-355.230032	-244.760217	231.550221	-352.767237	-243.490027	44.908478	0.000000	-420.000000	3	2.800635	0.001878	0.002323	231.753209	-353.998634	-244.125122	186.844731	353.998634	175.874878	352.767237	176.509973	222.239783	0	0	1	0	0
ivr	1	65.500000	72	3	14	8.000000	55.000000	0.271026	3.247844	1214.715183	-420.000000	0.000000	36.000000	1262.103075	0.000000	0.000000	0.000000	0	7.742028	437.191332	231.679416	-355.246212	-244.775156	231.665887	-352.761804	-243.448966	44.908478	0.000000	-420.000000	3	2.816246	0.015611	0.024815	231.672652	-354.004008	-244.112061	186.764174	354.004008	175.887939	352.761804	176.551034	222.224844	0	0	1	0	0
ivr	1	65.500000	72	3	14	8.000000	55.000000	0.271026	3.247844	1262.204874	-420.000000	0.000000	37.000000	1309.447766	0.000000	0.000000	0.000000	0	7.797320	437.251213	231.937461	-355.248019	-244.797028	231.638454	-352.795209	-243.445212	44.908478	0.000000	-420.000000	3	2.816574	0.000328	0.059881	231.787957	-354.021614	-244.121120	186.879480	354.021614	175.878880	352.795209	176.554788	222.202972	0	0	1	0	0
ivr	1	65.500000	72	3	14	8.000000	55.000000	0.271026	3.247844	1309.548709	-420.000000	0.000000	38.000000	1356.231279	0.000000	0.000000	0.000000	0	7.624944	437.092838	231.685399	-355.201421	-244.838038	231.461334	-352.742446	-243.535802	44.908478	0.000000	-420.000000	3	2.791520	0.025055	0.158375	231.573366	-353.971933	-244.186920	186.664888	353.971933	175.813080	352.742446	176.464198	222.161962	0	0	1	0	0
ivr	1	65.500000	72	3	14	8.000000	55.000000	0.271026	3.247844	1356.437871	-420.000000	0.000000	39.000000	1403.512667	0.000000	0.000000	0.000000	0	7.335350	436.545096	232.053955	-354.709293	-245.500668	231.739127	-352.115824	-244.033079	44.908478	0.000000	-420.000000	3	2.996500	0.204981	0.547742	231.896541	-353.412559	-244.766873	186.988063	353.412559	175.233127	352.115824	175.966921	221.499332	0	0	1	0	0
ivr	1	65.500000	72	3	14	8.000000	55.000000	0.271026	3.247844	1403.617032	-420.000000	0.000000	40.000000	1450.860780	0.000000	0.000000	0.000000	0	6.507233	431.743762	231.790044	-351.438647	-248.269733	229.224075	-347.186379	-245.686278	44.908478	0.000000	-420.000000	3	5.598233	2.601733	4.801335	230.507060	-349.312513	-246.978006	185.598582	349.312513	173.021994	347.186379	174.313722	218.730267	0	0	1	0	0
ivr	1	65.500000	72	3	14	8.000000	55.000000	0.271026	3.247844	1450.961723	-420.000000	0.000000	41.000000	1498.266636	1486.907486	0.000000	0.000000	0	18.478856	416.597557	228.924453	-337.839254	-256.440796	223.009443	-332.984937	-247.285021	44.908478	0.000000	-420.000000	3	11.932307	6.334074	15.146204	225.966948	-335.412095	-251.862909	181.058470	335.412095	168.137091	332.984937	172.714979	210.559204	0	0	1	0	0
ivr	1	65.500000	72	3	14	8.000000	55.000000	0.271026	3.247844	1498.377417	-420.000000	0.000000	42.000000	1556.784843	1486.907486	0.000000	0.000000	0	48.629895	386.097301	220.240908	-311.041687	-271.317029	210.683886	-304.756814	-251.315435	44.908478	0.000000	-420.000000	3	23.041269	11.108961	30.500256	215.462397	-307.899251	-261.316232	170.553919	307.899251	158.683768	304.756814	168.684565	195.682971	0	0	1	0	0
ivr	1	65.500000	72	3	14	8.000000	55.000000	0.271026	3.247844	1556.889637	-420.000000	0.000000	43.000000	1604.208236	1486.907486	0.000000	0.000000	0	80.348133	354.442021	208.777860	-284.877790	-285.124465	198.389333	-275.024637	-257.697668	44.908478	0.000000	-420.000000	3	30.939220	7.897951	31.655280	203.583597	-279.951213	-271.411067	158.675119	279.951213	148.588933	275.024637	162.302332	181.875535	0	0	1	0	0
ivr	1	65.500000	72	3	14	8.000000	55.000000	0.271026	3.247844	1604.313885	-420.000000	0.000000	44.000000	1651.062752	1486.907486	0.000000	0.000000	0	118.361354	316.320482	193.815915	-253.328373	-303.212298	182.321344	-241.745215	-266.311428	44.908478	0.000000	-420.000000	3	40.348097	9.408877	38.121539	188.068629	-247.536794	-284.761863	143.160152	247.536794	135.238137	241.745215	153.688572	163.787702	0	0	1	0	0
ivr	1	65.500000	72	3	14	8.000000	55.000000	0.271026	3.247844	1651.163696	-420.000000	0.000000	45.000000	1698.333019	1486.907486	0.000000	0.000000	0	160.742649	273.949110	176.055515	-217.248652	-322.794665	163.758291	-206.535217	-276.163290	44.908478	0.000000	-420.000000	3	49.401260	9.053163	42.371371	169.906903	-211.891935	-299.478978	124.998425	211.891935	120.521022	206.535217	143.836710	144.205335	0	0	1	0	0
ivr	1	65.500000	72	3	14	8.000000	55.000000	0.271026	3.247844	1698.433963	-420.000000	0.000000	46.000000	1745.185824	1486.907486	0.000000	0.000000	0	205.827705	228.908996	156.972789	-179.020975	-344.421443	145.136117	-169.713092	-288.421629	44.908478	0.000000	-420.000000	3	57.988987	8.587727	45.040114	151.054453	-174.367034	-316.421536	106.145975	174.367034	103.578464	169.713092	131.578371	122.578557	0	0	0	0	0
ivr	1	65.500000	72	3	14	8.000000	55.000000	0.271026	3.247844	1745.291473	-420.000000	0.000000	47.000000	1791.363248	1486.907486	0.000000	0.000000	0	251.122543	183.760950	140.132399	-140.784659	-367.103737	128.003685	-132.695534	-304.126540	44.908478	0.000000	-420.000000	3	64.642610	6.653623	45.148047	134.068042	-136.740096	-335.615139	89.159564	136.740096	84.384861	132.695534	115.873460	99.896263	0	0	0	0	0
ivr	1	65.500000	72	3	14	8.000000	55.000000	0.271026	3.247844	1791.520224	-420.000000	0.000000	48.000000	1838.579193	1486.907486	0.000000	0.000000	0	293.520842	141.492982	126.483220	-106.342261	-391.061175	112.800197	-98.756975	-323.738440	44.908478	0.000000	-420.000000	3	69.116657	4.474047	42.267968	119.641708	-102.549618	-357.399807	74.733231	102.549618	62.600193	98.756975	96.261560	75.938825	0	0	0	0	0
ivr	1	65.500000	72	3	14	8.000000	55.000000	0.271026	3.247844	1838.733175	-420.000000	0.000000	49.000000	1885.930728	1486.907486	0.000000	0.000000	0	331.588385	103.555177	112.266404	-77.686740	-414.428880	97.813516	-69.497712	-343.301712	44.908478	0.000000	-420.000000	3	73.041222	3.924565	37.937805	105.039960	-73.592226	-378.865296	60.131482	73.592226	41.134704	69.497712	76.698288	52.571120	0	0	0	0	0
ivr	1	65.500000	72	3	14	8.000000	55.000000	0.271026	3.247844	1886.036376	-420.000000	0.000000	50.000000	1933.154800	1486.907486	0.000000	0.000000	0	364.535840	71.054051	98.689043	-54.263244	-435.195593	82.520557	-45.180713	-360.611689	44.908478	0.000000	-420.000000	3	76.854871	3.813648	32.501127	90.604800	-49.721979	-397.903641	45.696322	49.721979	22.096359	45.180713	59.388311	31.804407	0	0	0	0	0
ivr	1	65.500000	72	3	14	8.000000	55.000000	0.271026	3.247844	1933.253605	-420.000000	0.000000	51.000000	1980.009744	1486.907486	0.000000	0.000000	0	391.133925	45.702042	86.284128	-36.323936	-451.407301	68.532402	-26.694968	-376.007791	44.908478	0.000000	-420.000000	3	78.057203	1.202332	25.352008	77.408265	-31.509452	-413.707546	32.499787	31.509452	6.292454	26.694968	43.992209	15.592699	0	0	0	0	0
ivr	1	65.500000	72	3	14	8.000000	55.000000	0.271026	3.247844	1980.110687	-420.000000	0.000000	52.000000	2026.932696	1486.907486	0.000000	0.000000	0	411.558451	27.355237	73.955557	-23.329376	-461.848847	56.948668	-11.853286	-386.351912	44.908478	0.000000	-420.000000	3	78.235045	0.177842	18.346806	65.452113	-17.591331	-424.100380	20.543635	17.591331	4.100380	11.853286	33.648088	5.151153	0	0	0	0	0
ivr	1	65.500000	72	3	14	8.000000	55.000000	0.271026	3.247844	2027.033212	-420.000000	0.000000	53.000000	2073.951887	1486.907486	0.000000	0.000000	0	425.985603	16.813030	64.102146	-13.432197	-467.025085	47.645327	-1.966471	-393.288589	44.908478	0.000000	-420.000000	3	76.415710	1.819335	10.542207	55.873737	-7.699334	-430.156837	10.965259	7.699334	10.156837	1.966471	26.711411	0.025085	0	1	0	0	0
ivr	1	65.500000	72	3	14	8.000000	55.000000	0.271026	3.247844	2074.052830	-420.000000	0.000000	54.000000	2120.965517	1486.907486	0.000000	0.000000	0	435.058574	14.615779	57.000007	-7.866372	-468.857085	40.784780	3.930860	-398.990884	44.908478	0.000000	-420.000000	3	72.686962	3.728748	2.197251	48.892394	-1.967756	-433.923985	3.983916	1.967756	13.923985	3.930860	21.009116	1.857085	0	1	0	0	0
ivr	1	65.500000	72	3	14	8.000000	55.000000	0.271026	3.247844	2121.065177	-420.000000	0.000000	55.000000	2168.120297	1486.907486	2156.379615	0.000000	0	440.169683	19.307694	56.179134	-5.010761	-470.806458	38.075280	6.428138	-407.526925	44.908478	0.000000	-420.000000	3	66.804919	5.882043	4.691915	47.127207	0.708688	-439.166691	2.218729	0.708688	19.166691	6.428138	12.473075	3.806458	0	1	0	1	0
ivr	1	65.500000	72	3	14	8.000000	55.000000	0.271026	3.247844	2168.220386	-420.000000	0.000000	56.000000	2215.427776	1486.907486	2156.379615	0.000000	0	441.973771	24.581173	56.509578	-4.523979	-471.498634	38.869765	5.336851	-417.341261	44.908478	0.000000	-420.000000	3	57.805018	8.999901	5.273479	47.689671	0.406436	-444.419947	2.781194	0.406436	24.419947	5.336851	2.658739	4.498634	1	1	0	1	0
ivr	1	65.500000	72	3	14	8.000000	55.000000	0.271026	3.247844	2215.527864	-420.000000	0.000000	57.000000	2262.056880	1486.907486	2156.379615	0.000000	0	443.238651	27.345706	56.761635	-4.612879	-471.959193	39.601842	6.089640	-422.318914	44.908478	0.000000	-420.000000	3	53.601862	4.203156	2.764534	48.181738	0.738381	-447.139053	3.273261	0.738381	27.139053	6.089640	2.318914	4.959193	1	1	0	1	0
ivr	1	65.500000	72	3	14	8.000000	55.000000	0.271026	3.247844	2262.161245	-420.000000	0.000000	58.000000	2309.082914	1486.907486	2156.379615	0.000000	0	444.364038	28.057412	56.640413	-3.816505	-471.731570	39.448464	7.201853	-423.928792	44.908478	0.000000	-420.000000	3	51.981467	1.620395	0.711706	48.044439	1.692674	-447.830181	3.135961	1.692674	27.830181	7.201853	3.928792	4.731570	1	1	0	1	0
ivr	1	65.500000	72	3	14	8.000000	55.000000	0.271026	3.247844	2309.182147	-420.000000	0.000000	59.000000	2355.772328	1486.907486	2156.379615	0.000000	0	444.523184	28.463130	57.304763	-3.282836	-471.242430	39.985945	7.322796	-425.046297	44.908478	0.000000	-420.000000	3	50.462893	1.518574	0.405718	48.645354	2.019980	-448.144364	3.736876	2.019980	28.144364	7.322796	5.046297	4.242430	1	1	0	1	0
ivr	1	65.500000	72	3	14	8.000000	55.000000	0.271026	3.247844	2355.931870	-420.000000	0.000000	60.000000	2402.923686	1486.907486	2156.379615	0.000000	0	444.610519	28.528635	57.349903	-3.191250	-471.137532	39.911479	7.364371	-425.277871	44.908478	0.000000	-420.000000	3	50.185937	0.276956	0.065505	48.630691	2.086561	-448.207701	3.722213	2.086561	28.207701	7.364371	5.277871	4.137532	1	1	0	1	0
ivr	1	65.500000	72	3	14	8.000000	55.000000	0.271026	3.247844	2403.028479	-420.000000	0.000000	61.000000	2449.918497	1486.907486	2156.379615	0.000000	0	444.611139	28.586306	57.237181	-3.349815	-471.226467	39.844416	7.349346	-425.341512	44.908478	0.000000	-420.000000	3	50.223594	0.037656	0.057670	48.540798	1.999765	-448.283989	3.632320	1.999765	28.283989	7.349346	5.341512	4.226467	1	1	0	1	0
ivr	1	65.500000	72	3	14	8.000000	55.000000	0.271026	3.247844	2450.019012	-420.000000	0.000000	62.000000	2496.997997	1486.907486	2156.379615	0.000000	0	444.241111	28.425194	57.390521	-3.529204	-471.131835	39.860573	6.858122	-425.131995	44.908478	0.000000	-420.000000	3	50.310843	0.087249	0.161111	48.625547	1.664459	-448.131915	3.717069	1.664459	28.131915	6.858122	5.131995	4.131835	1	1	0	1	0
ivr	1	65.500000	72	3	14	8.000000	55.000000	0.271026	3.247844	2497.098941	-420.000000	0.000000	63.000000	2543.965005	1486.907486	2156.379615	0.000000	0	444.044251	28.371800	57.695175	-3.918761	-471.246857	39.415004	6.718223	-424.956416	44.908478	0.000000	-420.000000	3	50.893173	0.582330	0.053395	48.555089	1.399731	-448.101637	3.646612	1.399731	28.101637	6.718223	4.956416	4.246857	1	1	0	1	0
ivr	1	65.500000	72	3	14	8.000000	55.000000	0.271026	3.247844	2544.069798	-420.000000	0.000000	64.000000	2591.225434	1486.907486	2156.379615	0.000000	0	444.024441	28.468840	57.518857	-4.129032	-471.275033	39.580400	6.759166	-425.133742	44.908478	0.000000	-420.000000	3	50.688854	0.204319	0.097041	48.549629	1.315067	-448.204388	3.641151	1.315067	28.204388	6.759166	5.133742	4.275033	1	1	0	1	0
ivr	1	65.500000	72	3	14	8.000000	55.000000	0.271026	3.247844	2591.326378	-420.000000	0.000000	65.000000	2638.215967	1486.907486	2156.379615	0.000000	0	443.822794	28.551113	57.366797	-4.283403	-471.264771	40.070863	6.502308	-425.283134	44.908478	0.000000	-420.000000	3	50.297036	0.391818	0.082273	48.718830	1.109453	-448.273952	3.810352	1.109453	28.273952	6.502308	5.283134	4.264771	1	1	0	1	0
ivr	1	65.500000	72	3	14	8.000000	55.000000	0.271026	3.247844	2638.316055	-420.000000	0.000000	66.000000	2685.277931	1486.907486	2156.379615	0.000000	0	443.468050	28.535211	57.514249	-4.500140	-471.221719	40.470603	6.157118	-425.236876	44.908478	0.000000	-420.000000	3	50.186340	0.110695	0.015902	48.992426	0.828489	-448.229297	4.083948	0.828489	28.229297	6.157118	5.236876	4.221719	1	1	0	1	0
ivr	1	65.500000	72	3	14	8.000000	55.000000	0.271026	3.247844	2685.378447	-420.000000	0.000000	67.000000	2732.244939	1486.907486	2156.379615	0.000000	0	443.388259	28.661509	57.724195	-4.575501	-471.263882	40.695450	6.143837	-425.388236	44.908478	0.000000	-420.000000	3	50.094484	0.091857	0.126298	49.209823	0.784168	-448.326059	4.301345	0.784168	28.326059	6.143837	5.388236	4.263882	1	1	0	1	0
ivr	1	65.500000	72	3	14	8.000000	55.000000	0.271026	3.247844	2732.345027	-420.000000	0.000000	68.000000	2779.007921	1486.907486	2156.379615	0.000000	0	443.621064	28.647680	57.321371	-4.443661	-471.291708	40.558681	6.298957	-425.403113	44.908478	0.000000	-420.000000	3	50.021543	0.072941	0.013829	48.940026	0.927648	-448.347410	4.031548	0.927648	28.347410	6.298957	5.403113	4.291708	1	1	0	1	0
ivr	1	65.500000	72	3	14	8.000000	55.000000	0.271026	3.247844	2779.107582	-420.000000	0.000000	69.000000	2826.151581	1486.907486	2156.379615	0.000000	0	443.682436	28.677026	57.339898	-4.425490	-471.308248	40.510438	6.385896	-425.446566	44.908478	0.000000	-420.000000	3	50.034095	0.012552	0.029346	48.925168	0.980203	-448.377407	4.016690	0.980203	28.377407	6.385896	5.446566	4.308248	1	1	0	1	0
ivr	1	65.500000	72	3	14	8.000000	55.000000	0.271026	3.247844	2826.357745	-420.000000	0.000000	70.000000	2873.387201	1486.907486	2156.379615	0.000000	0	443.714480	28.660955	57.262679	-4.425046	-471.324146	40.422189	6.387504	-425.421304	44.908478	0.000000	-420.000000	3	50.075785	0.041690	0.016072	48.842434	0.981229	-448.372725	3.933956	0.981229	28.372725	6.387504	5.421304	4.324146	1	1	0	1	0
ivr	1	65.500000	72	3	14	8.000000	55.000000	0.271026	3.247844	2873.491994	-420.000000	0.000000	71.000000	2920.646775	1486.907486	2156.379615	0.000000	0	443.727376	28.697334	57.356236	-4.391468	-471.354787	40.519776	6.458461	-425.433655	44.908478	0.000000	-420.000000	3	50.099278	0.023493	0.036379	48.938006	1.033496	-448.394221	4.029528	1.033496	28.394221	6.458461	5.433655	4.354787	1	1	0	1	0
ivr	1	65.500000	72	3	14	8.000000	55.000000	0.271026	3.247844	2920.747718	-420.000000	0.000000	72.000000	2967.704033	1486.907486	2156.379615	0.000000	0	443.805034	28.747396	57.446053	-4.326485	-471.383965	40.502436	6.577421	-425.488370	44.908478	0.000000	-420.000000	3	50.123716	0.024438	0.050061	48.974245	1.125468	-448.436167	4.065767	1.125468	28.436167	6.577421	5.488370	4.383965	1	1	0	1	0
ivr	1	65.500000	72	3	14	8.000000	55.000000	0.271026	3.247844	2967.804549	-420.000000	0.000000	73.000000	3014.790377	1486.907486	2156.379615	0.000000	0	443.814860	28.673570	57.339198	-4.308265	-471.302235	40.453511	6.576627	-425.442248	44.908478	0.000000	-420.000000	3	50.067412	0.056305	0.073826	48.896354	1.134181	-448.372241	3.987876	1.134181	28.372241	6.576627	5.442248	4.302235	1	1	0	1	0
ivr	1	65.500000	72	3	14	8.000000	55.000000	0.271026	3.247844	3014.891749	-420.000000	0.000000	74.000000	3061.724878	1486.907486	2156.379615	0.000000	0	443.564841	28.675032	57.726380	-4.432780	-471.251856	40.607447	6.383706	-425.428711	44.908478	0.000000	-420.000000	3	50.098053	0.030641	0.001463	49.166913	0.975463	-448.340284	4.258436	0.975463	28.340284	6.383706	5.428711	4.251856	1	1	0	1	0
ivr	1	65.500000	72	3	14	8.000000	55.000000	0.271026	3.247844	3061.829244	-420.000000	0.000000	75.000000	3108.623450	1486.907486	2156.379615	0.000000	0	443.555885	28.682825	57.405285	-4.469904	-471.227931	40.766012	6.292043	-425.496865	44.908478	0.000000	-420.000000	3	49.839897	0.258156	0.007792	49.085648	0.911070	-448.362398	4.177171	0.911070	28.362398	6.292043	5.496865	4.227931	1	1	0	1	0
ivr	1	65.500000	72	3	14	8.000000	55.000000	0.271026	3.247844	3108.723966	-420.000000	0.000000	76.000000	3156.011769	1486.907486	2156.379615	0.000000	0	443.620736	28.675115	57.472693	-4.432025	-471.219301	40.631870	6.388513	-425.495217	44.908478	0.000000	-420.000000	3	49.913818	0.073922	0.007710	49.052282	0.978244	-448.357259	4.143804	0.978244	28.357259	6.388513	5.495217	4.219301	1	1	0	1	0
ivr	1	65.500000	72	3	14	8.000000	55.000000	0.271026	3.247844	3156.111857	-420.000000	0.000000	77.000000	3202.859869	1486.907486	2156.379615	0.000000	0	443.770544	28.677146	57.745545	-4.321195	-471.200868	40.345459	6.649932	-425.505675	44.908478	0.000000	-420.000000	3	50.111668	0.197850	0.002031	49.045502	1.164369	-448.353271	4.137024	1.164369	28.353271	6.649932	5.505675	4.200868	1	1	0	1	0
ivr	1	65.500000	72	3	14	8.000000	55.000000	0.271026	3.247844	3202.960813	-420.000000	0.000000	78.000000	3250.150667	1486.907486	2156.379615	0.000000	0	443.828950	28.676078	57.804600	-4.314112	-471.204111	40.196617	6.739957	-425.509229	44.908478	0.000000	-420.000000	3	50.202148	0.090481	0.001068	49.000608	1.212922	-448.356670	4.092131	1.212922	28.356670	6.739957	5.509229	4.204111	1	1	0	1	0
ivr	1	65.500000	72	3	14	8.000000	55.000000	0.271026	3.247844	3250.252894	-420.000000	0.000000	79.000000	3297.116392	1486.907486	2156.379615	0.000000	0	443.776012	28.651265	57.628348	-4.401394	-471.207853	40.237958	6.639890	-425.482331	44.908478	0.000000	-420.000000	3	50.151361	0.050787	0.024813	48.933153	1.119248	-448.345092	4.024675	1.119248	28.345092	6.639890	5.482331	4.207853	1	1	0	1	0
ivr	1	65.500000	72	3	14	8.000000	55.000000	0.271026	3.247844	3297.222468	-420.000000	0.000000	80.000000	3332.483867	1486.907486	2156.379615	3332.479162	0	443.587477	28.649272	  57.679523   -4.513882 -471.190931	  40.429000    6.417633 -425.472538	44.908478	0.000000	-420.000000	3	50.072448	0.078913	0.001993	0
