subjName	sessionNR	IOD	trialN	textureType	texnum	visualAngle	simulatedDepth	light_intensity	ambient_intensity	time	displayDistance	isRotated	frameN	timTote	startTime	touchTime	endTime	fingersOccluded	distanceToHome	distanceToObject	indexXraw	indexYraw	indexZraw	thumbXraw	thumbYraw	thumbZraw	targetX	targetY	targetZ	failCause	gripAperture	gripApertureVel	distFromObjVel	gripOriginX	gripOriginY	gripOriginZ	distFromObjX	distFromObjY	distFromObjZ	y_dist_thm	z_dist_thm	z_dist_ind	handOnObj	handnearObj	handfarObj	handTouchObj	framesOccluded
baf	4	61.000000	12	2	43	8.000000	35.000000	0.453473	2.510512	921.706683	-420.000000	0.000000	30.000000	968.348618	0.000000	0.000000	0.000000	0	2.092385	428.669420	215.632600	-350.216410	-252.762898	217.492649	-358.048756	-248.458174	44.356949	0.000000	-420.000000	0	9.128860	0.023050	0.002173	216.562625	-354.132583	-250.610536	172.205676	354.132583	169.389464	358.048756	171.541826	194.237102	0	0	1	0	0
baf	4	61.000000	12	2	43	8.000000	35.000000	0.453473	2.510512	968.549222	-420.000000	0.000000	31.000000	1015.593649	0.000000	0.000000	0.000000	0	2.047690	428.716520	215.590606	-350.216198	-252.754234	217.626501	-358.106820	-248.442788	44.356949	0.000000	-420.000000	0	9.219293	0.090433	0.047099	216.608553	-354.161509	-250.598511	172.251604	354.161509	169.401489	358.106820	171.557212	194.245766	0	0	1	0	0
baf	4	61.000000	12	2	43	8.000000	35.000000	0.453473	2.510512	1015.695448	-420.000000	0.000000	32.000000	1062.620111	0.000000	0.000000	0.000000	0	2.192086	428.589208	215.535931	-350.202174	-252.737125	217.386983	-357.986780	-248.524933	44.356949	0.000000	-420.000000	0	9.042625	0.176668	0.127312	216.461457	-354.094477	-250.631029	172.104508	354.094477	169.368971	357.986780	171.475067	194.262875	0	0	1	0	0
baf	4	61.000000	12	2	43	8.000000	35.000000	0.453473	2.510512	1062.720627	-420.000000	0.000000	33.000000	1110.113224	0.000000	0.000000	0.000000	0	2.097165	428.648137	215.608722	-350.201678	-252.742300	217.514177	-358.028267	-248.510471	44.356949	0.000000	-420.000000	0	9.099155	0.056531	0.058929	216.561450	-354.114973	-250.626386	172.204501	354.114973	169.373614	358.028267	171.489529	194.257700	0	0	1	0	0
baf	4	61.000000	12	2	43	8.000000	35.000000	0.453473	2.510512	1110.215023	-420.000000	0.000000	34.000000	1157.165777	0.000000	0.000000	0.000000	0	2.164068	428.636020	215.417770	-350.167098	-252.689086	217.528639	-358.064630	-248.449365	44.356949	0.000000	-420.000000	0	9.208801	0.109646	0.012117	216.473204	-354.115864	-250.569226	172.116256	354.115864	169.430774	358.064630	171.550635	194.310914	0	0	1	0	0
baf	4	61.000000	12	2	43	8.000000	35.000000	0.453473	2.510512	1157.262444	-420.000000	0.000000	35.000000	1204.236295	0.000000	0.000000	0.000000	0	2.166799	428.646394	215.462084	-350.195787	-252.700562	217.475257	-358.057341	-248.420918	44.356949	0.000000	-420.000000	0	9.174544	0.034258	0.010373	216.468670	-354.126564	-250.560740	172.111722	354.126564	169.439260	358.057341	171.579082	194.299438	0	0	1	0	0
baf	4	61.000000	12	2	43	8.000000	35.000000	0.453473	2.510512	1204.332534	-420.000000	0.000000	36.000000	1251.083968	0.000000	0.000000	0.000000	0	2.215617	428.559965	215.640992	-350.195836	-252.723822	217.205785	-357.923630	-248.463609	44.356949	0.000000	-420.000000	0	8.961963	0.212581	0.086428	216.423389	-354.059733	-250.593715	172.066440	354.059733	169.406285	357.923630	171.536391	194.276178	0	0	1	0	0
baf	4	61.000000	12	2	43	8.000000	35.000000	0.453473	2.510512	1251.184056	-420.000000	0.000000	37.000000	1298.266978	0.000000	0.000000	0.000000	0	2.185740	428.587909	215.600353	-350.212038	-252.731392	217.311988	-357.945204	-248.460202	44.356949	0.000000	-420.000000	0	8.998590	0.036627	0.027944	216.456170	-354.078621	-250.595797	172.099222	354.078621	169.404203	357.945204	171.539798	194.268608	0	0	1	0	0
baf	4	61.000000	12	2	43	8.000000	35.000000	0.453473	2.510512	1298.362361	-420.000000	0.000000	38.000000	1345.457260	0.000000	0.000000	0.000000	0	2.248814	428.524258	215.592154	-350.206197	-252.712981	217.188661	-357.867091	-248.491601	44.356949	0.000000	-420.000000	0	8.891467	0.107123	0.063651	216.390407	-354.036644	-250.602291	172.033459	354.036644	169.397709	357.867091	171.508399	194.287019	0	0	1	0	0
baf	4	61.000000	12	2	43	8.000000	35.000000	0.453473	2.510512	1345.645887	-420.000000	0.000000	39.000000	1392.416996	0.000000	0.000000	0.000000	0	2.253433	428.492985	215.668812	-350.182463	-252.716777	217.102170	-357.822252	-248.492729	44.356949	0.000000	-420.000000	0	8.846664	0.044802	0.031274	216.385491	-354.002357	-250.604753	172.028543	354.002357	169.395247	357.822252	171.507271	194.283223	0	0	1	0	0
baf	4	61.000000	12	2	43	8.000000	35.000000	0.453473	2.510512	1392.516657	-420.000000	0.000000	40.000000	1439.359196	0.000000	0.000000	0.000000	0	2.350344	428.458739	215.531447	-350.182315	-252.675112	217.008321	-357.800933	-248.428066	44.356949	0.000000	-420.000000	0	8.846575	0.000089	0.034246	216.269884	-353.991624	-250.551589	171.912935	353.991624	169.448411	357.800933	171.571934	194.324888	0	0	1	0	0
baf	4	61.000000	12	2	43	8.000000	35.000000	0.453473	2.510512	1439.459712	-420.000000	0.000000	41.000000	1486.694050	0.000000	0.000000	0.000000	0	2.370798	428.413273	215.523579	-350.181018	-252.664602	216.998330	-357.744787	-248.530386	44.356949	0.000000	-420.000000	0	8.745126	0.101449	0.045466	216.260954	-353.962903	-250.597494	171.904006	353.962903	169.402506	357.744787	171.469614	194.335398	0	0	1	0	0
baf	4	61.000000	12	2	43	8.000000	35.000000	0.453473	2.510512	1486.794993	-420.000000	0.000000	42.000000	1533.324864	0.000000	0.000000	0.000000	0	2.284248	428.477850	215.685030	-350.211621	-252.697709	217.004054	-357.767430	-248.451578	44.356949	0.000000	-420.000000	0	8.766967	0.021840	0.064576	216.344542	-353.989525	-250.574644	171.987593	353.989525	169.425356	357.767430	171.548422	194.302291	0	0	1	0	0
baf	4	61.000000	12	2	43	8.000000	35.000000	0.453473	2.510512	1533.420247	-420.000000	0.000000	43.000000	1580.517285	0.000000	0.000000	0.000000	0	2.445157	428.365852	215.554278	-350.200122	-252.653965	216.794037	-357.658629	-248.464659	44.356949	0.000000	-420.000000	0	8.643878	0.123089	0.111997	216.174158	-353.929376	-250.559312	171.817209	353.929376	169.440688	357.658629	171.535341	194.346035	0	0	1	0	0
baf	4	61.000000	12	2	43	8.000000	35.000000	0.453473	2.510512	1580.611385	-420.000000	0.000000	44.000000	1627.833746	0.000000	0.000000	0.000000	0	2.385330	428.377045	215.652272	-350.187776	-252.677088	216.835879	-357.659048	-248.501856	44.356949	0.000000	-420.000000	0	8.640220	0.003658	0.011193	216.244076	-353.923412	-250.589472	171.887127	353.923412	169.410528	357.659048	171.498144	194.322912	0	0	1	0	0
baf	4	61.000000	12	2	43	8.000000	35.000000	0.453473	2.510512	1627.929557	-420.000000	0.000000	45.000000	1674.852509	0.000000	0.000000	0.000000	0	2.356912	428.453317	215.484052	-350.198894	-252.653171	217.039526	-357.774414	-248.440239	44.356949	0.000000	-420.000000	0	8.806634	0.166414	0.076271	216.261789	-353.986654	-250.546705	171.904840	353.986654	169.453295	357.774414	171.559761	194.346829	0	0	1	0	0
baf	4	61.000000	12	2	43	8.000000	35.000000	0.453473	2.510512	1674.948748	-420.000000	0.000000	46.000000	1722.262215	0.000000	0.000000	0.000000	0	2.244766	428.468257	215.754245	-350.198506	-252.692452	217.023862	-357.726010	-248.481801	44.356949	0.000000	-420.000000	0	8.718074	0.088559	0.014940	216.389054	-353.962258	-250.587126	172.032105	353.962258	169.412874	357.726010	171.518199	194.307548	0	0	1	0	0
baf	4	61.000000	12	2	43	8.000000	35.000000	0.453473	2.510512	1722.358026	-420.000000	0.000000	47.000000	1769.106465	0.000000	0.000000	0.000000	0	2.357845	428.418954	215.581541	-350.173257	-252.639770	216.934567	-357.709822	-248.431347	44.356949	0.000000	-420.000000	0	8.737352	0.019277	0.049303	216.258054	-353.941540	-250.535558	171.901105	353.941540	169.464442	357.709822	171.568653	194.360230	0	0	1	0	0
baf	4	61.000000	12	2	43	8.000000	35.000000	0.453473	2.510512	1769.207409	-420.000000	0.000000	48.000000	1816.010170	0.000000	0.000000	0.000000	0	2.450764	428.365317	215.475846	-350.179683	-252.609293	216.845804	-357.660601	-248.446428	44.356949	0.000000	-420.000000	0	8.670085	0.067267	0.053637	216.160825	-353.920142	-250.527860	171.803876	353.920142	169.472140	357.660601	171.553572	194.390707	0	0	1	0	0
baf	4	61.000000	12	2	43	8.000000	35.000000	0.453473	2.510512	1816.162868	-420.000000	0.000000	49.000000	1862.721397	0.000000	0.000000	0.000000	0	2.364614	428.407072	215.646565	-350.196833	-252.642195	216.856529	-357.665056	-248.431540	44.356949	0.000000	-420.000000	0	8.658405	0.011680	0.041755	216.251547	-353.930944	-250.536868	171.894598	353.930944	169.463132	357.665056	171.568460	194.357805	0	0	1	0	0
baf	4	61.000000	12	2	43	8.000000	35.000000	0.453473	2.510512	1862.820630	-420.000000	0.000000	50.000000	1910.237607	0.000000	0.000000	0.000000	0	2.503306	428.314905	215.445050	-350.165459	-252.602487	216.771584	-357.606125	-248.458158	44.356949	0.000000	-420.000000	0	8.619667	0.038738	0.092167	216.108317	-353.885792	-250.530322	171.751368	353.885792	169.469678	357.606125	171.541842	194.397513	0	0	1	0	0
baf	4	61.000000	12	2	43	8.000000	35.000000	0.453473	2.510512	1910.332562	-420.000000	0.000000	51.000000	1957.503596	0.000000	0.000000	0.000000	0	2.567095	428.261795	215.444626	-350.166275	-252.598303	216.640421	-357.533323	-248.447138	44.356949	0.000000	-420.000000	0	8.540227	0.079440	0.053110	216.042524	-353.849799	-250.522721	171.685575	353.849799	169.477279	357.533323	171.552862	194.401697	0	0	1	0	0
baf	4	61.000000	12	2	43	8.000000	35.000000	0.453473	2.510512	1957.598979	-420.000000	0.000000	52.000000	2004.459056	0.000000	0.000000	0.000000	0	2.506014	428.316676	215.420561	-350.172161	-252.590002	216.780845	-357.590254	-248.427113	44.356949	0.000000	-420.000000	0	8.614414	0.074186	0.054881	216.100703	-353.881207	-250.508558	171.743754	353.881207	169.491442	357.590254	171.572887	194.409998	0	0	1	0	0
baf	4	61.000000	12	2	43	8.000000	35.000000	0.453473	2.510512	2004.557861	-420.000000	0.000000	53.000000	2051.361049	0.000000	0.000000	0.000000	0	2.441814	428.357890	215.475572	-350.165753	-252.596363	216.853428	-357.627933	-248.407047	44.356949	0.000000	-420.000000	0	8.667929	0.053515	0.041214	216.164500	-353.896843	-250.501705	171.807551	353.896843	169.498295	357.627933	171.592953	194.403637	0	0	1	0	0
baf	4	61.000000	12	2	43	8.000000	35.000000	0.453473	2.510512	2051.458143	-420.000000	0.000000	54.000000	2098.719428	0.000000	0.000000	0.000000	0	2.521747	428.308058	215.416558	-350.169516	-252.593501	216.749550	-357.581729	-248.408087	44.356949	0.000000	-420.000000	0	8.616000	0.051928	0.049832	216.083054	-353.875623	-250.500794	171.726105	353.875623	169.499206	357.581729	171.591913	194.406499	0	0	1	0	0
baf	4	61.000000	12	2	43	8.000000	35.000000	0.453473	2.510512	2098.814811	-420.000000	0.000000	55.000000	2145.597469	0.000000	0.000000	0.000000	0	2.525671	428.292773	215.434367	-350.145764	-252.601065	216.724683	-357.570982	-248.398591	44.356949	0.000000	-420.000000	0	8.628995	0.012995	0.015285	216.079525	-353.858373	-250.499828	171.722576	353.858373	169.500172	357.570982	171.601409	194.398935	0	0	1	0	0
baf	4	61.000000	12	2	43	8.000000	35.000000	0.453473	2.510512	2145.693279	-420.000000	0.000000	56.000000	2192.867735	0.000000	0.000000	0.000000	0	2.503735	428.283801	215.587552	-350.156786	-252.641630	216.625423	-357.527899	-248.391074	44.356949	0.000000	-420.000000	0	8.571915	0.057081	0.008972	216.106487	-353.842343	-250.516352	171.749539	353.842343	169.483648	357.527899	171.608926	194.358370	0	0	1	0	0
baf	4	61.000000	12	2	43	8.000000	35.000000	0.453473	2.510512	2192.962691	-420.000000	0.000000	57.000000	2239.753475	0.000000	0.000000	0.000000	0	2.421042	428.357084	215.456066	-350.139309	-252.559670	216.898016	-357.597574	-248.354660	44.356949	0.000000	-420.000000	0	8.682571	0.110657	0.073282	216.177041	-353.868442	-250.457165	171.820092	353.868442	169.542835	357.597574	171.645340	194.440330	0	0	1	0	0
baf	4	61.000000	12	2	43	8.000000	35.000000	0.453473	2.510512	2239.848858	-420.000000	0.000000	58.000000	2287.288933	0.000000	0.000000	0.000000	0	2.443790	428.374640	215.358492	-350.122932	-252.529759	216.922557	-357.627575	-248.250312	44.356949	0.000000	-420.000000	0	8.779500	0.096929	0.017556	216.140525	-353.875253	-250.390035	171.783576	353.875253	169.609965	357.627575	171.749688	194.470241	0	0	1	0	0
baf	4	61.000000	12	2	43	8.000000	35.000000	0.453473	2.510512	2287.420673	-420.000000	0.000000	59.000000	2334.092121	0.000000	0.000000	0.000000	0	2.254559	428.435860	215.403903	-350.034827	-252.535627	217.253759	-357.650605	-248.181065	44.356949	0.000000	-420.000000	0	8.965727	0.186226	0.061221	216.328831	-353.842716	-250.358346	171.971882	353.842716	169.641654	357.650605	171.818935	194.464373	0	0	1	0	0
baf	4	61.000000	12	2	43	8.000000	35.000000	0.453473	2.510512	2334.193920	-420.000000	0.000000	60.000000	2381.303789	0.000000	0.000000	0.000000	0	2.431351	427.580896	215.357144	-348.991899	-252.830258	217.611947	-356.719267	-248.404629	44.356949	0.000000	-420.000000	0	9.185997	0.220271	0.854964	216.484546	-352.855583	-250.617443	172.127597	352.855583	169.382557	356.719267	171.595371	194.169742	0	0	1	0	0
baf	4	61.000000	12	2	43	8.000000	35.000000	0.453473	2.510512	2381.398317	-420.000000	0.000000	61.000000	2428.399116	2417.159301	0.000000	0.000000	0	7.395432	423.092835	218.047343	-343.010607	-254.467100	219.618983	-350.620221	-249.171982	44.356949	0.000000	-420.000000	0	9.402902	0.216904	4.488061	218.833163	-346.815414	-251.819541	174.476214	346.815414	168.180459	350.620221	170.828018	192.532900	0	0	1	0	0
baf	4	61.000000	12	2	43	8.000000	35.000000	0.453473	2.510512	2428.518024	-420.000000	0.000000	62.000000	2475.763482	2417.159301	0.000000	0.000000	0	23.507383	411.398277	222.769688	-327.795579	-259.729610	224.333855	-335.370942	-250.480765	44.356949	0.000000	-420.000000	0	12.057109	2.654207	11.694558	223.551772	-331.583260	-255.105187	179.194823	331.583260	164.894813	335.370942	169.519235	187.270390	0	0	1	0	0
baf	4	61.000000	12	2	43	8.000000	35.000000	0.453473	2.510512	2475.872125	-420.000000	0.000000	63.000000	2522.955475	2417.159301	0.000000	0.000000	0	46.226857	394.122744	227.912683	-306.236202	-265.475289	226.763122	-312.475739	-251.108002	44.356949	0.000000	-420.000000	0	15.705803	3.648694	17.275532	227.337903	-309.355970	-258.291645	182.980954	309.355970	161.708355	312.475739	168.891998	181.524711	0	0	1	0	0
baf	4	61.000000	12	2	43	8.000000	35.000000	0.453473	2.510512	2523.056846	-420.000000	0.000000	64.000000	2570.197084	2417.159301	0.000000	0.000000	0	74.801363	370.650004	229.830132	-278.391622	-273.925734	226.136094	-283.285830	-251.161790	44.356949	0.000000	-420.000000	0	23.575332	7.869529	23.472741	227.983113	-280.838726	-262.543762	183.626164	280.838726	157.456238	283.285830	168.838210	173.074266	0	0	1	0	0
baf	4	61.000000	12	2	43	8.000000	35.000000	0.453473	2.510512	2570.300594	-420.000000	0.000000	65.000000	2617.099505	2417.159301	0.000000	0.000000	0	108.466910	341.752754	227.893045	-244.897959	-283.237944	221.883101	-249.513510	-252.835863	44.356949	0.000000	-420.000000	0	31.332240	7.756908	28.897250	224.888073	-247.205735	-268.036904	180.531124	247.205735	151.963096	249.513510	167.164137	163.762056	0	0	1	0	0
baf	4	61.000000	12	2	43	8.000000	35.000000	0.453473	2.510512	2617.201304	-420.000000	0.000000	66.000000	2664.205952	2417.159301	0.000000	0.000000	0	145.571104	309.488744	222.721274	-207.072232	-292.212684	213.415039	-213.681322	-255.559249	44.356949	0.000000	-420.000000	0	38.389586	7.057346	32.264009	218.068157	-210.376777	-273.885966	173.711208	210.376777	146.114034	213.681322	164.440751	154.787316	0	0	1	0	0
baf	4	61.000000	12	2	43	8.000000	35.000000	0.453473	2.510512	2664.302191	-420.000000	0.000000	67.000000	2711.374848	2417.159301	0.000000	0.000000	0	183.320680	275.622553	213.737375	-169.723013	-301.615178	200.907474	-177.661691	-260.960870	44.356949	0.000000	-420.000000	0	43.363598	4.974012	33.866192	207.322425	-173.692352	-281.288024	162.965476	173.692352	138.711976	177.661691	159.039130	145.384822	0	0	1	0	0
baf	4	61.000000	12	2	43	8.000000	35.000000	0.453473	2.510512	2711.480924	-420.000000	0.000000	68.000000	2757.982993	2417.159301	0.000000	0.000000	0	221.018680	241.283301	202.131714	-133.492163	-313.469082	187.171120	-142.890561	-269.374534	44.356949	0.000000	-420.000000	0	47.502405	4.138806	34.339252	194.651417	-138.191362	-291.421808	150.294468	138.191362	128.578192	142.890561	150.625466	133.530918	0	0	0	0	0
baf	4	61.000000	12	2	43	8.000000	35.000000	0.453473	2.510512	2758.198139	-420.000000	0.000000	69.000000	2804.925193	2417.159301	0.000000	0.000000	0	256.666461	207.798962	188.373645	-100.917796	-327.324082	172.641106	-111.082067	-281.094533	44.356949	0.000000	-420.000000	0	49.879819	2.377414	33.484339	180.507375	-105.999932	-304.209308	136.150427	105.999932	115.790692	111.082067	138.905467	119.675918	0	0	0	0	0
baf	4	61.000000	12	2	43	8.000000	35.000000	0.453473	2.510512	2805.031697	-420.000000	0.000000	70.000000	2852.097510	2417.159301	0.000000	0.000000	0	290.357397	174.812220	174.884443	-72.368592	-345.933883	156.673526	-82.411597	-295.805934	44.356949	0.000000	-420.000000	0	54.270717	4.390898	32.986742	165.778984	-77.390094	-320.869909	121.422036	77.390094	99.130091	82.411597	124.194066	101.066117	0	0	0	0	0
baf	4	61.000000	12	2	43	8.000000	35.000000	0.453473	2.510512	2852.194176	-420.000000	0.000000	71.000000	2898.783073	2417.159301	0.000000	0.000000	0	323.181333	145.853121	163.953575	-43.863721	-363.899354	143.067482	-55.291891	-309.960101	44.356949	0.000000	-420.000000	0	58.959943	4.689226	28.959099	153.510528	-49.577806	-336.929727	109.153579	49.577806	83.070273	55.291891	110.039899	83.100646	0	0	0	0	0
baf	4	61.000000	12	2	43	8.000000	35.000000	0.453473	2.510512	2898.879740	-420.000000	0.000000	72.000000	2946.044786	2417.159301	0.000000	0.000000	0	352.456058	120.505479	153.965828	-20.322141	-382.369718	129.414298	-31.828883	-325.450057	44.356949	0.000000	-420.000000	0	63.047842	4.087899	25.347642	141.690063	-26.075512	-353.909888	97.333114	26.075512	66.090112	31.828883	94.549943	64.630282	0	0	0	0	0
baf	4	61.000000	12	2	43	8.000000	35.000000	0.453473	2.510512	2946.140596	-420.000000	0.000000	73.000000	2992.844125	2417.159301	0.000000	0.000000	0	378.136650	99.807812	143.805998	-0.733818	-400.113671	117.399219	-12.071269	-340.241098	44.356949	0.000000	-420.000000	0	66.412204	3.364361	20.697667	130.602608	-6.402543	-370.177384	86.245659	6.402543	49.822616	12.071269	79.758902	46.886329	0	0	0	0	0
baf	4	61.000000	12	2	43	8.000000	35.000000	0.453473	2.510512	2992.939936	-420.000000	0.000000	74.000000	3039.914643	2417.159301	0.000000	0.000000	0	398.540880	81.396851	131.681177	12.287106	-415.967778	103.552809	1.854058	-354.507543	44.356949	0.000000	-420.000000	0	68.391622	1.979419	18.410960	117.616993	7.070582	-385.237661	73.260044	7.070582	34.762339	1.854058	65.492457	31.032222	0	0	0	0	0
baf	4	61.000000	12	2	43	8.000000	35.000000	0.453473	2.510512	3040.015586	-420.000000	0.000000	75.000000	3087.123317	2417.159301	0.000000	0.000000	0	414.670037	64.129215	117.309416	19.885693	-430.565205	88.545054	10.844047	-367.197438	44.356949	0.000000	-420.000000	0	70.175592	1.783970	17.267636	102.927235	15.364870	-398.881322	58.570287	15.364870	21.118678	10.844047	52.802562	16.434795	0	0	0	0	0
baf	4	61.000000	12	2	43	8.000000	35.000000	0.453473	2.510512	3087.220411	-420.000000	0.000000	76.000000	3134.348672	2417.159301	0.000000	0.000000	0	427.123651	48.159018	101.846828	23.520163	-442.827069	72.385768	15.830388	-376.795234	44.356949	0.000000	-420.000000	0	72.713753	2.538161	15.970197	87.116298	19.675275	-409.811152	42.759349	19.675275	10.188848	15.830388	43.204766	4.172931	0	0	0	0	0
baf	4	61.000000	12	2	43	8.000000	35.000000	0.453473	2.510512	3134.445338	-420.000000	0.000000	77.000000	3181.287878	2417.159301	0.000000	0.000000	0	436.959508	35.018588	85.744099	25.148298	-451.408212	57.780642	18.276602	-384.685953	44.356949	0.000000	-420.000000	0	72.670729	0.043024	13.140431	71.762370	21.712450	-418.047083	27.405421	21.712450	1.952917	18.276602	35.314047	4.408212	0	0	0	0	0
baf	4	61.000000	12	2	43	8.000000	35.000000	0.453473	2.510512	3181.383689	-420.000000	0.000000	78.000000	3228.339576	2417.159301	0.000000	0.000000	0	444.523952	26.778572	70.889993	25.829746	-456.080743	45.647365	19.414289	-390.789491	44.356949	0.000000	-420.000000	0	70.294353	2.376376	8.240015	58.268679	22.622018	-423.435117	13.911730	22.622018	3.435117	19.414289	29.210509	9.080743	0	1	0	0	0
baf	4	61.000000	12	2	43	8.000000	35.000000	0.453473	2.510512	3228.434959	-420.000000	0.000000	79.000000	3275.192381	2417.159301	0.000000	0.000000	0	450.507439	24.604643	58.929639	26.585821	-459.530634	35.977053	20.407441	-393.691940	44.356949	0.000000	-420.000000	0	69.998052	0.296301	2.173929	47.453346	23.496631	-426.611287	3.096397	23.496631	6.611287	20.407441	26.308060	12.530634	0	1	0	0	0
baf	4	61.000000	12	2	43	8.000000	35.000000	0.453473	2.510512	3275.292041	-420.000000	0.000000	80.000000	3321.800954	2417.159301	0.000000	0.000000	0	453.249423	24.180110	49.145957	24.644922	-460.945565	28.962905	19.530807	-395.629990	44.356949	0.000000	-420.000000	0	68.553877	1.444175	0.424533	39.054431	22.087865	-428.287778	5.302518	22.087865	8.287778	19.530807	24.370010	13.945565	0	1	0	0	0
baf	4	61.000000	12	2	43	8.000000	35.000000	0.453473	2.510512	3321.904036	-420.000000	0.000000	81.000000	3368.571635	2417.159301	0.000000	0.000000	0	454.078279	24.523017	43.133553	22.138268	-461.385890	23.568800	17.916468	-396.408025	44.356949	0.000000	-420.000000	0	67.990633	0.563244	0.342907	33.351177	20.027368	-428.896958	11.005772	20.027368	8.896958	17.916468	23.591975	14.385890	0	1	0	0	0
baf	4	61.000000	12	2	43	8.000000	35.000000	0.453473	2.510512	3368.670440	-420.000000	0.000000	82.000000	3416.007004	2417.159301	0.000000	0.000000	0	453.829026	24.410578	42.242662	20.994065	-461.347087	23.411490	15.566532	-401.348200	44.356949	0.000000	-420.000000	0	63.118441	4.872191	0.112439	32.827076	18.280299	-431.347644	11.529873	18.280299	11.347644	15.566532	18.651800	14.347087	0	1	0	0	0
baf	4	61.000000	12	2	43	8.000000	35.000000	0.453473	2.510512	3416.101104	-420.000000	0.000000	83.000000	3462.966741	2417.159301	3451.403993	0.000000	0	451.589508	22.840980	43.028551	17.901936	-460.954135	26.253156	12.227833	-407.355375	44.356949	0.000000	-420.000000	0	56.448529	6.669912	1.569598	34.640853	15.064885	-434.154755	9.716095	15.064885	14.154755	12.227833	12.644625	13.954135	0	1	0	1	0
baf	4	61.000000	12	2	43	8.000000	35.000000	0.453473	2.510512	3463.062552	-420.000000	0.000000	84.000000	3510.017156	2417.159301	3451.403993	0.000000	0	448.503699	21.273291	43.532921	12.450793	-460.084032	30.948024	10.337863	-412.905539	44.356949	0.000000	-420.000000	0	48.873860	7.574668	1.567689	37.240472	11.394328	-436.494786	7.116476	11.394328	16.494786	10.337863	7.094461	13.084032	0	1	0	1	0
baf	4	61.000000	12	2	43	8.000000	35.000000	0.453473	2.510512	3510.114250	-420.000000	0.000000	85.000000	3557.070137	2417.159301	3451.403993	0.000000	0	444.933766	19.938262	45.019178	7.606462	-458.299610	35.371120	7.891259	-417.486916	44.356949	0.000000	-420.000000	0	41.938552	6.935309	1.335029	40.195149	7.748861	-437.893263	4.161800	7.748861	17.893263	7.891259	2.513084	11.299610	0	1	0	1	0
baf	4	61.000000	12	2	43	8.000000	35.000000	0.453473	2.510512	3557.169798	-420.000000	0.000000	86.000000	3604.162470	2417.159301	3451.403993	0.000000	0	441.238690	19.393000	46.229642	3.624021	-456.671460	38.359076	3.756784	-421.181683	44.356949	0.000000	-420.000000	0	36.352273	5.586279	0.545262	42.294359	3.690402	-438.926571	2.062590	3.690402	18.926571	3.756784	1.181683	9.671460	0	1	0	1	0
baf	4	61.000000	12	2	43	8.000000	35.000000	0.453473	2.510512	3604.263413	-420.000000	0.000000	87.000000	3651.333076	2417.159301	3451.403993	0.000000	0	439.067335	19.159786	47.947986	0.319814	-456.242832	39.692622	3.042310	-421.913869	44.356949	0.000000	-420.000000	0	35.412437	0.939835	0.233214	43.820304	1.681062	-439.078350	0.536645	1.681062	19.078350	3.042310	1.913869	9.242832	0	1	0	1	0
baf	4	61.000000	12	2	43	8.000000	35.000000	0.453473	2.510512	3651.427604	-420.000000	0.000000	88.000000	3698.328742	2417.159301	3451.403993	0.000000	0	438.355922	19.038500	47.862009	0.316829	-455.534798	41.111986	2.024397	-422.469267	44.356949	0.000000	-420.000000	0	33.790648	1.621789	0.121286	44.486997	1.170613	-439.002032	0.130049	1.170613	19.002032	2.024397	2.469267	8.534798	0	1	0	1	0
baf	4	61.000000	12	2	43	8.000000	35.000000	0.453473	2.510512	3698.424553	-420.000000	0.000000	89.000000	3745.288051	2417.159301	3451.403993	0.000000	0	438.308875	18.835492	47.814687	0.919860	-455.009257	41.656078	1.781278	-422.557139	44.356949	0.000000	-420.000000	0	33.042555	0.748093	0.203008	44.735383	1.350569	-438.783198	0.378434	1.350569	18.783198	1.781278	2.557139	8.009257	0	1	0	1	0
baf	4	61.000000	12	2	43	8.000000	35.000000	0.453473	2.510512	3745.388567	-420.000000	0.000000	90.000000	3792.587831	2417.159301	3451.403993	0.000000	0	438.264783	18.781144	47.978526	0.928270	-454.893902	41.680674	1.818183	-422.555917	44.356949	0.000000	-420.000000	0	32.957550	0.085005	0.054348	44.829600	1.373227	-438.724909	0.472651	1.373227	18.724909	1.818183	2.555917	7.893902	1	1	0	1	0
baf	4	61.000000	12	2	43	8.000000	35.000000	0.453473	2.510512	3792.688774	-420.000000	0.000000	91.000000	3839.605738	2417.159301	3451.403993	0.000000	0	438.522753	18.861239	47.718521	1.109169	-454.898403	41.450496	1.956842	-422.696514	44.356949	0.000000	-420.000000	0	32.817195	0.140355	0.080094	44.584508	1.533006	-438.797458	0.227559	1.533006	18.797458	1.956842	2.696514	7.898403	1	1	0	1	0
baf	4	61.000000	12	2	43	8.000000	35.000000	0.453473	2.510512	3839.707110	-420.000000	0.000000	92.000000	3886.699781	2417.159301	3451.403993	0.000000	0	438.706831	18.824067	47.726054	1.357438	-454.776180	41.327617	2.166544	-422.705123	44.356949	0.000000	-420.000000	0	32.713106	0.104089	0.037172	44.526835	1.761991	-438.740651	0.169886	1.761991	18.740651	2.166544	2.705123	7.776180	1	1	0	1	0
baf	4	61.000000	12	2	43	8.000000	35.000000	0.453473	2.510512	3886.801153	-420.000000	0.000000	93.000000	3933.654385	2417.159301	3451.403993	0.000000	0	438.721917	18.898314	47.577884	1.505781	-454.773417	41.584097	2.030431	-422.854756	44.356949	0.000000	-420.000000	0	32.480789	0.232316	0.074247	44.580990	1.768106	-438.814087	0.224042	1.768106	18.814087	2.030431	2.854756	7.773417	1	1	0	1	0
baf	4	61.000000	12	2	43	8.000000	35.000000	0.453473	2.510512	3933.759178	-420.000000	0.000000	94.000000	3980.634225	2417.159301	3451.403993	0.000000	0	438.692745	18.903187	47.862700	1.464020	-454.718937	41.516687	2.104660	-422.912745	44.356949	0.000000	-420.000000	0	32.439423	0.041367	0.004873	44.689694	1.784340	-438.815841	0.332745	1.784340	18.815841	2.104660	2.912745	7.718937	1	1	0	1	0
baf	4	61.000000	12	2	43	8.000000	35.000000	0.453473	2.510512	3980.735169	-420.000000	0.000000	95.000000	4027.839905	2417.159301	3451.403993	0.000000	0	438.835672	18.975505	47.450151	1.495751	-454.802020	41.485940	2.131765	-422.974571	44.356949	0.000000	-420.000000	0	32.387696	0.051727	0.072318	44.468045	1.813758	-438.888296	0.111096	1.813758	18.888296	2.131765	2.974571	7.802020	1	1	0	1	0
baf	4	61.000000	12	2	43	8.000000	35.000000	0.453473	2.510512	4027.940849	-420.000000	0.000000	96.000000	4074.867223	2417.159301	3451.403993	0.000000	0	438.887770	18.989317	47.548344	1.570124	-454.757211	41.461953	2.215998	-423.031068	44.356949	0.000000	-420.000000	0	32.311136	0.076560	0.013812	44.505148	1.893061	-438.894140	0.148199	1.893061	18.894140	2.215998	3.031068	7.757211	1	1	0	1	0
baf	4	61.000000	12	2	43	8.000000	35.000000	0.453473	2.510512	4074.963889	-420.000000	0.000000	97.000000	4122.035263	2417.159301	3451.403993	0.000000	0	438.918538	19.091041	47.495498	1.587920	-454.804452	41.615280	2.216083	-423.185591	44.356949	0.000000	-420.000000	0	32.167125	0.144011	0.101724	44.555389	1.902002	-438.995022	0.198441	1.902002	18.995022	2.216083	3.185591	7.804452	1	1	0	1	0
baf	4	61.000000	12	2	43	8.000000	35.000000	0.453473	2.510512	4122.136634	-420.000000	0.000000	98.000000	4169.232388	2417.159301	3451.403993	0.000000	0	438.922617	19.099859	47.541104	1.632656	-454.791021	41.637794	2.207644	-423.212325	44.356949	0.000000	-420.000000	0	32.130884	0.036241	0.008818	44.589449	1.920150	-439.001673	0.232500	1.920150	19.001673	2.207644	3.212325	7.791021	1	1	0	1	0
baf	4	61.000000	12	2	43	8.000000	35.000000	0.453473	2.510512	4169.332904	-420.000000	0.000000	99.000000	4216.178865	2417.159301	3451.403993	0.000000	0	439.022217	19.070192	47.410691	1.703064	-454.780058	41.552173	2.317823	-423.146969	44.356949	0.000000	-420.000000	0	32.176894	0.046010	0.029667	44.481432	2.010443	-438.963514	0.124483	2.010443	18.963514	2.317823	3.146969	7.780058	1	1	0	1	0
baf	4	61.000000	12	2	43	8.000000	35.000000	0.453473	2.510512	4216.281092	-420.000000	0.000000	100.000000	4262.973072	2417.159301	3451.403993	0.000000	0	438.999008	19.043271	47.591997	1.811316	-454.686705	41.622686	2.311283	-423.172746	44.356949	0.000000	-420.000000	0	32.078222	0.098673	0.026921	44.607341	2.061300	-438.929726	0.250393	2.061300	18.929726	2.311283	3.172746	7.686705	1	1	0	1	0
baf	4	61.000000	12	2	43	8.000000	35.000000	0.453473	2.510512	4263.074015	-420.000000	0.000000	101.000000	4310.460196	2417.159301	3451.403993	0.000000	0	438.937206	18.932599	47.795734	1.894792	-454.576361	41.559717	2.265665	-423.054108	44.356949	0.000000	-420.000000	0	32.135305	0.057084	0.110672	44.677725	2.080229	-438.815235	0.320777	2.080229	18.815235	2.265665	3.054108	7.576361	1	1	0	1	0
baf	4	61.000000	12	2	43	8.000000	35.000000	0.453473	2.510512	4310.556862	-420.000000	0.000000	102.000000	4357.434903	2417.159301	3451.403993	0.000000	0	438.899881	19.014091	47.648404	1.821017	-454.676445	41.741884	2.167911	-423.135901	44.356949	0.000000	-420.000000	0	32.090703	0.044602	0.081492	44.695144	1.994464	-438.906173	0.338195	1.994464	18.906173	2.167911	3.135901	7.676445	1	1	0	1	0
baf	4	61.000000	12	2	43	8.000000	35.000000	0.453473	2.510512	4357.535847	-420.000000	0.000000	103.000000	4404.466498	2417.159301	3451.403993	0.000000	0	438.901688	18.996769	47.444414	1.817435	-454.720580	41.731258	2.082968	-423.069399	44.356949	0.000000	-420.000000	0	32.163767	0.073064	0.017322	44.587836	1.950201	-438.894990	0.230887	1.950201	18.894990	2.082968	3.069399	7.720580	1	1	0	1	0
baf	4	61.000000	12	2	43	8.000000	35.000000	0.453473	2.510512	4404.563164	-420.000000	0.000000	104.000000	4451.339834	2417.159301	3451.403993	0.000000	0	438.537740	18.937444	47.774139	1.587409	-454.670431	41.830399	1.659454	-423.054518	44.356949	0.000000	-420.000000	0	32.169849	0.006082	0.059324	44.802269	1.623432	-438.862475	0.445320	1.623432	18.862475	1.659454	3.054518	7.670431	1	1	0	1	0
baf	4	61.000000	12	2	43	8.000000	35.000000	0.453473	2.510512	4451.436928	-420.000000	0.000000	105.000000	4486.763342	2417.159301	3451.403993	4486.759064	0	438.583387	18.985014	  47.853608    1.537898 -454.645962	  41.845809    1.823735 -423.162122	44.356949	0.000000	-420.000000	0	32.053198	0.116651	0.047570	0
