subjName	sessionNR	IOD	trialN	textureType	texnum	visualAngle	simulatedDepth	light_intensity	ambient_intensity	time	displayDistance	isRotated	frameN	timTote	startTime	touchTime	endTime	fingersOccluded	distanceToHome	distanceToObject	indexXraw	indexYraw	indexZraw	thumbXraw	thumbYraw	thumbZraw	targetX	targetY	targetZ	failCause	gripAperture	gripApertureVel	distFromObjVel	gripOriginX	gripOriginY	gripOriginZ	distFromObjX	distFromObjY	distFromObjZ	y_dist_thm	z_dist_thm	z_dist_ind	handOnObj	handnearObj	handfarObj	handTouchObj	framesOccluded
baf	1	61.000000	31	3	14	8.000000	25.000000	0.203708	3.260225	888.278422	-420.000000	0.000000	30.000000	935.338222	0.000000	0.000000	0.000000	0	7.959386	430.659399	215.283954	-356.027915	-254.494000	221.532413	-357.580757	-248.517010	45.874741	0.000000	-420.000000	0	8.785156	0.347592	0.037606	218.408184	-356.804336	-251.505505	172.533443	356.804336	168.494495	357.580757	171.482990	182.506000	0	0	1	0	0
baf	1	61.000000	31	3	14	8.000000	25.000000	0.203708	3.260225	935.554654	-420.000000	0.000000	31.000000	982.333434	0.000000	0.000000	0.000000	0	8.121056	430.482938	215.249947	-355.885108	-254.565269	221.262427	-357.477823	-248.516171	45.874741	0.000000	-420.000000	0	8.676304	0.108852	0.176461	218.256187	-356.681466	-251.540720	172.381447	356.681466	168.459280	357.477823	171.483829	182.434731	0	0	1	0	0
baf	1	61.000000	31	3	14	8.000000	25.000000	0.203708	3.260225	982.433095	-420.000000	0.000000	32.000000	1029.406494	0.000000	0.000000	0.000000	0	8.098198	430.218891	215.345425	-355.391241	-254.570431	221.208166	-357.199229	-248.267705	45.874741	0.000000	-420.000000	0	8.795732	0.119428	0.264048	218.276796	-356.295235	-251.419068	172.402055	356.295235	168.580932	357.199229	171.732295	182.429569	0	0	1	0	0
baf	1	61.000000	31	3	14	8.000000	25.000000	0.203708	3.260225	1029.504872	-420.000000	0.000000	33.000000	1077.267005	0.000000	0.000000	0.000000	0	8.504552	428.256839	216.082201	-352.601235	-256.165420	222.642352	-355.031853	-248.455102	45.874741	0.000000	-420.000000	0	10.411171	1.615439	1.962051	219.362276	-353.816544	-252.310261	173.487536	353.816544	167.689739	355.031853	171.544898	180.834580	0	0	1	0	0
baf	1	61.000000	31	3	14	8.000000	25.000000	0.203708	3.260225	1077.371372	-420.000000	0.000000	34.000000	1124.219445	1112.597143	0.000000	0.000000	0	15.105634	420.882341	218.054546	-345.065838	-261.403634	223.403915	-346.520053	-249.992707	45.874741	0.000000	-420.000000	0	12.686203	2.275032	7.374498	220.729231	-345.792946	-255.698171	174.854490	345.792946	164.301829	346.520053	170.007293	175.596366	0	0	1	0	0
baf	1	61.000000	31	3	14	8.000000	25.000000	0.203708	3.260225	1124.327233	-420.000000	0.000000	35.000000	1183.061518	1112.597143	0.000000	0.000000	0	29.427312	407.602202	219.736379	-331.191681	-268.325970	222.882853	-331.878565	-252.634085	45.874741	0.000000	-420.000000	0	16.018968	3.332765	13.280139	221.309616	-331.535123	-260.480028	175.434875	331.535123	159.519972	331.878565	167.365915	168.674030	0	0	1	0	0
baf	1	61.000000	31	3	14	8.000000	25.000000	0.203708	3.260225	1183.167167	-420.000000	0.000000	36.000000	1230.410036	1112.597143	0.000000	0.000000	0	45.534761	392.976817	219.763548	-315.447725	-273.991613	222.068679	-315.974153	-255.409615	45.874741	0.000000	-420.000000	0	18.731829	2.712861	14.625385	220.916113	-315.710939	-264.700614	175.041373	315.710939	155.299386	315.974153	164.590385	163.008387	0	0	1	0	0
baf	1	61.000000	31	3	14	8.000000	25.000000	0.203708	3.260225	1230.513119	-420.000000	0.000000	37.000000	1277.205070	1112.597143	0.000000	0.000000	0	66.178759	374.388609	219.532061	-295.130339	-281.100797	220.304357	-296.392638	-259.560977	45.874741	0.000000	-420.000000	0	21.590592	2.858763	18.588208	219.918209	-295.761489	-270.330887	174.043468	295.761489	149.669113	296.392638	160.439023	155.899203	0	0	1	0	0
baf	1	61.000000	31	3	14	8.000000	25.000000	0.203708	3.260225	1277.310719	-420.000000	0.000000	38.000000	1324.289250	1112.597143	0.000000	0.000000	0	90.981703	351.957859	217.744608	-270.590690	-287.571600	217.049881	-272.924470	-265.359191	45.874741	0.000000	-420.000000	0	22.345476	0.754884	22.430750	217.397244	-271.757580	-276.465396	171.522504	271.757580	143.534604	272.924470	154.640809	149.428400	0	0	1	0	0
baf	1	61.000000	31	3	14	8.000000	25.000000	0.203708	3.260225	1324.447939	-420.000000	0.000000	39.000000	1371.238268	1112.597143	0.000000	0.000000	0	119.804459	325.357123	212.874339	-242.680775	-296.544474	211.420539	-245.702016	-270.829704	45.874741	0.000000	-420.000000	0	25.932428	3.586952	26.600736	212.147439	-244.191396	-283.687089	166.272699	244.191396	136.312911	245.702016	149.170296	140.455526	0	0	1	0	0
baf	1	61.000000	31	3	14	8.000000	25.000000	0.203708	3.260225	1371.346912	-420.000000	0.000000	40.000000	1418.723232	1112.597143	0.000000	0.000000	0	151.044677	295.415658	204.794746	-213.657601	-307.216151	201.430960	-216.717510	-277.904244	45.874741	0.000000	-420.000000	0	29.662535	3.730107	29.941465	203.112853	-215.187556	-292.560198	157.238112	215.187556	127.439802	216.717510	142.095756	129.783849	0	0	1	0	0
baf	1	61.000000	31	3	14	8.000000	25.000000	0.203708	3.260225	1418.822893	-420.000000	0.000000	41.000000	1465.499446	1112.597143	0.000000	0.000000	0	183.809359	263.667121	194.132053	-183.667319	-317.584821	188.492252	-186.804035	-285.298721	45.874741	0.000000	-420.000000	0	32.924742	3.262207	31.748538	191.312153	-185.235677	-301.441771	145.437412	185.235677	118.558229	186.804035	134.701279	119.415179	0	0	1	0	0
baf	1	61.000000	31	3	14	8.000000	25.000000	0.203708	3.260225	1465.598252	-420.000000	0.000000	42.000000	1511.662722	1112.597143	0.000000	0.000000	0	216.554896	231.962763	180.331348	-153.951910	-326.498490	173.786669	-157.192932	-290.839136	45.874741	0.000000	-420.000000	0	36.399541	3.474800	31.704357	177.059009	-155.572421	-308.668813	131.184268	155.572421	111.331187	157.192932	129.160864	110.501510	0	0	0	0	0
baf	1	61.000000	31	3	14	8.000000	25.000000	0.203708	3.260225	1511.761956	-420.000000	0.000000	43.000000	1559.015945	1112.597143	0.000000	0.000000	0	247.958719	200.678855	165.507115	-127.633665	-338.275201	157.279955	-129.810310	-298.175679	45.874741	0.000000	-420.000000	0	40.992629	4.593088	31.283908	161.393535	-128.721987	-318.225440	115.518794	128.721987	101.774560	129.810310	121.824321	98.724799	0	0	0	0	0
baf	1	61.000000	31	3	14	8.000000	25.000000	0.203708	3.260225	1559.115179	-420.000000	0.000000	44.000000	1605.905081	1112.597143	0.000000	0.000000	0	277.541250	170.712580	152.146825	-103.947923	-352.451615	140.980108	-105.454428	-308.191432	45.874741	0.000000	-420.000000	0	45.671971	4.679341	29.966275	146.563467	-104.701176	-330.321523	100.688726	104.701176	89.678477	105.454428	111.808568	84.548385	0	0	0	0	0
baf	1	61.000000	31	3	14	8.000000	25.000000	0.203708	3.260225	1606.009447	-420.000000	0.000000	45.000000	1653.431107	1112.597143	0.000000	0.000000	0	304.414984	142.669098	139.224403	-83.703282	-368.706775	125.466336	-84.875087	-319.337506	45.874741	0.000000	-420.000000	0	51.263850	5.591880	28.043482	132.345369	-84.289185	-344.022141	86.470629	84.289185	75.977859	84.875087	100.662494	68.293225	0	0	0	0	0
baf	1	61.000000	31	3	14	8.000000	25.000000	0.203708	3.260225	1653.530340	-420.000000	0.000000	46.000000	1700.160271	1112.597143	0.000000	0.000000	0	328.377670	116.560838	126.733162	-67.734037	-386.117366	109.909172	-67.894005	-331.584590	45.874741	0.000000	-420.000000	0	57.069221	5.805371	26.108259	118.321167	-67.814021	-358.850978	72.446426	67.814021	61.149022	67.894005	88.415410	50.882634	0	0	0	0	0
baf	1	61.000000	31	3	14	8.000000	25.000000	0.203708	3.260225	1700.259504	-420.000000	0.000000	47.000000	1747.362505	1112.597143	0.000000	0.000000	0	349.409871	93.563914	115.567411	-54.730521	-403.097369	96.274744	-53.498967	-342.663829	45.874741	0.000000	-420.000000	0	63.450268	6.381047	22.996925	105.921078	-54.114744	-372.880599	60.046337	54.114744	47.119401	53.498967	77.336171	33.902631	0	0	0	0	0
baf	1	61.000000	31	3	14	8.000000	25.000000	0.203708	3.260225	1747.461738	-420.000000	0.000000	48.000000	1794.391508	1112.597143	0.000000	0.000000	0	367.131423	73.579931	104.822286	-45.517144	-418.519003	83.396832	-42.358881	-353.455721	45.874741	0.000000	-420.000000	0	68.572993	5.122726	19.983983	94.109559	-43.938013	-385.987362	48.234819	43.938013	34.012638	42.358881	66.544279	18.480997	0	0	0	0	0
baf	1	61.000000	31	3	14	8.000000	25.000000	0.203708	3.260225	1794.541214	-420.000000	0.000000	49.000000	1841.610851	1112.597143	0.000000	0.000000	0	382.292010	56.663452	95.638846	-37.978745	-432.356665	71.387891	-33.411264	-362.038638	45.874741	0.000000	-420.000000	0	74.522451	5.949457	16.916479	83.513369	-35.695004	-397.197651	37.638628	35.695004	22.802349	33.411264	57.961362	4.643335	0	0	0	0	0
baf	1	61.000000	31	3	14	8.000000	25.000000	0.203708	3.260225	1841.713507	-420.000000	0.000000	50.000000	1888.489293	1112.597143	0.000000	0.000000	0	394.098936	43.485857	87.068072	-33.148547	-442.285367	61.013838	-26.370475	-368.590375	45.874741	0.000000	-420.000000	0	78.458379	3.935929	13.177594	74.040955	-29.759511	-405.437871	28.166215	29.759511	14.562129	26.370475	51.409625	5.285367	0	0	0	0	0
baf	1	61.000000	31	3	14	8.000000	25.000000	0.203708	3.260225	1888.587671	-420.000000	0.000000	51.000000	1935.580745	1112.597143	0.000000	0.000000	0	403.530991	33.063561	77.659129	-30.358585	-449.468861	52.186425	-21.079090	-373.928394	45.874741	0.000000	-420.000000	0	80.257896	1.799516	10.422296	64.922777	-25.718837	-411.698627	19.048037	25.718837	8.301373	21.079090	46.071606	12.468861	0	0	0	0	0
baf	1	61.000000	31	3	14	8.000000	25.000000	0.203708	3.260225	1935.683828	-420.000000	0.000000	52.000000	1982.585795	1112.597143	0.000000	0.000000	0	412.216650	24.254565	69.518226	-26.076155	-453.720493	44.773141	-16.149582	-378.406376	45.874741	0.000000	-420.000000	0	79.894131	0.363764	8.808997	57.145683	-21.112868	-416.063435	11.270943	21.112868	3.936565	16.149582	41.593624	16.720493	0	0	0	0	0
baf	1	61.000000	31	3	14	8.000000	25.000000	0.203708	3.260225	1982.689306	-420.000000	0.000000	53.000000	2029.449694	1112.597143	0.000000	0.000000	0	419.022427	18.060392	63.823902	-22.726748	-454.883570	41.494951	-10.731407	-384.051030	45.874741	0.000000	-420.000000	0	75.231103	4.663028	6.194172	52.659427	-16.729078	-419.467300	6.784686	16.729078	0.532700	10.731407	35.948970	17.883570	0	0	0	0	0
baf	1	61.000000	31	3	14	8.000000	25.000000	0.203708	3.260225	2040.929134	-420.000000	0.000000	54.000000	2088.421797	1112.597143	0.000000	0.000000	0	425.309876	14.309055	55.763189	-20.916725	-455.064337	39.700599	-6.443688	-392.459485	45.874741	0.000000	-420.000000	0	66.233247	8.997856	3.751338	47.731894	-13.680207	-423.761911	1.857153	13.680207	3.761911	6.443688	27.540515	18.064337	0	1	0	0	0
baf	1	61.000000	31	3	14	8.000000	25.000000	0.203708	3.260225	2088.526164	-420.000000	0.000000	55.000000	2135.280564	1112.597143	0.000000	0.000000	0	429.397959	12.798056	50.157841	-19.308916	-454.464891	38.305698	-3.460814	-396.755755	45.874741	0.000000	-420.000000	0	61.008033	5.225215	1.510999	44.231770	-11.384865	-425.610323	1.642971	11.384865	5.610323	3.460814	23.244245	17.464891	0	1	0	0	0
baf	1	61.000000	31	3	14	8.000000	25.000000	0.203708	3.260225	2135.390063	-420.000000	0.000000	56.000000	2181.998179	1112.597143	0.000000	0.000000	0	431.430795	14.254783	45.005585	-19.187800	-452.461541	37.837348	-3.407420	-402.469126	45.874741	0.000000	-420.000000	0	52.911677	8.096355	1.456728	41.421467	-11.297610	-427.465334	4.453274	11.297610	7.465334	3.407420	17.530874	15.461541	0	1	0	0	0
baf	1	61.000000	31	3	14	8.000000	25.000000	0.203708	3.260225	2182.101262	-420.000000	0.000000	57.000000	2228.773110	1112.597143	2216.995542	0.000000	0	432.711083	16.397498	41.633353	-19.844074	-451.357501	36.823265	-3.756941	-407.130432	45.874741	0.000000	-420.000000	0	47.307150	5.604527	2.142715	39.228309	-11.800508	-429.243967	6.646432	11.800508	9.243967	3.756941	12.869568	14.357501	0	1	0	1	0
baf	1	61.000000	31	3	14	8.000000	25.000000	0.203708	3.260225	2228.873199	-420.000000	0.000000	58.000000	2276.008707	1112.597143	2216.995542	0.000000	0	434.549538	18.094993	38.572498	-19.373236	-451.914990	34.269969	-3.709554	-408.564871	45.874741	0.000000	-420.000000	0	46.293579	1.013571	1.697495	36.421234	-11.541395	-430.239931	9.453507	11.541395	10.239931	3.709554	11.435129	14.914990	0	1	0	1	0
baf	1	61.000000	31	3	14	8.000000	25.000000	0.203708	3.260225	2276.119061	-420.000000	0.000000	59.000000	2323.120690	1112.597143	2216.995542	0.000000	0	435.734003	19.337204	36.645896	-19.209780	-452.180516	32.505465	-3.528299	-409.453128	45.874741	0.000000	-420.000000	0	45.702098	0.591481	1.242211	34.575681	-11.369040	-430.816822	11.299060	11.369040	10.816822	3.528299	10.546872	15.180516	0	1	0	1	0
baf	1	61.000000	31	3	14	8.000000	25.000000	0.203708	3.260225	2323.225912	-420.000000	0.000000	60.000000	2370.174501	1112.597143	2216.995542	0.000000	0	436.965186	20.862793	34.578628	-19.450231	-452.688957	31.089103	-3.101606	-410.809584	45.874741	0.000000	-420.000000	0	45.092529	0.609569	1.525588	32.833865	-11.275918	-431.749270	13.040875	11.275918	11.749270	3.101606	9.190416	15.688957	0	1	0	1	0
baf	1	61.000000	31	3	14	8.000000	25.000000	0.203708	3.260225	2370.280151	-420.000000	0.000000	61.000000	2416.880995	1112.597143	2216.995542	0.000000	0	438.305797	23.099709	32.324448	-19.497720	-453.660967	28.236271	-3.436115	-411.551856	45.874741	0.000000	-420.000000	0	45.253349	0.160820	2.236916	30.280359	-11.466918	-432.606412	15.594381	11.466918	12.606412	3.436115	8.448144	16.660967	0	1	0	1	0
baf	1	61.000000	31	3	14	8.000000	25.000000	0.203708	3.260225	2416.983651	-420.000000	0.000000	62.000000	2463.985707	1112.597143	2216.995542	0.000000	0	439.584117	24.904275	30.030221	-19.646628	-454.466971	26.449459	-3.181740	-412.287441	45.874741	0.000000	-420.000000	0	45.420559	0.167210	1.804566	28.239840	-11.414184	-433.377206	17.634900	11.414184	13.377206	3.181740	7.712559	17.466971	0	1	0	1	0
baf	1	61.000000	31	3	14	8.000000	25.000000	0.203708	3.260225	2464.084513	-420.000000	0.000000	63.000000	2511.166127	1112.597143	2216.995542	0.000000	0	441.492100	26.554998	27.656393	-18.990765	-455.396674	24.780846	-2.318768	-413.258574	45.874741	0.000000	-420.000000	0	45.407530	0.013029	1.650723	26.218620	-10.654766	-434.327624	19.656121	10.654766	14.327624	2.318768	6.741426	18.396674	0	1	0	1	0
baf	1	61.000000	31	3	14	8.000000	25.000000	0.203708	3.260225	2511.266216	-420.000000	0.000000	64.000000	2558.767862	1112.597143	2216.995542	0.000000	0	443.497810	28.628863	25.424066	-17.945702	-456.242362	22.902736	-2.134655	-415.217092	45.874741	0.000000	-420.000000	0	44.038836	1.368694	2.073864	24.163401	-10.040178	-435.729727	21.711340	10.040178	15.729727	2.134655	4.782908	19.242362	0	1	0	1	0
baf	1	61.000000	31	3	14	8.000000	25.000000	0.203708	3.260225	2558.867951	-420.000000	0.000000	65.000000	2605.539798	1112.597143	2216.995542	0.000000	0	444.173130	28.786516	24.942329	-17.155413	-454.558817	25.590438	-2.031536	-420.763945	45.874741	0.000000	-420.000000	0	37.030327	7.008509	0.157653	25.266384	-9.593474	-437.661381	20.608357	9.593474	17.661381	2.031536	0.763945	17.558817	0	1	0	1	0
baf	1	61.000000	31	3	14	8.000000	25.000000	0.203708	3.260225	2605.642454	-420.000000	0.000000	66.000000	2652.647504	1112.597143	2216.995542	0.000000	0	443.767353	27.843248	25.178029	-16.902282	-452.221313	26.001628	-1.813023	-421.017407	45.874741	0.000000	-420.000000	0	34.670561	2.359766	0.943268	25.589828	-9.357653	-436.619360	20.284912	9.357653	16.619360	1.813023	1.017407	15.221313	0	1	0	1	0
baf	1	61.000000	31	3	14	8.000000	25.000000	0.203708	3.260225	2652.775396	-420.000000	0.000000	67.000000	2699.532362	1112.597143	2216.995542	0.000000	0	443.076015	25.367812	26.788041	-14.715883	-450.299309	28.674619	-2.197640	-420.866424	45.874741	0.000000	-420.000000	0	32.039980	2.630581	2.475436	27.731330	-8.456761	-435.582866	18.143411	8.456761	15.582866	2.197640	0.866424	13.299309	0	1	0	1	0
baf	1	61.000000	31	3	14	8.000000	25.000000	0.203708	3.260225	2699.636300	-420.000000	0.000000	68.000000	2746.644345	1112.597143	2216.995542	0.000000	0	441.646514	21.743928	29.800388	-13.534163	-447.910411	32.839165	-1.579751	-420.644365	45.874741	0.000000	-420.000000	0	29.926232	2.113748	3.623884	31.319776	-7.556957	-434.277388	14.554964	7.556957	14.277388	1.579751	0.644365	10.910411	0	1	0	1	0
baf	1	61.000000	31	3	14	8.000000	25.000000	0.203708	3.260225	2746.749567	-420.000000	0.000000	69.000000	2793.666932	1112.597143	2216.995542	0.000000	0	440.398456	18.126641	33.337320	-13.244839	-446.787356	37.315515	0.438621	-419.768863	45.874741	0.000000	-420.000000	0	30.546064	0.619832	3.617287	35.326417	-6.403109	-433.278109	10.548323	6.403109	13.278109	0.438621	0.231137	9.787356	0	1	0	1	0
baf	1	61.000000	31	3	14	8.000000	25.000000	0.203708	3.260225	2793.861977	-420.000000	0.000000	70.000000	2840.788325	1112.597143	2216.995542	0.000000	0	439.765971	15.761474	36.318249	-11.993666	-446.443953	41.011707	1.478960	-419.540937	45.874741	0.000000	-420.000000	0	30.451805	0.094259	2.365167	38.664978	-5.257353	-432.992445	7.209763	5.257353	12.992445	1.478960	0.459063	9.443953	0	1	0	1	0
baf	1	61.000000	31	3	14	8.000000	25.000000	0.203708	3.260225	2840.896969	-420.000000	0.000000	71.000000	2887.834437	1112.597143	2216.995542	0.000000	0	439.248619	14.087879	39.923763	-10.410030	-446.047008	43.188580	1.925159	-419.394692	45.874741	0.000000	-420.000000	0	29.549313	0.902492	1.673596	41.556171	-4.242436	-432.720850	4.318569	4.242436	12.720850	1.925159	0.605308	9.047008	0	1	0	1	0
baf	1	61.000000	31	3	14	8.000000	25.000000	0.203708	3.260225	2887.937948	-420.000000	0.000000	72.000000	2935.034105	1112.597143	2216.995542	0.000000	0	439.110774	13.235895	41.938218	-8.629076	-445.878511	46.042572	2.317465	-419.552103	45.874741	0.000000	-420.000000	0	28.805420	0.743893	0.851984	43.990395	-3.155806	-432.715307	1.884346	3.155806	12.715307	2.317465	0.447897	8.878511	0	1	0	1	0
baf	1	61.000000	31	3	14	8.000000	25.000000	0.203708	3.260225	2935.137188	-420.000000	0.000000	73.000000	2981.889877	1112.597143	2216.995542	0.000000	0	439.656811	12.993419	43.103600	-6.695458	-445.820444	46.719473	2.591106	-419.767815	45.874741	0.000000	-420.000000	0	27.893625	0.911796	0.242475	44.911537	-2.052176	-432.794130	0.963204	2.052176	12.794130	2.591106	0.232185	8.820444	0	1	0	1	0
baf	1	61.000000	31	3	14	8.000000	25.000000	0.203708	3.260225	2981.991677	-420.000000	0.000000	74.000000	3029.255077	1112.597143	2216.995542	0.000000	0	439.731959	12.867321	44.271132	-6.159212	-445.579578	46.589023	2.811191	-419.920847	45.874741	0.000000	-420.000000	0	27.280235	0.613390	0.126098	45.430077	-1.674011	-432.750212	0.444663	1.674011	12.750212	2.811191	0.079153	8.579578	0	1	0	1	0
baf	1	61.000000	31	3	14	8.000000	25.000000	0.203708	3.260225	3029.354738	-420.000000	0.000000	75.000000	3076.136513	1112.597143	2216.995542	0.000000	0	440.472039	13.006998	43.228765	-5.565883	-445.741280	46.483131	3.292355	-420.092949	45.874741	0.000000	-420.000000	0	27.329401	0.049166	0.139677	44.855948	-1.136764	-432.917114	1.018792	1.136764	12.917114	3.292355	0.092949	8.741280	0	1	0	1	0
baf	1	61.000000	31	3	14	8.000000	25.000000	0.203708	3.260225	3076.236174	-420.000000	0.000000	76.000000	3123.081253	1112.597143	2216.995542	0.000000	0	440.627374	12.956127	43.112263	-5.451471	-445.739473	46.169370	3.406892	-419.973838	45.874741	0.000000	-420.000000	0	27.416864	0.087463	0.050871	44.640817	-1.022289	-432.856656	1.233924	1.022289	12.856656	3.406892	0.026162	8.739473	0	1	0	1	0
baf	1	61.000000	31	3	14	8.000000	25.000000	0.203708	3.260225	3123.185192	-420.000000	0.000000	77.000000	3170.454152	1112.597143	2216.995542	0.000000	0	440.288389	12.881505	43.579210	-5.639218	-445.671269	46.352466	3.156050	-419.907279	45.874741	0.000000	-420.000000	0	27.364774	0.052090	0.074623	44.965838	-1.241584	-432.789274	0.908903	1.241584	12.789274	3.156050	0.092721	8.671269	0	1	0	1	0
baf	1	61.000000	31	3	14	8.000000	25.000000	0.203708	3.260225	3170.552530	-420.000000	0.000000	78.000000	3217.619601	1112.597143	2216.995542	0.000000	0	440.181621	12.829108	43.472708	-5.766735	-445.628499	46.369086	3.045254	-419.813560	45.874741	0.000000	-420.000000	0	27.430845	0.066071	0.052396	44.920897	-1.360740	-432.721029	0.953844	1.360740	12.721029	3.045254	0.186440	8.628499	0	1	0	1	0
baf	1	61.000000	31	3	14	8.000000	25.000000	0.203708	3.260225	3217.719262	-420.000000	0.000000	79.000000	3264.581450	1112.597143	2216.995542	0.000000	0	440.022084	12.865068	43.530931	-6.006764	-445.647669	46.415336	2.923649	-419.833359	45.874741	0.000000	-420.000000	0	27.467266	0.036421	0.035960	44.973134	-1.541558	-432.740514	0.901607	1.541558	12.740514	2.923649	0.166641	8.647669	0	1	0	1	0
baf	1	61.000000	31	3	14	8.000000	25.000000	0.203708	3.260225	3264.684961	-420.000000	0.000000	80.000000	3311.554421	1112.597143	2216.995542	0.000000	0	440.015298	12.940849	43.488579	-6.120246	-445.699309	46.357842	2.902540	-419.910982	45.874741	0.000000	-420.000000	0	27.471460	0.004195	0.075781	44.923211	-1.608853	-432.805146	0.951530	1.608853	12.805146	2.902540	0.089018	8.699309	0	1	0	1	0
baf	1	61.000000	31	3	14	8.000000	25.000000	0.203708	3.260225	3311.657504	-420.000000	0.000000	81.000000	3358.603100	1112.597143	2216.995542	0.000000	0	440.035636	12.965727	43.437313	-6.103470	-445.698993	46.481051	2.940048	-419.973562	45.874741	0.000000	-420.000000	0	27.438064	0.033397	0.024878	44.959182	-1.581711	-432.836277	0.915558	1.581711	12.836277	2.940048	0.026438	8.698993	0	1	0	1	0
baf	1	61.000000	31	3	14	8.000000	25.000000	0.203708	3.260225	3358.701478	-420.000000	0.000000	82.000000	3405.324137	1112.597143	2216.995542	0.000000	0	440.027662	12.975496	43.634772	-6.083238	-445.657036	46.447193	2.964027	-420.051794	45.874741	0.000000	-420.000000	0	27.301852	0.136212	0.009769	45.040983	-1.559605	-432.854415	0.833758	1.559605	12.854415	2.964027	0.051794	8.657036	0	1	0	1	0
baf	1	61.000000	31	3	14	8.000000	25.000000	0.203708	3.260225	3405.422515	-420.000000	0.000000	83.000000	3452.606356	1112.597143	2216.995542	0.000000	0	440.168261	13.009839	43.357483	-6.065048	-445.723730	46.289428	3.047286	-420.034685	45.874741	0.000000	-420.000000	0	27.414558	0.112706	0.034343	44.823456	-1.508881	-432.879207	1.051285	1.508881	12.879207	3.047286	0.034685	8.723730	0	1	0	1	0
baf	1	61.000000	31	3	14	8.000000	25.000000	0.203708	3.260225	3452.704734	-420.000000	0.000000	84.000000	3499.740581	1112.597143	2216.995542	0.000000	0	440.038108	12.964255	43.782452	-6.208093	-445.679198	46.218940	3.088550	-420.001539	45.874741	0.000000	-420.000000	0	27.417262	0.002703	0.045584	45.000696	-1.559772	-432.840369	0.874045	1.559772	12.840369	3.088550	0.001539	8.679198	0	1	0	1	0
baf	1	61.000000	31	3	14	8.000000	25.000000	0.203708	3.260225	3499.838959	-420.000000	0.000000	85.000000	3546.988583	1112.597143	2216.995542	0.000000	0	439.858922	12.974391	43.990865	-6.275047	-445.666022	46.490638	2.944019	-420.036814	45.874741	0.000000	-420.000000	0	27.351350	0.065912	0.010136	45.240751	-1.665514	-432.851418	0.633990	1.665514	12.851418	2.944019	0.036814	8.666022	0	1	0	1	0
baf	1	61.000000	31	3	14	8.000000	25.000000	0.203708	3.260225	3547.087816	-420.000000	0.000000	86.000000	3593.853337	1112.597143	2216.995542	0.000000	0	439.917167	12.938488	43.957516	-6.122138	-445.674570	46.544216	2.970679	-419.979462	45.874741	0.000000	-420.000000	0	27.378986	0.027636	0.035903	45.250866	-1.575729	-432.827016	0.623874	1.575729	12.827016	2.970679	0.020538	8.674570	0	1	0	1	0
baf	1	61.000000	31	3	14	8.000000	25.000000	0.203708	3.260225	3593.951715	-420.000000	0.000000	87.000000	3641.144111	1112.597143	2216.995542	0.000000	0	440.157401	12.976423	43.668658	-5.959014	-445.763440	46.395977	3.133611	-419.980076	45.874741	0.000000	-420.000000	0	27.475369	0.096383	0.037935	45.032317	-1.412701	-432.871758	0.842423	1.412701	12.871758	3.133611	0.019924	8.763440	0	1	0	1	0
baf	1	61.000000	31	3	14	8.000000	25.000000	0.203708	3.260225	3641.242490	-420.000000	0.000000	88.000000	3688.085002	1112.597143	2216.995542	0.000000	0	440.300769	12.958457	43.542538	-5.771072	-445.716747	46.344917	3.220579	-420.007060	45.874741	0.000000	-420.000000	0	27.380487	0.094882	0.017966	44.943728	-1.275246	-432.861903	0.931013	1.275246	12.861903	3.220579	0.007060	8.716747	0	1	0	1	0
baf	1	61.000000	31	3	14	8.000000	25.000000	0.203708	3.260225	3688.183380	-420.000000	0.000000	89.000000	3723.434815	1112.597143	2216.995542	3723.430110	0	439.972785	12.925201	  44.033391   -6.065696 -445.654751	  46.442948    3.045224 -419.986996	45.874741	0.000000	-420.000000	0	27.343161	0.037326	0.033255	0
