subjName	sessionNR	IOD	trialN	textureType	texnum	visualAngle	simulatedDepth	light_intensity	ambient_intensity	time	displayDistance	isRotated	frameN	timTote	startTime	touchTime	endTime	fingersOccluded	distanceToHome	distanceToObject	indexXraw	indexYraw	indexZraw	thumbXraw	thumbYraw	thumbZraw	targetX	targetY	targetZ	failCause	gripAperture	gripApertureVel	distFromObjVel	gripOriginX	gripOriginY	gripOriginZ	distFromObjX	distFromObjY	distFromObjZ	y_dist_thm	z_dist_thm	z_dist_ind	handOnObj	handnearObj	handfarObj	handTouchObj	framesOccluded
baf	2	61.000000	87	1	43	8.000000	55.000000	0.791845	1.748073	887.692858	-420.000000	0.000000	30.000000	934.640165	0.000000	0.000000	0.000000	0	9.595717	426.262878	216.638935	-351.003218	-259.347216	221.878840	-354.700965	-253.054004	45.002747	0.000000	-420.000000	0	8.985235	0.197941	0.061606	219.258888	-352.852091	-256.200610	174.256141	352.852091	163.799390	354.700965	166.945996	207.652784	0	0	1	0	0
baf	2	61.000000	87	1	43	8.000000	55.000000	0.791845	1.748073	934.834355	-420.000000	0.000000	31.000000	981.545554	0.000000	0.000000	0.000000	0	9.580413	426.276352	216.594249	-351.015603	-259.352313	221.882181	-354.714706	-252.991083	45.002747	0.000000	-420.000000	0	9.061503	0.076267	0.013474	219.238215	-352.865154	-256.171698	174.235469	352.865154	163.828302	354.714706	167.008917	207.647687	0	0	1	0	0
baf	2	61.000000	87	1	43	8.000000	55.000000	0.791845	1.748073	981.653770	-420.000000	0.000000	32.000000	1028.867553	0.000000	0.000000	0.000000	0	9.621932	426.249083	216.592734	-351.025396	-259.352056	221.803300	-354.702178	-253.041861	45.002747	0.000000	-420.000000	0	8.971471	0.090031	0.027269	219.198017	-352.863787	-256.196958	174.195270	352.863787	163.803042	354.702178	166.958139	207.647944	0	0	1	0	0
baf	2	61.000000	87	1	43	8.000000	55.000000	0.791845	1.748073	1028.966359	-420.000000	0.000000	33.000000	1075.809727	0.000000	0.000000	0.000000	0	9.614404	426.238191	216.558687	-350.993598	-259.362292	221.867187	-354.692778	-253.031302	45.002747	0.000000	-420.000000	0	9.052378	0.080907	0.010892	219.212937	-352.843188	-256.196797	174.210190	352.843188	163.803203	354.692778	166.968698	207.637708	0	0	1	0	0
baf	2	61.000000	87	1	43	8.000000	55.000000	0.791845	1.748073	1075.908105	-420.000000	0.000000	34.000000	1122.751900	0.000000	0.000000	0.000000	0	9.662345	426.219537	216.516190	-351.026668	-259.379694	221.774031	-354.697398	-253.047926	45.002747	0.000000	-420.000000	0	9.011683	0.040695	0.018654	219.145110	-352.862033	-256.213810	174.142363	352.862033	163.786190	354.697398	166.952074	207.620306	0	0	1	0	0
baf	2	61.000000	87	1	43	8.000000	55.000000	0.791845	1.748073	1122.849851	-420.000000	0.000000	35.000000	1170.133354	0.000000	0.000000	0.000000	0	9.643125	426.221393	216.626276	-351.012123	-259.343197	221.713921	-354.684386	-253.068531	45.002747	0.000000	-420.000000	0	8.873618	0.138066	0.001857	219.170098	-352.848255	-256.205864	174.167352	352.848255	163.794136	354.684386	166.931469	207.656803	0	0	1	0	0
baf	2	61.000000	87	1	43	8.000000	55.000000	0.791845	1.748073	1170.231304	-420.000000	0.000000	36.000000	1216.856957	0.000000	0.000000	0.000000	0	9.618601	426.243299	216.618870	-351.032885	-259.332657	221.738783	-354.686281	-253.032435	45.002747	0.000000	-420.000000	0	8.902449	0.028831	0.021906	219.178827	-352.859583	-256.182546	174.176080	352.859583	163.817454	354.686281	166.967565	207.667343	0	0	1	0	0
baf	2	61.000000	87	1	43	8.000000	55.000000	0.791845	1.748073	1216.962606	-420.000000	0.000000	37.000000	1264.149442	0.000000	0.000000	0.000000	0	9.621305	426.223765	216.467988	-351.007914	-259.355311	221.833216	-354.680294	-252.984741	45.002747	0.000000	-420.000000	0	9.102538	0.200089	0.019535	219.150602	-352.844104	-256.170026	174.147856	352.844104	163.829974	354.680294	167.015259	207.644689	0	0	1	0	0
baf	2	61.000000	87	1	43	8.000000	55.000000	0.791845	1.748073	1264.248248	-420.000000	0.000000	38.000000	1311.580940	0.000000	0.000000	0.000000	0	9.606803	426.244545	216.547841	-351.052234	-259.344685	221.823656	-354.654206	-253.001235	45.002747	0.000000	-420.000000	0	9.002655	0.099884	0.020780	219.185748	-352.853220	-256.172960	174.183002	352.853220	163.827040	354.654206	166.998765	207.655315	0	0	1	0	0
baf	2	61.000000	87	1	43	8.000000	55.000000	0.791845	1.748073	1311.730646	-420.000000	0.000000	39.000000	1358.147566	0.000000	0.000000	0.000000	0	9.527817	426.302143	216.753695	-351.067011	-259.322879	221.875436	-354.633404	-252.984352	45.002747	0.000000	-420.000000	0	8.895409	0.107245	0.057598	219.314565	-352.850208	-256.153616	174.311819	352.850208	163.846384	354.633404	167.015648	207.677121	0	0	1	0	0
baf	2	61.000000	87	1	43	8.000000	55.000000	0.791845	1.748073	1358.250222	-420.000000	0.000000	40.000000	1405.589330	0.000000	0.000000	0.000000	0	9.589571	426.234086	216.692539	-351.041608	-259.339851	221.765632	-354.600983	-253.015144	45.002747	0.000000	-420.000000	0	8.854791	0.040618	0.068057	219.229086	-352.821296	-256.177498	174.226339	352.821296	163.822502	354.600983	166.984856	207.660149	0	0	1	0	0
baf	2	61.000000	87	1	43	8.000000	55.000000	0.791845	1.748073	1405.698401	-420.000000	0.000000	41.000000	1452.965650	0.000000	0.000000	0.000000	0	9.562968	426.246089	216.780060	-351.027677	-259.340542	221.797849	-354.587099	-253.019453	45.002747	0.000000	-420.000000	0	8.820649	0.034142	0.012003	219.288954	-352.807388	-256.179998	174.286208	352.807388	163.820002	354.587099	166.980547	207.659458	0	0	1	0	0
baf	2	61.000000	87	1	43	8.000000	55.000000	0.791845	1.748073	1453.074722	-420.000000	0.000000	42.000000	1499.987382	0.000000	0.000000	0.000000	0	9.485860	426.040288	216.558324	-350.727679	-259.215597	222.010279	-354.306726	-252.955859	45.002747	0.000000	-420.000000	0	9.039785	0.219136	0.205800	219.284301	-352.517203	-256.085728	174.281555	352.517203	163.914272	354.306726	167.044141	207.784403	0	0	1	0	0
baf	2	61.000000	87	1	43	8.000000	55.000000	0.791845	1.748073	1500.084905	-420.000000	0.000000	43.000000	1547.417597	0.000000	0.000000	0.000000	0	9.502659	424.979223	216.637918	-349.139854	-259.246267	222.432637	-353.069752	-252.905274	45.002747	0.000000	-420.000000	0	9.446219	0.406434	1.061065	219.535278	-351.104803	-256.075771	174.532531	351.104803	163.924229	353.069752	167.094726	207.753733	0	0	1	0	0
baf	2	61.000000	87	1	43	8.000000	55.000000	0.791845	1.748073	1547.515547	-420.000000	0.000000	44.000000	1594.760982	0.000000	0.000000	0.000000	0	11.458956	421.519762	218.027878	-344.829251	-260.060044	222.915217	-348.916032	-253.940078	45.002747	0.000000	-420.000000	0	8.834130	0.612089	3.459461	220.471547	-346.872641	-257.000061	175.468801	346.872641	162.999939	348.916032	166.059922	206.939956	0	0	1	0	0
baf	2	61.000000	87	1	43	8.000000	55.000000	0.791845	1.748073	1594.858932	-420.000000	0.000000	45.000000	1641.639424	1630.195914	0.000000	0.000000	0	18.114497	414.605894	219.343185	-336.293207	-261.943614	224.800352	-340.498318	-255.362000	45.002747	0.000000	-420.000000	0	9.527921	0.693791	6.913868	222.071769	-338.395762	-258.652807	177.069022	338.395762	161.347193	340.498318	164.638000	205.056386	0	0	1	0	0
baf	2	61.000000	87	1	43	8.000000	55.000000	0.791845	1.748073	1641.755767	-420.000000	0.000000	46.000000	1700.580302	1630.195914	0.000000	0.000000	0	38.117035	396.600035	220.653267	-314.931130	-266.497524	224.658566	-319.845908	-257.303382	45.002747	0.000000	-420.000000	0	11.168245	1.640324	18.005859	222.655916	-317.388519	-261.900453	177.653170	317.388519	158.099547	319.845908	162.696618	200.502476	0	0	1	0	0
baf	2	61.000000	87	1	43	8.000000	55.000000	0.791845	1.748073	1700.685096	-420.000000	0.000000	47.000000	1747.563538	1630.195914	0.000000	0.000000	0	63.084539	373.640704	218.273272	-290.187291	-272.004590	219.173654	-294.564710	-258.513505	45.002747	0.000000	-420.000000	0	14.212032	3.043786	22.959331	218.723463	-292.376000	-265.259047	173.720716	292.376000	154.740953	294.564710	161.486495	194.995410	0	0	1	0	0
baf	2	61.000000	87	1	43	8.000000	55.000000	0.791845	1.748073	1747.661916	-420.000000	0.000000	48.000000	1794.853885	1630.195914	0.000000	0.000000	0	93.664381	345.120392	212.535241	-260.531842	-279.704616	210.261108	-264.919047	-260.989604	45.002747	0.000000	-420.000000	0	19.356418	5.144386	28.520312	211.398174	-262.725444	-270.347110	166.395428	262.725444	149.652890	264.919047	159.010396	187.295384	0	0	1	0	0
baf	2	61.000000	87	1	43	8.000000	55.000000	0.791845	1.748073	1795.013856	-420.000000	0.000000	49.000000	1841.828139	1630.195914	0.000000	0.000000	0	128.127803	312.131251	205.254597	-228.166345	-290.924556	195.798906	-232.880352	-265.546345	45.002747	0.000000	-420.000000	0	27.489735	8.133317	32.989141	200.526751	-230.523348	-278.235451	155.524005	230.523348	141.764549	232.880352	154.453655	176.075444	0	0	1	0	0
baf	2	61.000000	87	1	43	8.000000	55.000000	0.791845	1.748073	1841.935499	-420.000000	0.000000	50.000000	1888.887511	1630.195914	0.000000	0.000000	0	163.831600	277.757633	196.345232	-195.358233	-304.876784	179.434709	-200.572500	-270.228841	45.002747	0.000000	-420.000000	0	38.905454	11.415719	34.373618	187.889971	-197.965367	-287.552813	142.887224	197.965367	132.447187	200.572500	149.771159	162.123216	0	0	1	0	0
baf	2	61.000000	87	1	43	8.000000	55.000000	0.791845	1.748073	1888.985033	-420.000000	0.000000	51.000000	1935.580317	1630.195914	0.000000	0.000000	0	199.286218	243.441694	185.736553	-163.451884	-319.395634	160.664494	-169.381003	-274.557576	45.002747	0.000000	-420.000000	0	51.712803	12.807349	34.315939	173.200524	-166.416443	-296.976605	128.197777	166.416443	123.023395	169.381003	145.442424	147.604366	0	0	0	0	0
baf	2	61.000000	87	1	43	8.000000	55.000000	0.791845	1.748073	1935.678695	-420.000000	0.000000	52.000000	1982.137961	1630.195914	0.000000	0.000000	0	232.556042	211.651152	174.434582	-133.058546	-331.893229	141.092885	-141.447224	-277.951906	45.002747	0.000000	-420.000000	0	63.966437	12.253633	31.790542	157.763733	-137.252885	-304.922568	112.760987	137.252885	115.077432	141.447224	142.048094	135.106771	0	0	0	0	0
baf	2	61.000000	87	1	43	8.000000	55.000000	0.791845	1.748073	1982.240189	-420.000000	0.000000	53.000000	2029.666554	1630.195914	0.000000	0.000000	0	262.599042	180.983653	159.990747	-109.288513	-347.534065	118.824293	-117.619503	-282.980761	45.002747	0.000000	-420.000000	0	77.014358	13.047921	30.667499	139.407520	-113.454008	-315.257413	94.404773	113.454008	104.742587	117.619503	137.019239	119.465935	0	0	0	0	0
baf	2	61.000000	87	1	43	8.000000	55.000000	0.791845	1.748073	2029.764504	-420.000000	0.000000	54.000000	2076.655350	1630.195914	0.000000	0.000000	0	288.642828	153.037756	144.929449	-91.554655	-363.291477	98.479712	-98.219242	-291.950840	45.002747	0.000000	-420.000000	0	85.390171	8.375813	27.945897	121.704581	-94.886948	-327.621158	76.701834	94.886948	92.378842	98.219242	128.049160	103.708523	0	0	0	0	0
baf	2	61.000000	87	1	43	8.000000	55.000000	0.791845	1.748073	2076.754584	-420.000000	0.000000	55.000000	2123.575282	1630.195914	0.000000	0.000000	0	311.170453	127.487952	131.235753	-78.870665	-380.697381	83.383182	-82.145800	-305.816792	45.002747	0.000000	-420.000000	0	88.925237	3.535065	25.549804	107.309468	-80.508232	-343.257086	62.306721	80.508232	76.742914	82.145800	114.183208	86.302619	0	0	0	0	0
baf	2	61.000000	87	1	43	8.000000	55.000000	0.791845	1.748073	2123.673232	-420.000000	0.000000	56.000000	2170.496069	1630.195914	0.000000	0.000000	0	330.681446	105.337325	122.719145	-68.396582	-397.711804	73.205143	-68.001317	-321.620760	45.002747	0.000000	-420.000000	0	90.783477	1.858240	22.150627	97.962144	-68.198950	-359.666282	52.959397	68.198950	60.333718	68.001317	98.379240	69.288196	0	0	0	0	0
baf	2	61.000000	87	1	43	8.000000	55.000000	0.791845	1.748073	2170.594020	-420.000000	0.000000	57.000000	2217.497270	1630.195914	0.000000	0.000000	0	347.802531	86.362632	116.444438	-59.245022	-413.299210	65.986346	-55.919787	-337.098060	45.002747	0.000000	-420.000000	0	91.453221	0.669744	18.974693	91.215392	-57.582404	-375.198635	46.212645	57.582404	44.801365	55.919787	82.901940	53.700790	0	0	0	0	0
baf	2	61.000000	87	1	43	8.000000	55.000000	0.791845	1.748073	2217.594793	-420.000000	0.000000	58.000000	2265.028429	1630.195914	0.000000	0.000000	0	362.718744	71.283442	113.182358	-49.960533	-425.917797	62.860519	-44.606161	-350.994763	45.002747	0.000000	-420.000000	0	90.412487	1.040734	15.079190	88.021439	-47.283347	-388.456280	43.018692	47.283347	31.543720	44.606161	69.005237	41.082203	0	0	0	0	0
baf	2	61.000000	87	1	43	8.000000	55.000000	0.791845	1.748073	2265.130657	-420.000000	0.000000	59.000000	2311.888906	1630.195914	0.000000	0.000000	0	375.868245	58.737002	110.208836	-41.447644	-436.557154	58.576431	-35.216699	-362.012579	45.002747	0.000000	-420.000000	0	90.893474	0.480986	12.546440	84.392634	-38.332172	-399.284867	39.389887	38.332172	20.715133	35.216699	57.987421	30.442846	0	0	0	0	0
baf	2	61.000000	87	1	43	8.000000	55.000000	0.791845	1.748073	2311.990279	-420.000000	0.000000	60.000000	2359.167704	1630.195914	0.000000	0.000000	0	386.540594	49.545349	107.030725	-34.296258	-444.206318	56.660394	-26.913863	-370.441841	45.002747	0.000000	-420.000000	0	89.626268	1.267205	9.191653	81.845560	-30.605060	-407.324080	36.842813	30.605060	12.675920	26.913863	49.558159	22.793682	0	0	0	0	0
baf	2	61.000000	87	1	43	8.000000	55.000000	0.791845	1.748073	2359.265655	-420.000000	0.000000	61.000000	2405.791219	1630.195914	0.000000	0.000000	0	395.640701	41.749852	102.969774	-28.049426	-449.603744	53.910634	-19.933551	-376.339935	45.002747	0.000000	-420.000000	0	88.545200	1.081069	7.795497	78.440204	-23.991488	-412.971839	33.437457	23.991488	7.028161	19.933551	43.660065	17.396256	0	0	0	0	0
baf	2	61.000000	87	1	43	8.000000	55.000000	0.791845	1.748073	2405.890024	-420.000000	0.000000	62.000000	2453.170106	1630.195914	0.000000	0.000000	0	402.868105	36.302453	99.552548	-23.531236	-453.850914	52.192987	-14.481189	-382.315643	45.002747	0.000000	-420.000000	0	86.267760	2.277440	5.447398	75.872767	-19.006213	-418.083278	30.870021	19.006213	1.916722	14.481189	37.684357	13.149086	0	0	0	0	0
baf	2	61.000000	87	1	43	8.000000	55.000000	0.791845	1.748073	2453.267628	-420.000000	0.000000	63.000000	2500.034860	1630.195914	0.000000	0.000000	0	408.778485	33.601549	96.671844	-19.631828	-457.096513	53.323579	-10.021331	-389.080441	45.002747	0.000000	-420.000000	0	81.225734	5.042025	2.700905	74.997712	-14.826579	-423.088477	29.994965	14.826579	3.088477	10.021331	30.919559	9.903487	0	0	0	0	0
baf	2	61.000000	87	1	43	8.000000	55.000000	0.791845	1.748073	2500.134521	-420.000000	0.000000	64.000000	2547.011252	1630.195914	0.000000	0.000000	0	413.125262	32.802786	94.408904	-16.836780	-459.571301	54.723279	-7.295829	-395.453434	45.002747	0.000000	-420.000000	0	76.007102	5.218632	0.798763	74.566092	-12.066305	-427.512368	29.563345	12.066305	7.512368	7.295829	24.546566	7.428699	0	1	0	0	0
baf	2	61.000000	87	1	43	8.000000	55.000000	0.791845	1.748073	2547.109203	-420.000000	0.000000	65.000000	2593.955565	1630.195914	0.000000	0.000000	0	415.786106	33.659491	93.963659	-15.335561	-462.087562	55.755700	-6.074000	-400.445308	45.002747	0.000000	-420.000000	0	73.112189	2.894913	0.856705	74.859679	-10.704781	-431.266435	29.856933	10.704781	11.266435	6.074000	19.554692	4.912438	0	1	0	0	0
baf	2	61.000000	87	1	43	8.000000	55.000000	0.791845	1.748073	2594.053943	-420.000000	0.000000	66.000000	2641.032046	1630.195914	0.000000	0.000000	0	418.266260	34.388926	93.383754	-14.084589	-464.828031	56.048099	-4.887664	-404.136676	45.002747	0.000000	-420.000000	0	71.846887	1.265302	0.729435	74.715926	-9.486127	-434.482353	29.713180	9.486127	14.482353	4.887664	15.863324	2.171969	0	1	0	0	0
baf	2	61.000000	87	1	43	8.000000	55.000000	0.791845	1.748073	2641.131280	-420.000000	0.000000	67.000000	2687.947273	1630.195914	2676.356623	0.000000	0	420.100405	35.725078	93.733535	-12.861042	-467.023940	56.718604	-4.030509	-407.122851	45.002747	0.000000	-420.000000	0	70.966357	0.880529	1.336152	75.226069	-8.445776	-437.073396	30.223323	8.445776	17.073396	4.030509	12.877149	0.023940	0	1	0	1	0
baf	2	61.000000	87	1	43	8.000000	55.000000	0.791845	1.748073	2688.046079	-420.000000	0.000000	68.000000	2735.174743	1630.195914	2676.356623	0.000000	0	421.956038	36.556866	92.908837	-11.267554	-468.433877	57.869028	-3.094376	-409.593372	45.002747	0.000000	-420.000000	0	68.969516	1.996842	0.831788	75.388933	-7.180965	-439.013625	30.386186	7.180965	19.013625	3.094376	10.406628	1.433877	0	1	0	1	0
baf	2	61.000000	87	1	43	8.000000	55.000000	0.791845	1.748073	2735.273977	-420.000000	0.000000	69.000000	2782.151135	1630.195914	2676.356623	0.000000	0	423.439148	37.473679	91.906939	-10.769445	-470.068453	58.361348	-2.665488	-412.416894	45.002747	0.000000	-420.000000	0	67.191391	1.778124	0.916813	75.134144	-6.717467	-441.242674	30.131397	6.717467	21.242674	2.665488	7.583106	3.068453	1	1	0	1	0
baf	2	61.000000	87	1	43	8.000000	55.000000	0.791845	1.748073	2782.303407	-420.000000	0.000000	70.000000	2829.184843	1630.195914	2676.356623	0.000000	0	425.237888	37.639986	90.206072	-9.752898	-471.306894	58.274938	-1.980364	-414.628045	45.002747	0.000000	-420.000000	0	65.517185	1.674206	0.166307	74.240505	-5.866631	-442.967470	29.237758	5.866631	22.967470	1.980364	5.371955	4.306894	1	1	0	1	0
baf	2	61.000000	87	1	43	8.000000	55.000000	0.791845	1.748073	2829.292204	-420.000000	0.000000	71.000000	2875.922134	1630.195914	2676.356623	0.000000	0	427.773427	35.903735	87.252313	-7.642097	-472.061388	56.062155	-0.905271	-415.282126	45.002747	0.000000	-420.000000	0	65.131369	0.385815	1.736251	71.657234	-4.273684	-443.671757	26.654488	4.273684	23.671757	0.905271	4.717874	5.061388	1	1	0	1	0
baf	2	61.000000	87	1	43	8.000000	55.000000	0.791845	1.748073	2876.024362	-420.000000	0.000000	72.000000	2922.802715	1630.195914	2676.356623	0.000000	0	430.184604	33.028265	83.143098	-5.234926	-472.241182	52.878256	-0.441184	-414.809721	45.002747	0.000000	-420.000000	0	65.094649	0.036720	2.875470	68.010677	-2.838055	-443.525452	23.007930	2.838055	23.525452	0.441184	5.190279	5.241182	1	1	0	1	0
baf	2	61.000000	87	1	43	8.000000	55.000000	0.791845	1.748073	2922.901093	-420.000000	0.000000	73.000000	2970.318476	1630.195914	2676.356623	0.000000	0	433.014642	28.453104	77.898540	-1.466210	-471.392927	48.009488	-0.184372	-412.727364	45.002747	0.000000	-420.000000	0	65.853222	0.758573	4.575161	62.954014	-0.825291	-442.060145	17.951268	0.825291	22.060145	0.184372	7.272636	4.392927	1	1	0	1	0
baf	2	61.000000	87	1	43	8.000000	55.000000	0.791845	1.748073	2970.415998	-420.000000	0.000000	74.000000	3017.575459	1630.195914	2676.356623	0.000000	0	435.109444	21.803607	72.195555	2.528014	-468.341541	41.498111	-0.578115	-408.218786	45.002747	0.000000	-420.000000	0	67.577561	1.724340	6.649497	56.846833	0.974950	-438.280163	11.844086	0.974950	18.280163	0.578115	11.781214	1.341541	0	1	0	1	0
baf	2	61.000000	87	1	43	8.000000	55.000000	0.791845	1.748073	3017.672554	-420.000000	0.000000	75.000000	3064.924833	1630.195914	2676.356623	0.000000	0	437.086297	13.369519	64.904617	8.150847	-464.073278	32.775722	-2.990699	-401.015479	45.002747	0.000000	-420.000000	0	71.642766	4.065204	8.434089	48.840170	2.580074	-432.544379	3.837423	2.580074	12.544379	2.990699	18.984521	2.926722	0	1	0	0	0
baf	2	61.000000	87	1	43	8.000000	55.000000	0.791845	1.748073	3065.028344	-420.000000	0.000000	76.000000	3111.678805	1630.195914	2676.356623	0.000000	0	437.853522	7.727033	57.877309	11.231885	-459.238336	25.345356	-4.961790	-393.151470	45.002747	0.000000	-420.000000	0	75.419075	3.776309	5.642486	41.611332	3.135048	-426.194903	3.391414	3.135048	6.194903	4.961790	26.848530	7.761664	0	1	0	0	0
baf	2	61.000000	87	1	43	8.000000	55.000000	0.791845	1.748073	3111.781460	-420.000000	0.000000	77.000000	3158.148764	1630.195914	2676.356623	0.000000	0	438.741848	8.535291	55.767793	13.062311	-458.859895	20.416589	-5.129397	-387.259788	45.002747	0.000000	-420.000000	0	81.897627	6.478552	0.808258	38.092191	3.966457	-423.059842	6.910555	3.966457	3.059842	5.129397	32.740212	8.140105	0	0	0	0	0
baf	2	61.000000	87	1	43	8.000000	55.000000	0.791845	1.748073	3158.246714	-420.000000	0.000000	78.000000	3205.430984	1630.195914	2676.356623	0.000000	0	439.690631	9.521623	55.806318	14.035965	-459.263966	18.868560	-3.332472	-384.348890	45.002747	0.000000	-420.000000	0	85.313125	3.415498	0.986333	37.337439	5.351747	-421.806428	7.665308	5.351747	1.806428	3.332472	35.651110	7.736034	0	0	0	0	0
baf	2	61.000000	87	1	43	8.000000	55.000000	0.791845	1.748073	3205.528934	-420.000000	0.000000	79.000000	3253.019459	1630.195914	2676.356623	0.000000	0	442.639127	11.732570	58.100774	17.014433	-459.273468	20.079369	3.039910	-383.658626	45.002747	0.000000	-420.000000	0	85.781810	0.468685	2.210946	39.090072	10.027172	-421.466047	5.912675	10.027172	1.466047	3.039910	36.341374	7.726532	0	0	0	0	0
baf	2	61.000000	87	1	43	8.000000	55.000000	0.791845	1.748073	3253.122542	-420.000000	0.000000	80.000000	3300.138285	1630.195914	2676.356623	0.000000	0	446.819122	16.938960	62.824532	17.039883	-464.124819	27.174311	14.430779	-388.417540	45.002747	0.000000	-420.000000	0	83.721789	2.060022	5.206390	44.999421	15.735331	-426.271179	0.003325	15.735331	6.271179	14.430779	31.582460	2.875181	0	0	0	0	0
baf	2	61.000000	87	1	43	8.000000	55.000000	0.791845	1.748073	3300.240085	-420.000000	0.000000	81.000000	3347.439753	1630.195914	2676.356623	0.000000	0	450.969259	24.348123	64.114001	16.603890	-469.729427	34.670317	20.135342	-401.003055	45.002747	0.000000	-420.000000	0	74.851292	8.870497	7.409163	49.392159	18.369616	-435.366241	4.389412	18.369616	15.366241	20.135342	18.996945	2.729427	0	1	0	0	0
baf	2	61.000000	87	1	43	8.000000	55.000000	0.791845	1.748073	3347.545403	-420.000000	0.000000	82.000000	3394.553019	1630.195914	2676.356623	0.000000	0	453.132161	28.453207	61.789516	15.014915	-472.720302	37.478122	20.785160	-410.533683	45.002747	0.000000	-420.000000	0	67.018767	7.832524	4.105084	49.633819	17.900038	-441.626992	4.631072	17.900038	21.626992	20.785160	9.466317	5.720302	0	1	0	0	0
baf	2	61.000000	87	1	43	8.000000	55.000000	0.791845	1.748073	3394.650970	-420.000000	0.000000	83.000000	3441.537111	1630.195914	2676.356623	0.000000	0	454.913901	30.633101	58.865851	14.873580	-473.551767	36.972444	20.150628	-416.376488	45.002747	0.000000	-420.000000	0	61.450639	5.568129	2.179894	47.919147	17.512104	-444.964128	2.916401	17.512104	24.964128	20.150628	3.623512	6.551767	0	1	0	0	0
baf	2	61.000000	87	1	43	8.000000	55.000000	0.791845	1.748073	3441.634633	-420.000000	0.000000	84.000000	3488.470302	1630.195914	2676.356623	0.000000	0	455.411083	31.644966	54.620463	13.080317	-474.167788	36.369855	18.074257	-420.914315	45.002747	0.000000	-420.000000	0	56.515099	4.935539	1.011866	45.495159	15.577287	-447.541052	0.492412	15.577287	27.541052	18.074257	0.914315	7.167788	0	1	0	0	0
baf	2	61.000000	87	1	43	8.000000	55.000000	0.791845	1.748073	3488.567825	-420.000000	0.000000	85.000000	3535.310248	1630.195914	2676.356623	0.000000	0	456.096585	32.505724	53.415481	12.853596	-474.551399	36.397268	18.372023	-422.469754	45.002747	0.000000	-420.000000	0	55.068778	1.446322	0.860758	44.906375	15.612810	-448.510577	0.096372	15.612810	28.510577	18.372023	2.469754	7.551399	0	1	0	0	0
baf	2	61.000000	87	1	43	8.000000	55.000000	0.791845	1.748073	3535.418036	-420.000000	0.000000	86.000000	3582.509916	1630.195914	2676.356623	0.000000	0	455.702583	32.008260	53.032072	12.888427	-472.781380	36.837066	17.866172	-423.363528	45.002747	0.000000	-420.000000	0	52.241557	2.827221	0.497464	44.934569	15.377300	-448.072454	0.068178	15.377300	28.072454	17.866172	3.363528	5.781380	0	1	0	0	0
baf	2	61.000000	87	1	43	8.000000	55.000000	0.791845	1.748073	3582.612144	-420.000000	0.000000	87.000000	3629.414877	1630.195914	2676.356623	0.000000	0	454.934227	31.150411	53.369369	12.398558	-471.147098	36.813381	17.379208	-423.576257	45.002747	0.000000	-420.000000	0	50.615141	1.626416	0.857848	45.091375	14.888883	-447.361678	0.088629	14.888883	27.361678	17.379208	3.576257	4.147098	0	1	0	0	0
baf	2	61.000000	87	1	43	8.000000	55.000000	0.791845	1.748073	3629.517960	-420.000000	0.000000	88.000000	3676.341653	1630.195914	2676.356623	0.000000	0	454.106257	30.673008	53.796614	11.708478	-471.033164	37.026381	16.456973	-423.458788	45.002747	0.000000	-420.000000	0	50.666658	0.051517	0.477403	45.411497	14.082725	-447.245976	0.408751	14.082725	27.245976	16.456973	3.458788	4.033164	0	1	0	0	0
baf	2	61.000000	87	1	43	8.000000	55.000000	0.791845	1.748073	3676.439175	-420.000000	0.000000	89.000000	3723.597353	1630.195914	2676.356623	0.000000	0	453.729899	30.330441	53.854423	11.576706	-471.195596	36.966114	15.875726	-422.891763	45.002747	0.000000	-420.000000	0	51.351308	0.684650	0.342567	45.410268	13.726216	-447.043679	0.407522	13.726216	27.043679	15.875726	2.891763	4.195596	0	1	0	0	0
baf	2	61.000000	87	1	43	8.000000	55.000000	0.791845	1.748073	3723.827044	-420.000000	0.000000	90.000000	3770.570323	1630.195914	2676.356623	0.000000	0	453.293755	30.126171	53.421667	11.977150	-471.492061	37.790022	14.600389	-422.568314	45.002747	0.000000	-420.000000	0	51.427257	0.075949	0.204271	45.605844	13.288770	-447.030187	0.603098	13.288770	27.030187	14.600389	2.568314	4.492061	0	1	0	1	0
baf	2	61.000000	87	1	43	8.000000	55.000000	0.791845	1.748073	3770.671696	-420.000000	0.000000	91.000000	3817.781968	1630.195914	2676.356623	0.000000	0	452.272448	29.585451	53.866446	12.007624	-470.975123	38.965991	13.142124	-422.510335	45.002747	0.000000	-420.000000	0	50.716333	0.710924	0.540719	46.416218	12.574874	-446.742729	1.413472	12.574874	26.742729	13.142124	2.510335	3.975123	0	1	0	1	0
baf	2	61.000000	87	1	43	8.000000	55.000000	0.791845	1.748073	3817.878635	-420.000000	0.000000	92.000000	3864.557754	1630.195914	2676.356623	0.000000	0	451.734314	29.377626	53.619765	12.021195	-471.190409	39.630989	11.972354	-422.344229	45.002747	0.000000	-420.000000	0	50.809817	0.093484	0.207825	46.625377	11.996774	-446.767319	1.622630	11.996774	26.767319	11.972354	2.344229	4.190409	0	1	0	1	0
baf	2	61.000000	87	1	43	8.000000	55.000000	0.791845	1.748073	3864.655704	-420.000000	0.000000	93.000000	3911.824576	1630.195914	2676.356623	0.000000	0	451.317809	28.971020	53.353432	12.357603	-471.196029	39.428680	10.597747	-421.932329	45.002747	0.000000	-420.000000	0	51.224095	0.414278	0.406605	46.391056	11.477675	-446.564179	1.388309	11.477675	26.564179	10.597747	1.932329	4.196029	0	1	0	1	0
baf	2	61.000000	87	1	43	8.000000	55.000000	0.791845	1.748073	3911.921243	-420.000000	0.000000	94.000000	3958.738947	1630.195914	2676.356623	0.000000	0	450.311608	28.508796	53.737775	12.099819	-470.955519	40.001880	8.983046	-421.889297	45.002747	0.000000	-420.000000	0	51.047852	0.176243	0.462225	46.869828	10.541432	-446.422408	1.867081	10.541432	26.422408	8.983046	1.889297	3.955519	0	1	0	1	0
baf	2	61.000000	87	1	43	8.000000	55.000000	0.791845	1.748073	3958.837325	-420.000000	0.000000	95.000000	4005.718333	1630.195914	2676.356623	0.000000	0	449.605479	28.219653	53.858502	11.818654	-470.957720	40.210192	7.697278	-421.843928	45.002747	0.000000	-420.000000	0	51.141242	0.093390	0.289143	47.034347	9.757966	-446.400824	2.031600	9.757966	26.400824	7.697278	1.843928	3.957720	1	1	0	1	0
baf	2	61.000000	87	1	43	8.000000	55.000000	0.791845	1.748073	4005.816284	-420.000000	0.000000	96.000000	4052.760596	1630.195914	2676.356623	0.000000	0	449.355871	28.169348	53.826861	11.771535	-471.024823	40.353194	7.118442	-421.888223	45.002747	0.000000	-420.000000	0	51.162452	0.021210	0.050305	47.090028	9.444989	-446.456523	2.087281	9.444989	26.456523	7.118442	1.888223	4.024823	1	1	0	1	0
baf	2	61.000000	87	1	43	8.000000	55.000000	0.791845	1.748073	4052.858974	-420.000000	0.000000	97.000000	4099.932461	1630.195914	2676.356623	0.000000	0	449.425537	28.147479	53.900706	11.999327	-470.819894	40.379740	7.204448	-421.925362	45.002747	0.000000	-420.000000	0	50.955693	0.206759	0.021869	47.140223	9.601887	-446.372628	2.137476	9.601887	26.372628	7.204448	1.925362	3.819894	1	1	0	1	0
baf	2	61.000000	87	1	43	8.000000	55.000000	0.791845	1.748073	4100.034689	-420.000000	0.000000	98.000000	4146.701832	1630.195914	2676.356623	0.000000	0	449.787753	28.373030	53.566885	12.281458	-471.043137	40.275465	7.426149	-422.032320	45.002747	0.000000	-420.000000	0	51.012704	0.057011	0.225551	46.921175	9.853804	-446.537728	1.918428	9.853804	26.537728	7.426149	2.032320	4.043137	1	1	0	1	0
baf	2	61.000000	87	1	43	8.000000	55.000000	0.791845	1.748073	4146.804060	-420.000000	0.000000	99.000000	4193.936574	1630.195914	2676.356623	0.000000	0	449.804964	28.428207	53.527214	12.353057	-470.964779	40.531922	7.470831	-422.169328	45.002747	0.000000	-420.000000	0	50.731744	0.280961	0.055177	47.029568	9.911944	-446.567053	2.026821	9.911944	26.567053	7.470831	2.169328	3.964779	1	1	0	1	0
baf	2	61.000000	87	1	43	8.000000	55.000000	0.791845	1.748073	4194.035379	-420.000000	0.000000	100.000000	4241.077214	1630.195914	2676.356623	0.000000	0	449.891495	28.478077	53.337152	12.313523	-471.153396	40.410091	7.499699	-422.114220	45.002747	0.000000	-420.000000	0	50.942346	0.210602	0.049869	46.873621	9.906611	-446.633808	1.870875	9.906611	26.633808	7.499699	2.114220	4.153396	1	1	0	1	0
baf	2	61.000000	87	1	43	8.000000	55.000000	0.791845	1.748073	4241.179870	-420.000000	0.000000	101.000000	4288.030509	1630.195914	2676.356623	0.000000	0	449.798999	28.496165	53.336549	12.122095	-471.243091	40.633415	7.524018	-422.108937	45.002747	0.000000	-420.000000	0	50.957600	0.015254	0.018089	46.984982	9.823057	-446.676014	1.982235	9.823057	26.676014	7.524018	2.108937	4.243091	1	1	0	1	0
baf	2	61.000000	87	1	43	8.000000	55.000000	0.791845	1.748073	4288.133165	-420.000000	0.000000	102.000000	4335.362773	1630.195914	2676.356623	0.000000	0	449.762519	28.529073	53.329958	12.026621	-471.310125	40.739639	7.523878	-422.139787	45.002747	0.000000	-420.000000	0	50.955991	0.001609	0.032908	47.034799	9.775249	-446.724956	2.032052	9.775249	26.724956	7.523878	2.139787	4.310125	1	1	0	1	0
baf	2	61.000000	87	1	43	8.000000	55.000000	0.791845	1.748073	4335.467568	-420.000000	0.000000	103.000000	4382.295537	1630.195914	2676.356623	0.000000	0	449.759112	28.599374	53.359047	11.991791	-471.295321	40.916131	7.581458	-422.280367	45.002747	0.000000	-420.000000	0	50.761628	0.194363	0.070301	47.137589	9.786625	-446.787844	2.134842	9.786625	26.787844	7.581458	2.280367	4.295321	1	1	0	1	0
baf	2	61.000000	87	1	43	8.000000	55.000000	0.791845	1.748073	4382.399048	-420.000000	0.000000	104.000000	4429.350204	1630.195914	2676.356623	0.000000	0	449.819146	28.687296	53.321597	12.140751	-471.243604	41.171099	7.634782	-422.427962	45.002747	0.000000	-420.000000	0	50.506487	0.255141	0.087922	47.246348	9.887767	-446.835783	2.243602	9.887767	26.835783	7.634782	2.427962	4.243604	1	1	0	1	0
baf	2	61.000000	87	1	43	8.000000	55.000000	0.791845	1.748073	4429.454143	-420.000000	0.000000	105.000000	4476.194855	1630.195914	2676.356623	0.000000	0	449.658402	28.612442	53.648639	11.842250	-471.113868	41.120599	7.728938	-422.448832	45.002747	0.000000	-420.000000	0	50.419806	0.086681	0.074853	47.384619	9.785594	-446.781350	2.381872	9.785594	26.781350	7.728938	2.448832	4.113868	1	1	0	1	0
baf	2	61.000000	87	1	43	8.000000	55.000000	0.791845	1.748073	4476.293661	-420.000000	0.000000	106.000000	4523.386824	1630.195914	2676.356623	0.000000	0	449.662947	28.642924	53.649391	11.874686	-471.081911	41.309656	7.793271	-422.493290	45.002747	0.000000	-420.000000	0	50.296930	0.122876	0.030482	47.479524	9.833979	-446.787601	2.476777	9.833979	26.787601	7.793271	2.493290	4.081911	1	1	0	1	0
baf	2	61.000000	87	1	43	8.000000	55.000000	0.791845	1.748073	4523.486057	-420.000000	0.000000	107.000000	4570.343968	1630.195914	2676.356623	0.000000	0	449.630024	28.633850	53.692028	11.795619	-471.077815	41.294674	7.802055	-422.501176	45.002747	0.000000	-420.000000	0	50.292473	0.004457	0.009074	47.493351	9.798837	-446.789496	2.490605	9.798837	26.789496	7.802055	2.501176	4.077815	1	1	0	1	0
baf	2	61.000000	87	1	43	8.000000	55.000000	0.791845	1.748073	4570.442346	-420.000000	0.000000	108.000000	4617.521394	1630.195914	2676.356623	0.000000	0	449.712664	28.678481	53.601435	11.877282	-471.120016	41.233428	7.809393	-422.535675	45.002747	0.000000	-420.000000	0	50.298643	0.006170	0.044631	47.417431	9.843337	-446.827845	2.414685	9.843337	26.827845	7.809393	2.535675	4.120016	1	1	0	1	0
baf	2	61.000000	87	1	43	8.000000	55.000000	0.791845	1.748073	4617.619772	-420.000000	0.000000	109.000000	4664.447742	1630.195914	2676.356623	0.000000	0	449.702455	28.668243	53.722558	11.737802	-471.073749	41.124708	7.940534	-422.561995	45.002747	0.000000	-420.000000	0	50.264454	0.034189	0.010238	47.423633	9.839168	-446.817872	2.420886	9.839168	26.817872	7.940534	2.561995	4.073749	1	1	0	1	0
baf	2	61.000000	87	1	43	8.000000	55.000000	0.791845	1.748073	4664.546975	-420.000000	0.000000	110.000000	4711.545182	1630.195914	2676.356623	0.000000	0	449.744686	28.682887	53.774408	11.796312	-470.964862	41.174321	8.060026	-422.627323	45.002747	0.000000	-420.000000	0	50.092312	0.172142	0.014644	47.474365	9.928169	-446.796092	2.471618	9.928169	26.796092	8.060026	2.627323	3.964862	0	1	0	1	0
baf	2	61.000000	87	1	43	8.000000	55.000000	0.791845	1.748073	4711.718413	-420.000000	0.000000	111.000000	4759.061798	1630.195914	2676.356623	0.000000	0	449.725921	28.688518	53.832083	11.703179	-470.954027	41.194782	8.139135	-422.648143	45.002747	0.000000	-420.000000	0	50.058588	0.033724	0.005631	47.513432	9.921157	-446.801085	2.510686	9.921157	26.801085	8.139135	2.648143	3.954027	0	1	0	1	0
baf	2	61.000000	87	1	43	8.000000	55.000000	0.791845	1.748073	4759.164454	-420.000000	0.000000	112.000000	4805.825608	1630.195914	2676.356623	0.000000	0	449.714402	28.682206	53.913008	11.646953	-470.945075	41.100926	8.160104	-422.657834	45.002747	0.000000	-420.000000	0	50.079588	0.021000	0.006312	47.506967	9.903528	-446.801454	2.504221	9.903528	26.801454	8.160104	2.657834	3.945075	0	1	0	1	0
baf	2	61.000000	87	1	43	8.000000	55.000000	0.791845	1.748073	4805.924414	-420.000000	0.000000	113.000000	4852.810127	1630.195914	2676.356623	0.000000	0	449.627448	28.625617	54.124181	11.625165	-470.742588	41.147473	8.168956	-422.719213	45.002747	0.000000	-420.000000	0	49.865668	0.213920	0.056589	47.635827	9.897061	-446.730901	2.633080	9.897061	26.730901	8.168956	2.719213	3.742588	0	1	0	1	0
baf	2	61.000000	87	1	43	8.000000	55.000000	0.791845	1.748073	4852.907650	-420.000000	0.000000	114.000000	4900.056845	1630.195914	2676.356623	0.000000	0	449.670846	28.625326	54.101518	11.632627	-470.740470	41.048974	8.214969	-422.712678	45.002747	0.000000	-420.000000	0	49.887053	0.021385	0.000291	47.575246	9.923798	-446.726574	2.572499	9.923798	26.726574	8.214969	2.712678	3.740470	0	1	0	1	0
baf	2	61.000000	87	1	43	8.000000	55.000000	0.791845	1.748073	4900.159501	-420.000000	0.000000	115.000000	4935.513164	1630.195914	2676.356623	4935.508459	0	449.422860	28.571922	  54.062210   11.488798 -470.737930	  41.458451    7.917878 -422.725916	45.002747	0.000000	-420.000000	0	49.767054	0.119999	0.053404	0
