subjName	sessionNR	IOD	trialN	textureType	texnum	visualAngle	simulatedDepth	light_intensity	ambient_intensity	time	displayDistance	isRotated	frameN	timTote	startTime	touchTime	endTime	fingersOccluded	distanceToHome	distanceToObject	indexXraw	indexYraw	indexZraw	thumbXraw	thumbYraw	thumbZraw	targetX	targetY	targetZ	failCause	gripAperture	gripApertureVel	distFromObjVel	gripOriginX	gripOriginY	gripOriginZ	distFromObjX	distFromObjY	distFromObjZ	y_dist_thm	z_dist_thm	z_dist_ind	handOnObj	handnearObj	handfarObj	handTouchObj	framesOccluded
baf	2	61.000000	5	1	19	8.000000	35.000000	0.721824	1.768496	912.960201	-420.000000	0.000000	30.000000	960.149175	0.000000	0.000000	0.000000	0	6.584871	428.360298	216.028359	-351.353785	-253.760527	220.765230	-355.735854	-248.997070	45.002747	0.000000	-420.000000	0	8.020661	0.031945	0.046131	218.396794	-353.544820	-251.378799	173.394048	353.544820	168.621201	355.735854	171.002930	193.239473	0	0	1	0	0
baf	2	61.000000	5	1	19	8.000000	35.000000	0.721824	1.768496	960.345504	-420.000000	0.000000	31.000000	1007.218385	0.000000	0.000000	0.000000	0	6.590190	428.386453	215.921766	-351.414189	-253.810993	220.883195	-355.743610	-248.968322	45.002747	0.000000	-420.000000	0	8.173807	0.153146	0.026155	218.402481	-353.578899	-251.389658	173.399734	353.578899	168.610342	355.743610	171.031678	193.189007	0	0	1	0	0
baf	2	61.000000	5	1	19	8.000000	35.000000	0.721824	1.768496	1007.322752	-420.000000	0.000000	32.000000	1054.172108	0.000000	0.000000	0.000000	0	6.518380	428.397607	215.983908	-351.375148	-253.795407	220.951439	-355.721088	-248.932257	45.002747	0.000000	-420.000000	0	8.198402	0.024594	0.011154	218.467674	-353.548118	-251.363832	173.464927	353.548118	168.636168	355.721088	171.067743	193.204593	0	0	1	0	0
baf	2	61.000000	5	1	19	8.000000	35.000000	0.721824	1.768496	1054.274335	-420.000000	0.000000	33.000000	1100.607421	0.000000	0.000000	0.000000	0	6.653528	428.293988	215.833962	-351.333249	-253.790476	220.781697	-355.681157	-248.963350	45.002747	0.000000	-420.000000	0	8.166121	0.032280	0.103619	218.307829	-353.507203	-251.376913	173.305083	353.507203	168.623087	355.681157	171.036650	193.209524	0	0	1	0	0
baf	2	61.000000	5	1	19	8.000000	35.000000	0.721824	1.768496	1100.707082	-420.000000	0.000000	34.000000	1147.740362	0.000000	0.000000	0.000000	0	6.570456	428.353576	215.996984	-351.343701	-253.753738	220.777858	-355.704194	-248.931221	45.002747	0.000000	-420.000000	0	8.070150	0.095971	0.059588	218.387421	-353.523947	-251.342480	173.384675	353.523947	168.657520	355.704194	171.068779	193.246262	0	0	1	0	0
baf	2	61.000000	5	1	19	8.000000	35.000000	0.721824	1.768496	1147.837885	-420.000000	0.000000	35.000000	1195.303173	0.000000	0.000000	0.000000	0	6.511930	428.369935	215.893617	-351.318039	-253.743951	220.984672	-355.695009	-248.891238	45.002747	0.000000	-420.000000	0	8.284053	0.213902	0.016359	218.439145	-353.506524	-251.317594	173.436398	353.506524	168.682406	355.695009	171.108762	193.256049	0	0	1	0	0
baf	2	61.000000	5	1	19	8.000000	35.000000	0.721824	1.768496	1195.399413	-420.000000	0.000000	36.000000	1242.320628	0.000000	0.000000	0.000000	0	6.586609	428.350462	215.860588	-351.336677	-253.746885	220.846838	-355.715216	-248.892975	45.002747	0.000000	-420.000000	0	8.221602	0.062451	0.019473	218.353713	-353.525946	-251.319930	173.350966	353.525946	168.680070	355.715216	171.107025	193.253115	0	0	1	0	0
baf	2	61.000000	5	1	19	8.000000	35.000000	0.721824	1.768496	1242.422000	-420.000000	0.000000	37.000000	1289.448865	0.000000	0.000000	0.000000	0	6.519512	428.390165	216.037346	-351.357032	-253.756304	220.834320	-355.711211	-248.884996	45.002747	0.000000	-420.000000	0	8.105522	0.116080	0.039704	218.435833	-353.534122	-251.320650	173.433086	353.534122	168.679350	355.711211	171.115004	193.243696	0	0	1	0	0
baf	2	61.000000	5	1	19	8.000000	35.000000	0.721824	1.768496	1289.545532	-420.000000	0.000000	38.000000	1336.468885	0.000000	0.000000	0.000000	0	6.577902	428.316157	215.671101	-351.264651	-253.750591	221.011863	-355.691803	-248.838349	45.002747	0.000000	-420.000000	0	8.500208	0.394686	0.074009	218.341482	-353.478227	-251.294470	173.338735	353.478227	168.705530	355.691803	171.161651	193.249409	0	0	1	0	0
baf	2	61.000000	5	1	19	8.000000	35.000000	0.721824	1.768496	1336.732368	-420.000000	0.000000	39.000000	1383.799011	0.000000	0.000000	0.000000	0	6.499809	428.418076	215.994751	-351.406616	-253.786987	220.926682	-355.702316	-248.848997	45.002747	0.000000	-420.000000	0	8.195164	0.305044	0.101919	218.460716	-353.554466	-251.317992	173.457970	353.554466	168.682008	355.702316	171.151003	193.213013	0	0	1	0	0
baf	2	61.000000	5	1	19	8.000000	35.000000	0.721824	1.768496	1383.899955	-420.000000	0.000000	40.000000	1431.007661	0.000000	0.000000	0.000000	0	6.580284	428.360290	215.791298	-351.365831	-253.797781	220.938352	-355.702534	-248.849527	45.002747	0.000000	-420.000000	0	8.353703	0.158539	0.057785	218.364825	-353.534183	-251.323654	173.362079	353.534183	168.676346	355.702534	171.150473	193.202219	0	0	1	0	0
baf	2	61.000000	5	1	19	8.000000	35.000000	0.721824	1.768496	1431.104756	-420.000000	0.000000	41.000000	1477.868994	0.000000	0.000000	0.000000	0	6.535547	428.324662	215.754727	-351.271445	-253.748959	221.016805	-355.655596	-248.826182	45.002747	0.000000	-420.000000	0	8.434689	0.080986	0.035629	218.385766	-353.463521	-251.287571	173.383020	353.463521	168.712429	355.655596	171.173818	193.251041	0	0	1	0	0
baf	2	61.000000	5	1	19	8.000000	35.000000	0.721824	1.768496	1477.970794	-420.000000	0.000000	42.000000	1524.469838	0.000000	0.000000	0.000000	0	6.451948	428.404443	215.989774	-351.347798	-253.762872	220.987320	-355.667049	-248.802420	45.002747	0.000000	-420.000000	0	8.260598	0.174092	0.079781	218.488547	-353.507423	-251.282646	173.485800	353.507423	168.717354	355.667049	171.197580	193.237128	0	0	1	0	0
baf	2	61.000000	5	1	19	8.000000	35.000000	0.721824	1.768496	1524.566078	-420.000000	0.000000	43.000000	1571.994154	0.000000	0.000000	0.000000	0	6.571020	428.288223	215.679339	-351.217597	-253.718749	220.956878	-355.654353	-248.786964	45.002747	0.000000	-420.000000	0	8.477012	0.216414	0.116221	218.318109	-353.435975	-251.252856	173.315362	353.435975	168.747144	355.654353	171.213036	193.281251	0	0	1	0	0
baf	2	61.000000	5	1	19	8.000000	35.000000	0.721824	1.768496	1572.091676	-420.000000	0.000000	44.000000	1619.213925	0.000000	0.000000	0.000000	0	6.506568	428.352888	215.735049	-351.279095	-253.746582	221.049510	-355.666231	-248.736941	45.002747	0.000000	-420.000000	0	8.519799	0.042787	0.064666	218.392279	-353.472663	-251.241762	173.389533	353.472663	168.758238	355.666231	171.263059	193.253418	0	0	1	0	0
baf	2	61.000000	5	1	19	8.000000	35.000000	0.721824	1.768496	1619.315297	-420.000000	0.000000	45.000000	1666.257899	0.000000	0.000000	0.000000	0	6.490491	428.374029	215.886677	-351.317904	-253.737791	220.936682	-355.657096	-248.740427	45.002747	0.000000	-420.000000	0	8.324950	0.194849	0.021141	218.411679	-353.487500	-251.239109	173.408933	353.487500	168.760891	355.657096	171.259573	193.262209	0	0	1	0	0
baf	2	61.000000	5	1	19	8.000000	35.000000	0.721824	1.768496	1666.354566	-420.000000	0.000000	46.000000	1713.002888	0.000000	0.000000	0.000000	0	6.541270	428.326135	215.836566	-351.304764	-253.723168	220.861068	-355.617277	-248.758094	45.002747	0.000000	-420.000000	0	8.276192	0.048758	0.047894	218.348817	-353.461021	-251.240631	173.346070	353.461021	168.759369	355.617277	171.241906	193.276832	0	0	1	0	0
baf	2	61.000000	5	1	19	8.000000	35.000000	0.721824	1.768496	1713.104261	-420.000000	0.000000	47.000000	1760.492130	0.000000	0.000000	0.000000	0	6.547631	428.337423	215.930867	-351.369201	-253.773356	220.798876	-355.595964	-248.773917	45.002747	0.000000	-420.000000	0	8.158274	0.117918	0.011289	218.364872	-353.482582	-251.273636	173.362125	353.482582	168.726364	355.595964	171.226083	193.226644	0	0	1	0	0
baf	2	61.000000	5	1	19	8.000000	35.000000	0.721824	1.768496	1760.593074	-420.000000	0.000000	48.000000	1807.081426	0.000000	0.000000	0.000000	0	6.639198	428.357124	215.911030	-351.527359	-253.860092	220.683460	-355.597972	-248.783807	45.002747	0.000000	-420.000000	0	8.069365	0.088909	0.019701	218.297245	-353.562665	-251.321949	173.294498	353.562665	168.678051	355.597972	171.216193	193.139908	0	0	1	0	0
baf	2	61.000000	5	1	19	8.000000	35.000000	0.721824	1.768496	1807.319672	-420.000000	0.000000	49.000000	1854.563824	0.000000	0.000000	0.000000	0	6.667600	428.350864	215.878469	-351.543589	-253.875750	220.668758	-355.602884	-248.795710	45.002747	0.000000	-420.000000	0	8.076605	0.007240	0.006260	218.273613	-353.573236	-251.335730	173.270867	353.573236	168.664270	355.602884	171.204290	193.124250	0	0	1	0	0
baf	2	61.000000	5	1	19	8.000000	35.000000	0.721824	1.768496	1854.666907	-420.000000	0.000000	50.000000	1902.101826	0.000000	0.000000	0.000000	0	6.902159	427.890056	215.597223	-351.165822	-254.053788	220.458532	-355.216436	-248.851384	45.002747	0.000000	-420.000000	0	8.191753	0.115148	0.460808	218.027877	-353.191129	-251.452586	173.025131	353.191129	168.547414	355.216436	171.148616	192.946212	0	0	1	0	0
baf	2	61.000000	5	1	19	8.000000	35.000000	0.721824	1.768496	1902.198921	-420.000000	0.000000	51.000000	1949.479002	1937.774149	0.000000	0.000000	0	12.349475	419.485574	218.062095	-343.360235	-261.335799	221.454871	-344.728239	-249.652698	45.002747	0.000000	-420.000000	0	12.242436	4.050683	8.404482	219.758483	-344.044237	-255.494249	174.755737	344.044237	164.505751	344.728239	170.347302	185.664201	0	0	1	0	0
baf	2	61.000000	5	1	19	8.000000	35.000000	0.721824	1.768496	1949.600906	-420.000000	0.000000	52.000000	1996.443846	1937.774149	0.000000	0.000000	0	32.352970	400.402103	219.530530	-323.952679	-271.223377	218.705805	-323.970993	-252.205033	45.002747	0.000000	-420.000000	0	19.036226	6.793790	19.083471	219.118168	-323.961836	-261.714205	174.115421	323.961836	158.285795	323.970993	167.794967	175.776623	0	0	1	0	0
baf	2	61.000000	5	1	19	8.000000	35.000000	0.721824	1.768496	1996.554628	-420.000000	0.000000	53.000000	2043.367627	1937.774149	0.000000	0.000000	0	62.397361	372.281619	218.307338	-295.159486	-284.344657	213.107981	-296.130941	-258.688381	45.002747	0.000000	-420.000000	0	26.195830	7.159605	28.120484	215.707659	-295.645214	-271.516519	170.704913	295.645214	148.483481	296.130941	161.311619	162.655343	0	0	1	0	0
baf	2	61.000000	5	1	19	8.000000	35.000000	0.721824	1.768496	2043.467289	-420.000000	0.000000	54.000000	2090.485171	1937.774149	0.000000	0.000000	0	99.769444	336.973751	213.257267	-258.493238	-299.669129	205.287237	-263.804228	-269.272369	45.002747	0.000000	-420.000000	0	31.869907	5.674077	35.307868	209.272252	-261.148733	-284.470749	164.269505	261.148733	135.529251	263.804228	150.727631	147.330871	0	0	1	0	0
baf	2	61.000000	5	1	19	8.000000	35.000000	0.721824	1.768496	2090.590820	-420.000000	0.000000	55.000000	2137.805031	1937.774149	0.000000	0.000000	0	142.924494	295.518147	204.685447	-217.897246	-317.079359	191.888017	-225.821080	-281.147966	45.002747	0.000000	-420.000000	0	38.956724	7.086817	41.455605	198.286732	-221.859163	-299.113662	153.283986	221.859163	120.886338	225.821080	138.852034	129.920641	0	0	1	0	0
baf	2	61.000000	5	1	19	8.000000	35.000000	0.721824	1.768496	2137.902981	-420.000000	0.000000	56.000000	2184.361819	1937.774149	0.000000	0.000000	0	188.306539	251.977814	193.369693	-176.042603	-335.704844	177.140676	-186.537754	-294.953869	45.002747	0.000000	-420.000000	0	45.101787	6.145063	43.540333	185.255184	-181.290178	-315.329357	140.252438	181.290178	104.670643	186.537754	125.046131	111.295156	0	0	1	0	0
baf	2	61.000000	5	1	19	8.000000	35.000000	0.721824	1.768496	2184.459770	-420.000000	0.000000	57.000000	2231.816415	1937.774149	0.000000	0.000000	0	233.878611	208.487182	182.016422	-135.803057	-358.003947	161.364105	-148.595803	-312.331676	45.002747	0.000000	-420.000000	0	51.731315	6.629527	43.490632	171.690263	-142.199430	-335.167811	126.687517	142.199430	84.832189	148.595803	107.668324	88.996053	0	0	0	0	0
baf	2	61.000000	5	1	19	8.000000	35.000000	0.721824	1.768496	2231.918642	-420.000000	0.000000	58.000000	2278.558410	1937.774149	0.000000	0.000000	0	277.224992	167.220021	169.359945	-101.359918	-382.990848	144.931142	-112.386132	-331.077659	45.002747	0.000000	-420.000000	0	58.423651	6.692337	41.267161	157.145543	-106.873025	-357.034254	112.142796	106.873025	62.965746	112.386132	88.922341	64.009152	0	0	0	0	0
baf	2	61.000000	5	1	19	8.000000	35.000000	0.721824	1.768496	2278.697423	-420.000000	0.000000	59.000000	2325.174653	1937.774149	0.000000	0.000000	0	316.492270	131.600673	157.742055	-70.392364	-406.854592	130.947952	-81.598424	-351.302799	45.002747	0.000000	-420.000000	0	62.685736	4.262085	35.619348	144.345004	-75.995394	-379.078695	99.342257	75.995394	40.921305	81.598424	68.697201	40.145408	0	0	0	0	0
baf	2	61.000000	5	1	19	8.000000	35.000000	0.721824	1.768496	2325.276453	-420.000000	0.000000	60.000000	2372.250707	1937.774149	0.000000	0.000000	0	350.308285	101.524067	144.413227	-45.068141	-427.706477	116.235610	-55.570576	-367.782369	45.002747	0.000000	-420.000000	0	67.046088	4.360353	30.076606	130.324418	-50.319358	-397.744423	85.321672	50.319358	22.255577	55.570576	52.217631	19.293523	0	0	0	0	0
baf	2	61.000000	5	1	19	8.000000	35.000000	0.721824	1.768496	2372.349085	-420.000000	0.000000	61.000000	2419.407174	1937.774149	0.000000	0.000000	0	377.154724	79.161997	133.233529	-25.768855	-444.665330	101.938933	-35.837384	-381.273751	45.002747	0.000000	-420.000000	0	71.408818	4.362730	22.362070	117.586231	-30.803120	-412.969541	72.583485	30.803120	7.030459	35.837384	38.726249	2.334670	0	0	0	0	0
baf	2	61.000000	5	1	19	8.000000	35.000000	0.721824	1.768496	2419.505124	-420.000000	0.000000	62.000000	2466.643626	1937.774149	0.000000	0.000000	0	398.180240	63.169138	121.760914	-10.535102	-456.429710	90.148961	-21.420285	-392.488525	45.002747	0.000000	-420.000000	0	72.154542	0.745723	15.992859	105.954937	-15.977693	-424.459118	60.952191	15.977693	4.459118	21.420285	27.511475	9.429710	0	1	0	0	0
baf	2	61.000000	5	1	19	8.000000	35.000000	0.721824	1.768496	2466.742432	-420.000000	0.000000	63.000000	2513.402731	1937.774149	0.000000	0.000000	0	413.708939	50.451464	109.044215	-1.664097	-465.890580	77.751355	-11.247382	-399.533343	45.002747	0.000000	-420.000000	0	73.988954	1.834413	12.717674	93.397785	-6.455740	-432.711961	48.395038	6.455740	12.711961	11.247382	20.466657	18.890580	0	1	0	0	0
baf	2	61.000000	5	1	19	8.000000	35.000000	0.721824	1.768496	2513.500682	-420.000000	0.000000	64.000000	2560.287589	1937.774149	2548.550656	0.000000	0	424.980309	43.057807	98.233782	2.106459	-474.033856	67.973421	-3.852895	-406.042926	45.002747	0.000000	-420.000000	0	74.659024	0.670070	7.393657	83.103602	-0.873218	-440.038391	38.100855	0.873218	20.038391	3.852895	13.957074	27.033856	0	1	0	1	0
baf	2	61.000000	5	1	19	8.000000	35.000000	0.721824	1.768496	2560.385539	-420.000000	0.000000	65.000000	2607.627553	1937.774149	2548.550656	0.000000	0	433.374122	37.363978	87.581606	5.775846	-477.816519	59.703324	0.974055	-409.699501	45.002747	0.000000	-420.000000	0	73.757603	0.901421	5.693830	73.642465	3.374950	-443.758010	28.639719	3.374950	23.758010	0.974055	10.300499	30.816519	0	1	0	1	0
baf	2	61.000000	5	1	19	8.000000	35.000000	0.721824	1.768496	2607.724647	-420.000000	0.000000	66.000000	2654.449962	1937.774149	2548.550656	0.000000	0	439.552894	32.990067	78.409347	8.316355	-478.953952	52.419034	4.991393	-411.143691	45.002747	0.000000	-420.000000	0	72.696514	1.061089	4.373910	65.414190	6.653874	-445.048822	20.411444	6.653874	25.048822	4.991393	8.856309	31.953952	0	1	0	1	0
baf	2	61.000000	5	1	19	8.000000	35.000000	0.721824	1.768496	2654.548340	-420.000000	0.000000	67.000000	2701.529009	1937.774149	2548.550656	0.000000	0	443.295625	30.873014	71.598163	9.343143	-477.967712	47.580795	6.911099	-413.967637	45.002747	0.000000	-420.000000	0	68.401451	4.295063	2.117053	59.589479	8.127121	-445.967675	14.586733	8.127121	25.967675	6.911099	6.032363	30.967712	0	1	0	1	0
baf	2	61.000000	5	1	19	8.000000	35.000000	0.721824	1.768496	2701.632520	-420.000000	0.000000	68.000000	2748.372805	1937.774149	2548.550656	0.000000	0	445.201082	29.721855	65.575681	9.031715	-474.975281	44.908663	7.082825	-418.452174	45.002747	0.000000	-420.000000	0	60.214495	8.186956	1.151159	55.242172	8.057270	-446.713727	10.239425	8.057270	26.713727	7.082825	1.547826	27.975281	0	1	0	1	0
baf	2	61.000000	5	1	19	8.000000	35.000000	0.721824	1.768496	2748.476316	-420.000000	0.000000	69.000000	2795.313268	1937.774149	2548.550656	0.000000	0	446.072282	28.728429	59.381352	7.749688	-472.042781	43.925828	6.831487	-421.917806	45.002747	0.000000	-420.000000	0	52.461695	7.752801	0.993426	51.653590	7.290588	-446.980294	6.650843	7.290588	26.980294	6.831487	1.917806	25.042781	0	1	0	1	0
baf	2	61.000000	5	1	19	8.000000	35.000000	0.721824	1.768496	2795.495909	-420.000000	0.000000	70.000000	2842.711403	1937.774149	2548.550656	0.000000	0	446.369664	27.378863	56.260842	7.017588	-469.224068	42.926844	7.386917	-422.800985	45.002747	0.000000	-420.000000	0	48.301496	4.160198	1.349566	49.593843	7.202253	-446.012526	4.591096	7.202253	26.012526	7.386917	2.800985	22.224068	0	1	0	1	0
baf	2	61.000000	5	1	19	8.000000	35.000000	0.721824	1.768496	2842.814058	-420.000000	0.000000	71.000000	2889.452115	1937.774149	2548.550656	0.000000	0	444.847646	23.470888	50.710104	4.631111	-462.329572	43.047156	7.011822	-422.990366	45.002747	0.000000	-420.000000	0	40.149243	8.152253	3.907975	46.878630	5.821466	-442.659969	1.875884	5.821466	22.659969	7.011822	2.990366	15.329572	0	1	0	1	0
baf	2	61.000000	5	1	19	8.000000	35.000000	0.721824	1.768496	2889.550066	-420.000000	0.000000	72.000000	2936.326708	1937.774149	2548.550656	0.000000	0	442.039592	18.828005	46.870566	0.655038	-454.000176	43.204353	6.715186	-422.927457	45.002747	0.000000	-420.000000	0	31.869741	8.279502	4.642883	45.037460	3.685112	-438.463817	0.034713	3.685112	18.463817	6.715186	2.927457	7.000176	1	1	0	1	0
baf	2	61.000000	5	1	19	8.000000	35.000000	0.721824	1.768496	2936.424658	-420.000000	0.000000	73.000000	2983.327053	1937.774149	2548.550656	0.000000	0	441.938377	18.833577	46.944794	1.272177	-453.695523	44.043712	6.330873	-423.183221	45.002747	0.000000	-420.000000	0	31.064566	0.805175	0.005572	45.494253	3.801525	-438.439372	0.491506	3.801525	18.439372	6.330873	3.183221	6.695523	1	1	0	1	0
baf	2	61.000000	5	1	19	8.000000	35.000000	0.721824	1.768496	2983.428425	-420.000000	0.000000	74.000000	3030.304728	1937.774149	2548.550656	0.000000	0	441.824824	18.682720	47.003436	1.366747	-453.532893	43.981475	6.103080	-423.065174	45.002747	0.000000	-420.000000	0	30.981398	0.083168	0.150857	45.492456	3.734913	-438.299034	0.489709	3.734913	18.299034	6.103080	3.065174	6.532893	1	1	0	1	0
baf	2	61.000000	5	1	19	8.000000	35.000000	0.721824	1.768496	3030.406100	-420.000000	0.000000	75.000000	3077.613895	1937.774149	2548.550656	0.000000	0	441.831711	18.460705	47.365973	1.546950	-453.324948	43.533098	6.165125	-422.770979	45.002747	0.000000	-420.000000	0	31.137815	0.156417	0.222014	45.449535	3.856038	-438.047964	0.446789	3.856038	18.047964	6.165125	2.770979	6.324948	1	1	0	1	0
baf	2	61.000000	5	1	19	8.000000	35.000000	0.721824	1.768496	3077.716123	-420.000000	0.000000	76.000000	3124.705775	1937.774149	2548.550656	0.000000	0	441.883977	18.532194	47.643926	1.704391	-453.352285	43.598598	6.266108	-422.823809	45.002747	0.000000	-420.000000	0	31.131363	0.006451	0.071489	45.621262	3.985249	-438.088047	0.618515	3.985249	18.088047	6.266108	2.823809	6.352285	1	1	0	1	0
baf	2	61.000000	5	1	19	8.000000	35.000000	0.721824	1.768496	3124.803297	-420.000000	0.000000	77.000000	3171.838716	1937.774149	2548.550656	0.000000	0	442.124438	18.599093	47.540006	1.909035	-453.345743	43.437084	6.499887	-422.876502	45.002747	0.000000	-420.000000	0	31.085117	0.046246	0.066898	45.488545	4.204461	-438.111122	0.485799	4.204461	18.111122	6.499887	2.876502	6.345743	1	1	0	1	0
baf	2	61.000000	5	1	19	8.000000	35.000000	0.721824	1.768496	3171.936667	-420.000000	0.000000	78.000000	3218.988340	1937.774149	2548.550656	0.000000	0	442.246579	18.667582	47.293563	2.038214	-453.334815	43.606385	6.585501	-422.979727	45.002747	0.000000	-420.000000	0	30.914470	0.170647	0.068490	45.449974	4.311858	-438.157271	0.447227	4.311858	18.157271	6.585501	2.979727	6.334815	1	1	0	1	0
baf	2	61.000000	5	1	19	8.000000	35.000000	0.721824	1.768496	3219.086290	-420.000000	0.000000	79.000000	3265.988257	1937.774149	2548.550656	0.000000	0	442.452252	18.740905	46.872503	2.277755	-453.305895	43.659888	6.623071	-423.099925	45.002747	0.000000	-420.000000	0	30.685555	0.228915	0.073323	45.266195	4.450413	-438.202910	0.263449	4.450413	18.202910	6.623071	3.099925	6.305895	1	1	0	1	0
baf	2	61.000000	5	1	19	8.000000	35.000000	0.721824	1.768496	3266.208538	-420.000000	0.000000	80.000000	3312.782436	1937.774149	2548.550656	0.000000	0	442.401967	18.702804	46.958818	2.265812	-453.254050	43.653673	6.586689	-423.083867	45.002747	0.000000	-420.000000	0	30.656711	0.028844	0.038101	45.306246	4.426251	-438.168959	0.303499	4.426251	18.168959	6.586689	3.083867	6.254050	1	1	0	1	0
baf	2	61.000000	5	1	19	8.000000	35.000000	0.721824	1.768496	3312.888513	-420.000000	0.000000	81.000000	3359.938475	1937.774149	2548.550656	0.000000	0	442.305010	18.653566	47.082854	2.110111	-453.275039	43.604613	6.572553	-423.001240	45.002747	0.000000	-420.000000	0	30.797961	0.141251	0.049237	45.343733	4.341332	-438.138139	0.340987	4.341332	18.138139	6.572553	3.001240	6.275039	1	1	0	1	0
baf	2	61.000000	5	1	19	8.000000	35.000000	0.721824	1.768496	3360.040275	-420.000000	0.000000	82.000000	3406.865678	1937.774149	2548.550656	0.000000	0	442.223410	18.610615	47.168412	2.007582	-453.274480	43.562051	6.522667	-422.948845	45.002747	0.000000	-420.000000	0	30.871281	0.073320	0.042951	45.365232	4.265125	-438.111662	0.362485	4.265125	18.111662	6.522667	2.948845	6.274480	1	1	0	1	0
baf	2	61.000000	5	1	19	8.000000	35.000000	0.721824	1.768496	3406.967051	-420.000000	0.000000	83.000000	3454.231306	1937.774149	2548.550656	0.000000	0	442.129681	18.639315	47.353540	1.961319	-453.279309	43.721925	6.469924	-423.017598	45.002747	0.000000	-420.000000	0	30.810507	0.060775	0.028699	45.537732	4.215622	-438.148454	0.534986	4.215622	18.148454	6.469924	3.017598	6.279309	1	1	0	1	0
baf	2	61.000000	5	1	19	8.000000	35.000000	0.721824	1.768496	3454.339094	-420.000000	0.000000	84.000000	3501.062269	1937.774149	2548.550656	0.000000	0	442.168802	18.695958	47.316543	2.016569	-453.296119	43.862452	6.515460	-423.090454	45.002747	0.000000	-420.000000	0	30.733580	0.076927	0.056643	45.589497	4.266015	-438.193287	0.586751	4.266015	18.193287	6.515460	3.090454	6.296119	1	1	0	1	0
baf	2	61.000000	5	1	19	8.000000	35.000000	0.721824	1.768496	3501.160648	-420.000000	0.000000	85.000000	3548.158426	1937.774149	2548.550656	0.000000	0	442.127313	18.662180	47.391275	1.990114	-453.288591	43.776080	6.459947	-423.048091	45.002747	0.000000	-420.000000	0	30.782087	0.048507	0.033777	45.583677	4.225031	-438.168341	0.580931	4.225031	18.168341	6.459947	3.048091	6.288591	1	1	0	1	0
baf	2	61.000000	5	1	19	8.000000	35.000000	0.721824	1.768496	3548.261082	-420.000000	0.000000	86.000000	3595.098034	1937.774149	2548.550656	0.000000	0	442.113000	18.690847	47.402234	1.978954	-453.294261	43.855480	6.448116	-423.103643	45.002747	0.000000	-420.000000	0	30.725012	0.057075	0.028666	45.628857	4.213535	-438.198952	0.626110	4.213535	18.198952	6.448116	3.103643	6.294261	1	1	0	1	0
baf	2	61.000000	5	1	19	8.000000	35.000000	0.721824	1.768496	3595.195129	-420.000000	0.000000	87.000000	3642.343896	1937.774149	2548.550656	0.000000	0	442.211296	18.737360	47.467559	2.044834	-453.320118	43.715368	6.557965	-423.134787	45.002747	0.000000	-420.000000	0	30.750635	0.025623	0.046513	45.591464	4.301399	-438.227452	0.588717	4.301399	18.227452	6.557965	3.134787	6.320118	1	1	0	1	0
baf	2	61.000000	5	1	19	8.000000	35.000000	0.721824	1.768496	3642.441419	-420.000000	0.000000	88.000000	3689.487104	1937.774149	2548.550656	0.000000	0	442.554192	18.855667	47.249289	2.401292	-453.291739	43.722427	6.903929	-423.240767	45.002747	0.000000	-420.000000	0	30.590414	0.160221	0.118308	45.485858	4.652611	-438.266253	0.483112	4.652611	18.266253	6.903929	3.240767	6.291739	1	1	0	1	0
baf	2	61.000000	5	1	19	8.000000	35.000000	0.721824	1.768496	3689.585054	-420.000000	0.000000	89.000000	3736.552464	1937.774149	2548.550656	0.000000	0	442.842804	19.006492	46.923505	2.630793	-453.358203	43.797961	7.162866	-423.364523	45.002747	0.000000	-420.000000	0	30.494747	0.095667	0.150825	45.360733	4.896829	-438.361363	0.357986	4.896829	18.361363	7.162866	3.364523	6.358203	1	1	0	1	0
baf	2	61.000000	5	1	19	8.000000	35.000000	0.721824	1.768496	3736.650842	-420.000000	0.000000	90.000000	3783.676423	1937.774149	2548.550656	0.000000	0	442.950299	19.051255	46.913780	2.718127	-453.392337	43.728098	7.281345	-423.369150	45.002747	0.000000	-420.000000	0	30.534624	0.039877	0.044763	45.320939	4.999736	-438.380743	0.318192	4.999736	18.380743	7.281345	3.369150	6.392337	1	1	0	1	0
baf	2	61.000000	5	1	19	8.000000	35.000000	0.721824	1.768496	3783.883873	-420.000000	0.000000	91.000000	3830.783701	1937.774149	2548.550656	0.000000	0	442.948719	19.045274	46.578623	2.720029	-453.400383	43.910833	7.192232	-423.374646	45.002747	0.000000	-420.000000	0	30.473966	0.060658	0.005981	45.244728	4.956130	-438.387514	0.241982	4.956130	18.387514	7.192232	3.374646	6.400383	1	1	0	1	0
baf	2	61.000000	5	1	19	8.000000	35.000000	0.721824	1.768496	3830.887212	-420.000000	0.000000	92.000000	3866.084753	1937.774149	2548.550656	3866.080476	0	442.636689	18.913435	  46.931904    2.529888 -453.309001	  44.094295    6.970773 -423.291104	45.002747	0.000000	-420.000000	0	30.477002	0.003036	0.131839	0
