subjName	sessionNR	IOD	trialN	textureType	texnum	visualAngle	simulatedDepth	light_intensity	ambient_intensity	time	displayDistance	isRotated	frameN	timTote	startTime	touchTime	endTime	fingersOccluded	distanceToHome	distanceToObject	indexXraw	indexYraw	indexZraw	thumbXraw	thumbYraw	thumbZraw	targetX	targetY	targetZ	failCause	gripAperture	gripApertureVel	distFromObjVel	gripOriginX	gripOriginY	gripOriginZ	distFromObjX	distFromObjY	distFromObjZ	y_dist_thm	z_dist_thm	z_dist_ind	handOnObj	handnearObj	handfarObj	handTouchObj	framesOccluded
baf	6	61.000000	75	3	3	8.000000	45.000000	0.241188	3.299234	876.741865	-420.000000	0.000000	30.000000	923.456514	0.000000	0.000000	0.000000	0	1.991253	424.786257	215.544606	-353.231607	-254.832767	211.616828	-352.975509	-254.838633	44.814621	0.000000	-420.000000	0	3.936123	0.085072	0.034306	213.580717	-353.103558	-254.835700	168.766096	353.103558	165.164300	352.975509	165.161367	202.167233	0	0	1	0	0
baf	6	61.000000	75	3	3	8.000000	45.000000	0.241188	3.299234	923.675083	-420.000000	0.000000	31.000000	971.080084	0.000000	0.000000	0.000000	0	1.957776	424.822411	215.610556	-353.253539	-254.838671	211.698034	-352.978758	-254.850983	44.814621	0.000000	-420.000000	0	3.922178	0.013945	0.036154	213.654295	-353.116148	-254.844827	168.839674	353.116148	165.155173	352.978758	165.149017	202.161329	0	0	1	0	0
baf	6	61.000000	75	3	3	8.000000	45.000000	0.241188	3.299234	971.176322	-420.000000	0.000000	32.000000	1018.210911	0.000000	0.000000	0.000000	0	1.925178	424.857003	215.788569	-353.265184	-254.872443	211.678003	-352.975982	-254.819748	44.814621	0.000000	-420.000000	0	4.121064	0.198886	0.034593	213.733286	-353.120583	-254.846096	168.918665	353.120583	165.153904	352.975982	165.180252	202.127557	0	0	1	0	0
baf	6	61.000000	75	3	3	8.000000	45.000000	0.241188	3.299234	1018.310572	-420.000000	0.000000	33.000000	1064.725812	0.000000	0.000000	0.000000	0	1.932265	424.845073	215.625666	-353.263360	-254.854243	211.711776	-352.991336	-254.796217	44.814621	0.000000	-420.000000	0	3.923761	0.197302	0.011931	213.668721	-353.127348	-254.825230	168.854100	353.127348	165.174770	352.991336	165.203783	202.145757	0	0	1	0	0
baf	6	61.000000	75	3	3	8.000000	45.000000	0.241188	3.299234	1064.821623	-420.000000	0.000000	34.000000	1112.122686	0.000000	0.000000	0.000000	0	1.908281	424.869256	215.743061	-353.262697	-254.859865	211.708549	-352.993597	-254.786333	44.814621	0.000000	-420.000000	0	4.044145	0.120384	0.024184	213.725805	-353.128147	-254.823099	168.911184	353.128147	165.176901	352.993597	165.213667	202.140135	0	0	1	0	0
baf	6	61.000000	75	3	3	8.000000	45.000000	0.241188	3.299234	1112.224485	-420.000000	0.000000	35.000000	1159.502451	0.000000	0.000000	0.000000	0	1.889389	424.884639	215.538541	-353.234627	-254.810598	211.890657	-353.048428	-254.790762	44.814621	0.000000	-420.000000	0	3.652687	0.391458	0.015383	213.714599	-353.141528	-254.800680	168.899978	353.141528	165.199320	353.048428	165.209238	202.189402	0	0	1	0	0
baf	6	61.000000	75	3	3	8.000000	45.000000	0.241188	3.299234	1159.602539	-420.000000	0.000000	36.000000	1206.490845	0.000000	0.000000	0.000000	0	1.858692	424.916101	215.840742	-353.248929	-254.853054	211.758625	-353.023487	-254.737745	44.814621	0.000000	-420.000000	0	4.089963	0.437276	0.031462	213.799684	-353.136208	-254.795400	168.985063	353.136208	165.204600	353.023487	165.262255	202.146946	0	0	1	0	0
baf	6	61.000000	75	3	3	8.000000	45.000000	0.241188	3.299234	1206.586656	-420.000000	0.000000	37.000000	1253.471968	0.000000	0.000000	0.000000	0	1.888934	424.880992	215.727782	-353.254531	-254.829781	211.749639	-352.989601	-254.756441	44.814621	0.000000	-420.000000	0	3.987629	0.102334	0.035108	213.738711	-353.122066	-254.793111	168.924090	353.122066	165.206889	352.989601	165.243559	202.170219	0	0	1	0	0
baf	6	61.000000	75	3	3	8.000000	45.000000	0.241188	3.299234	1253.569062	-420.000000	0.000000	38.000000	1300.693046	0.000000	0.000000	0.000000	0	1.900319	424.860686	215.712852	-353.222809	-254.810244	211.711602	-352.975479	-254.728289	44.814621	0.000000	-420.000000	0	4.009724	0.022095	0.020306	213.712227	-353.099144	-254.769266	168.897606	353.099144	165.230734	352.975479	165.271711	202.189756	0	0	1	0	0
baf	6	61.000000	75	3	3	8.000000	45.000000	0.241188	3.299234	1300.840612	-420.000000	0.000000	39.000000	1347.331560	0.000000	0.000000	0.000000	0	1.880418	424.880398	215.681304	-353.216125	-254.787213	211.821452	-352.986347	-254.738935	44.814621	0.000000	-420.000000	0	3.866987	0.142737	0.019712	213.751378	-353.101236	-254.763074	168.936757	353.101236	165.236926	352.986347	165.261065	202.212787	0	0	1	0	0
baf	6	61.000000	75	3	3	8.000000	45.000000	0.241188	3.299234	1347.429937	-420.000000	0.000000	40.000000	1394.521414	0.000000	0.000000	0.000000	0	1.842468	424.919544	215.878124	-353.256384	-254.830900	211.701907	-352.990514	-254.667877	44.814621	0.000000	-420.000000	0	4.187847	0.320859	0.039146	213.790016	-353.123449	-254.749389	168.975395	353.123449	165.250611	352.990514	165.332123	202.169100	0	0	1	0	0
baf	6	61.000000	75	3	3	8.000000	45.000000	0.241188	3.299234	1394.616797	-420.000000	0.000000	41.000000	1441.443083	0.000000	0.000000	0.000000	0	1.900828	424.861478	215.908099	-353.230225	-254.824230	211.656869	-352.913183	-254.736617	44.814621	0.000000	-420.000000	0	4.263936	0.076089	0.058066	213.782484	-353.071704	-254.780424	168.967863	353.071704	165.219576	352.913183	165.263383	202.175770	0	0	1	0	0
baf	6	61.000000	75	3	3	8.000000	45.000000	0.241188	3.299234	1441.538894	-420.000000	0.000000	42.000000	1488.927641	0.000000	0.000000	0.000000	0	1.832172	424.933296	215.851223	-353.224800	-254.792783	211.852940	-352.999999	-254.715002	44.814621	0.000000	-420.000000	0	4.005352	0.258584	0.071818	213.852082	-353.112399	-254.753892	169.037461	353.112399	165.246108	352.999999	165.284998	202.207217	0	0	1	0	0
baf	6	61.000000	75	3	3	8.000000	45.000000	0.241188	3.299234	1489.027729	-420.000000	0.000000	43.000000	1535.799694	0.000000	0.000000	0.000000	0	1.840935	424.915191	215.964220	-353.201348	-254.771395	211.755719	-352.946723	-254.681693	44.814621	0.000000	-420.000000	0	4.217152	0.211799	0.018104	213.859970	-353.074036	-254.726544	169.045349	353.074036	165.273456	352.946723	165.318307	202.228605	0	0	1	0	0
baf	6	61.000000	75	3	3	8.000000	45.000000	0.241188	3.299234	1535.895505	-420.000000	0.000000	44.000000	1583.106317	0.000000	0.000000	0.000000	0	1.829465	424.950582	216.141567	-353.184270	-254.806905	211.843227	-352.958395	-254.723664	44.814621	0.000000	-420.000000	0	4.305075	0.087924	0.035391	213.992397	-353.071332	-254.765284	169.177776	353.071332	165.234716	352.958395	165.276336	202.193095	0	0	1	0	0
baf	6	61.000000	75	3	3	8.000000	45.000000	0.241188	3.299234	1583.202128	-420.000000	0.000000	45.000000	1630.292322	0.000000	0.000000	0.000000	0	2.253505	424.468418	215.782978	-352.784725	-254.753539	211.605226	-352.476069	-254.762201	44.814621	0.000000	-420.000000	0	4.189147	0.115928	0.482164	213.694102	-352.630397	-254.757870	168.879481	352.630397	165.242130	352.476069	165.237799	202.246461	0	0	1	0	0
baf	6	61.000000	75	3	3	8.000000	45.000000	0.241188	3.299234	1630.387277	-420.000000	0.000000	46.000000	1678.205034	1666.272302	0.000000	0.000000	0	6.238196	421.059977	216.653595	-348.784587	-255.642333	212.445884	-348.294773	-255.714488	44.814621	0.000000	-420.000000	0	4.236739	0.047592	3.408441	214.549739	-348.539680	-255.678410	169.735118	348.539680	164.321590	348.294773	164.285512	201.357667	0	0	1	0	0
baf	6	61.000000	75	3	3	8.000000	45.000000	0.241188	3.299234	1678.315816	-420.000000	0.000000	47.000000	1736.975173	1666.272302	0.000000	0.000000	0	21.410101	407.966862	217.364236	-334.164700	-259.730188	214.208924	-333.763890	-259.811392	44.814621	0.000000	-420.000000	0	3.181703	1.055036	13.093114	215.786580	-333.964295	-259.770790	170.971959	333.964295	160.229210	333.763890	160.188608	197.269812	0	0	1	0	0
baf	6	61.000000	75	3	3	8.000000	45.000000	0.241188	3.299234	1737.074406	-420.000000	0.000000	48.000000	1783.830545	1666.272302	0.000000	0.000000	0	43.432847	387.930594	216.198059	-312.979685	-265.037814	212.653102	-311.919353	-264.494367	44.814621	0.000000	-420.000000	0	3.739835	0.558132	20.036268	214.425580	-312.449519	-264.766090	169.610960	312.449519	155.233910	311.919353	155.505633	191.962186	0	0	1	0	0
baf	6	61.000000	75	3	3	8.000000	45.000000	0.241188	3.299234	1783.981532	-420.000000	0.000000	49.000000	1830.774028	1666.272302	0.000000	0.000000	0	71.969843	360.736559	210.466840	-286.093155	-272.748403	206.720901	-283.650452	-269.558616	44.814621	0.000000	-420.000000	0	5.493050	1.753215	27.194036	208.593870	-284.871803	-271.153509	163.779250	284.871803	148.846491	283.650452	150.441384	184.251597	0	0	1	0	0
baf	6	61.000000	75	3	3	8.000000	45.000000	0.241188	3.299234	1830.873688	-420.000000	0.000000	50.000000	1878.108454	1666.272302	0.000000	0.000000	0	107.919504	326.107811	202.036448	-252.749357	-284.253462	196.412015	-249.188973	-276.329611	44.814621	0.000000	-420.000000	0	10.348816	4.855767	34.628748	199.224232	-250.969165	-280.291536	154.409611	250.969165	139.708464	249.188973	143.670389	172.746538	0	0	1	0	0
baf	6	61.000000	75	3	3	8.000000	45.000000	0.241188	3.299234	1878.205120	-420.000000	0.000000	51.000000	1925.119945	1666.272302	0.000000	0.000000	0	149.252726	286.554715	192.299169	-214.385091	-300.059003	184.188684	-210.949245	-284.485996	44.814621	0.000000	-420.000000	0	17.891438	7.542622	39.553096	188.243926	-212.667168	-292.272499	143.429305	212.667168	127.727501	210.949245	135.514004	156.940997	0	0	1	0	0
baf	6	61.000000	75	3	3	8.000000	45.000000	0.241188	3.299234	1925.216612	-420.000000	0.000000	52.000000	1971.639123	1666.272302	0.000000	0.000000	0	191.986505	244.952928	179.198162	-175.352287	-317.777552	167.874894	-173.032792	-293.403158	44.814621	0.000000	-420.000000	0	26.976055	9.084617	41.601786	173.536528	-174.192539	-305.590355	128.721907	174.192539	114.409645	173.032792	126.596842	139.222448	0	0	0	0	0
baf	6	61.000000	75	3	3	8.000000	45.000000	0.241188	3.299234	1971.735362	-420.000000	0.000000	53.000000	2018.409377	1666.272302	0.000000	0.000000	0	234.361969	203.498120	166.192208	-137.818169	-337.574601	148.331632	-136.390018	-302.730059	44.814621	0.000000	-420.000000	0	39.181398	12.205343	41.454808	157.261920	-137.104094	-320.152330	112.447299	137.104094	99.847670	136.390018	117.269941	119.425399	0	0	0	0	0
baf	6	61.000000	75	3	3	8.000000	45.000000	0.241188	3.299234	2018.506043	-420.000000	0.000000	54.000000	2065.676649	1666.272302	0.000000	0.000000	0	273.589718	164.269733	152.662171	-105.859435	-359.582949	127.316059	-103.079983	-312.936417	44.814621	0.000000	-420.000000	0	53.160604	13.979206	39.228387	139.989115	-104.469709	-336.259683	95.174494	104.469709	83.740317	103.079983	107.063583	97.417051	0	0	0	0	0
baf	6	61.000000	75	3	3	8.000000	45.000000	0.241188	3.299234	2065.774171	-420.000000	0.000000	55.000000	2112.783952	1666.272302	0.000000	0.000000	0	308.978325	129.290670	141.187954	-78.728457	-381.496554	108.677964	-72.642646	-323.317255	44.814621	0.000000	-420.000000	0	66.923594	13.762990	34.979062	124.932959	-75.685552	-352.406905	80.118338	75.685552	67.593095	72.642646	96.682745	75.503446	0	0	0	0	0
baf	6	61.000000	75	3	3	8.000000	45.000000	0.241188	3.299234	2112.880191	-420.000000	0.000000	56.000000	2159.760370	1666.272302	0.000000	0.000000	0	339.645717	98.244333	130.122591	-54.720224	-400.133860	87.736385	-49.439620	-333.491057	44.814621	0.000000	-420.000000	0	79.156418	12.232824	31.046337	108.929488	-52.079922	-366.812459	64.114867	52.079922	53.187541	49.439620	86.508943	56.866140	0	0	0	0	0
baf	6	61.000000	75	3	3	8.000000	45.000000	0.241188	3.299234	2159.857036	-420.000000	0.000000	57.000000	2207.007967	1666.272302	0.000000	0.000000	0	365.878109	71.839340	118.982382	-35.980250	-417.203692	70.880804	-29.235661	-343.149560	44.814621	0.000000	-420.000000	0	88.562214	9.405796	26.404993	94.931593	-32.607956	-380.176626	50.116972	32.607956	39.823374	29.235661	76.850440	39.796308	0	0	0	0	0
baf	6	61.000000	75	3	3	8.000000	45.000000	0.241188	3.299234	2207.103778	-420.000000	0.000000	58.000000	2254.107999	1666.272302	0.000000	0.000000	0	387.260569	50.530324	109.622259	-23.261559	-433.354076	58.623302	-12.149581	-353.931788	44.814621	0.000000	-420.000000	0	95.038253	6.476039	21.309016	84.122780	-17.705570	-393.642932	39.308159	17.705570	26.357068	12.149581	66.068212	23.645924	0	0	0	0	0
baf	6	61.000000	75	3	3	8.000000	45.000000	0.241188	3.299234	2254.209370	-420.000000	0.000000	59.000000	2301.059181	1666.272302	0.000000	0.000000	0	403.362421	33.649261	101.293257	-15.056499	-445.997222	46.347044	-0.872217	-363.835178	44.814621	0.000000	-420.000000	0	99.854302	4.816049	16.881063	73.820150	-7.964358	-404.916200	29.005529	7.964358	15.083800	0.872217	56.164822	11.002778	0	0	0	0	0
baf	6	61.000000	75	3	3	8.000000	45.000000	0.241188	3.299234	2301.159269	-420.000000	0.000000	60.000000	2347.975717	1666.272302	0.000000	0.000000	0	416.051450	21.661449	94.550812	-10.371879	-458.178557	37.911485	6.759203	-376.422240	44.814621	0.000000	-420.000000	0	100.923648	1.069346	11.987812	66.231148	-1.806338	-417.300399	21.416527	1.806338	2.699601	6.759203	43.577760	1.178557	0	0	0	0	0
baf	6	61.000000	75	3	3	8.000000	45.000000	0.241188	3.299234	2348.072811	-420.000000	0.000000	61.000000	2394.864879	1666.272302	0.000000	0.000000	0	424.907627	18.719647	89.787391	-9.338869	-468.874246	32.322488	10.874601	-389.682436	44.814621	0.000000	-420.000000	0	99.910671	1.012976	2.941801	61.054940	0.767866	-429.278341	16.240319	0.767866	9.278341	10.874601	30.317564	11.874246	0	0	0	0	0
baf	6	61.000000	75	3	3	8.000000	45.000000	0.241188	3.299234	2394.959834	-420.000000	0.000000	62.000000	2442.267741	1666.272302	0.000000	0.000000	0	430.928113	21.289055	85.421041	-8.846229	-476.644558	26.814372	11.731548	-399.321140	44.814621	0.000000	-420.000000	0	99.182143	0.728528	2.569408	56.117706	1.442659	-437.982849	11.303085	1.442659	17.982849	11.731548	20.678860	19.644558	0	1	0	0	0
baf	6	61.000000	75	3	3	8.000000	45.000000	0.241188	3.299234	2442.363124	-420.000000	0.000000	63.000000	2489.219351	1666.272302	2477.339657	0.000000	0	435.244256	27.512262	82.395222	-9.724450	-483.324536	25.636946	12.875088	-408.435527	44.814621	0.000000	-420.000000	0	96.646803	2.535340	6.223207	54.016084	1.575319	-445.880032	9.201463	1.575319	25.880032	12.875088	11.564473	26.324536	0	1	0	1	0
baf	6	61.000000	75	3	3	8.000000	45.000000	0.241188	3.299234	2489.315589	-420.000000	0.000000	64.000000	2536.090548	1666.272302	2477.339657	0.000000	0	438.222998	35.029802	79.551724	-11.638889	-487.492786	31.025657	14.975503	-419.278394	44.814621	0.000000	-420.000000	0	87.842520	8.804284	7.517539	55.288691	1.668307	-453.385590	10.474070	1.668307	33.385590	14.975503	0.721606	30.492786	0	1	0	1	0
baf	6	61.000000	75	3	3	8.000000	45.000000	0.241188	3.299234	2536.192347	-420.000000	0.000000	65.000000	2583.088353	1666.272302	2477.339657	0.000000	0	439.417751	38.154145	76.335279	-14.602425	-489.972585	32.342110	16.006353	-423.906722	44.814621	0.000000	-420.000000	0	85.070526	2.771994	3.124343	54.338695	0.701964	-456.939654	9.524074	0.701964	36.939654	16.006353	3.906722	32.972585	0	1	0	0	0
baf	6	61.000000	75	3	3	8.000000	45.000000	0.241188	3.299234	2583.184591	-420.000000	0.000000	66.000000	2629.898385	1666.272302	2477.339657	0.000000	0	440.135021	38.191202	71.156440	-16.642081	-491.907006	29.024484	14.929542	-423.723681	44.814621	0.000000	-420.000000	0	86.144268	1.073742	0.037058	50.090462	-0.856270	-457.815344	5.275841	0.856270	37.815344	14.929542	3.723681	34.907006	0	1	0	1	0
baf	6	61.000000	75	3	3	8.000000	45.000000	0.241188	3.299234	2629.995479	-420.000000	0.000000	67.000000	2677.148976	1666.272302	2477.339657	0.000000	0	441.518663	37.123437	65.582924	-15.014176	-490.490291	28.832269	14.933058	-423.602128	44.814621	0.000000	-420.000000	0	81.984596	4.159673	1.067765	47.207596	-0.040559	-457.046209	2.392975	0.040559	37.046209	14.933058	3.602128	33.490291	0	1	0	1	0
baf	6	61.000000	75	3	3	8.000000	45.000000	0.241188	3.299234	2677.244787	-420.000000	0.000000	68.000000	2724.023167	1666.272302	2477.339657	0.000000	0	443.905345	36.549358	59.881082	-10.081231	-489.085199	30.353611	14.614734	-423.870288	44.814621	0.000000	-420.000000	0	75.728111	6.256484	0.574079	45.117347	2.266752	-456.477743	0.302726	2.266752	36.477743	14.614734	3.870288	32.085199	0	1	0	1	0
baf	6	61.000000	75	3	3	8.000000	45.000000	0.241188	3.299234	2724.120261	-420.000000	0.000000	69.000000	2771.452976	1666.272302	2477.339657	0.000000	0	445.229980	33.848147	49.971017	-6.395238	-483.205733	31.919478	13.656486	-423.653628	44.814621	0.000000	-420.000000	0	65.378764	10.349347	2.701212	40.945247	3.630624	-453.429681	3.869374	3.630624	33.429681	13.656486	3.653628	26.205733	0	1	0	1	0
baf	6	61.000000	75	3	3	8.000000	45.000000	0.241188	3.299234	2771.603536	-420.000000	0.000000	70.000000	2818.149233	1666.272302	2477.339657	0.000000	0	444.121065	29.004205	39.261060	-7.317837	-471.428908	32.932343	13.596358	-423.539694	44.814621	0.000000	-420.000000	0	52.638702	12.740062	4.843942	36.096701	3.139261	-447.484301	8.717919	3.139261	27.484301	13.596358	3.539694	14.428908	0	1	0	1	0
baf	6	61.000000	75	3	3	8.000000	45.000000	0.241188	3.299234	2818.255737	-420.000000	0.000000	71.000000	2865.390842	1666.272302	2477.339657	0.000000	0	444.883635	28.682226	39.248300	-4.306830	-470.314270	34.339514	13.532804	-423.983376	44.814621	0.000000	-420.000000	0	49.888880	2.749822	0.321978	36.793907	4.612987	-447.148823	8.020714	4.612987	27.148823	13.532804	3.983376	13.314270	0	1	0	1	0
baf	6	61.000000	75	3	3	8.000000	45.000000	0.241188	3.299234	2865.487081	-420.000000	0.000000	72.000000	2912.299679	1666.272302	2477.339657	0.000000	0	444.749124	27.996308	39.210918	-2.860927	-469.036830	35.660218	13.063334	-424.003554	44.814621	0.000000	-420.000000	0	47.897657	1.991223	0.685918	37.435568	5.101203	-446.520192	7.379053	5.101203	26.520192	13.063334	4.003554	12.036830	0	1	0	1	0
baf	6	61.000000	75	3	3	8.000000	45.000000	0.241188	3.299234	2912.395490	-420.000000	0.000000	73.000000	2959.549415	1666.272302	2477.339657	0.000000	0	443.882469	27.223712	41.005825	-3.054395	-468.058331	36.957198	13.063211	-424.174273	44.814621	0.000000	-420.000000	0	46.925251	0.972407	0.772596	38.981512	5.004408	-446.116302	5.833109	5.004408	26.116302	13.063211	4.174273	11.058331	0	1	0	1	0
baf	6	61.000000	75	3	3	8.000000	45.000000	0.241188	3.299234	2959.645226	-420.000000	0.000000	74.000000	3006.591275	1666.272302	2477.339657	0.000000	0	443.697990	26.854899	42.352147	-1.708872	-467.480759	38.229828	12.781887	-424.290639	44.814621	0.000000	-420.000000	0	45.742345	1.182906	0.368813	40.290987	5.536508	-445.885699	4.523634	5.536508	25.885699	12.781887	4.290639	10.480759	0	1	0	1	0
baf	6	61.000000	75	3	3	8.000000	45.000000	0.241188	3.299234	3006.687942	-420.000000	0.000000	75.000000	3053.666926	1666.272302	2477.339657	0.000000	0	443.610594	26.559759	43.098340	-0.843438	-466.961806	38.985764	12.718770	-424.260558	44.814621	0.000000	-420.000000	0	44.991593	0.750752	0.295140	41.042052	5.937666	-445.611182	3.772569	5.937666	25.611182	12.718770	4.260558	9.961806	0	1	0	1	0
baf	6	61.000000	75	3	3	8.000000	45.000000	0.241188	3.299234	3053.762737	-420.000000	0.000000	76.000000	3100.811013	1666.272302	2477.339657	0.000000	0	443.246540	26.221559	43.070777	-1.034499	-466.801392	39.065574	12.338622	-423.857802	44.814621	0.000000	-420.000000	0	45.155663	0.164070	0.338200	41.068175	5.652061	-445.329597	3.746446	5.652061	25.329597	12.338622	3.857802	9.801392	0	1	0	1	0
baf	6	61.000000	75	3	3	8.000000	45.000000	0.241188	3.299234	3100.906397	-420.000000	0.000000	77.000000	3147.681355	1666.272302	2477.339657	0.000000	0	442.728345	25.984865	43.051866	-1.214187	-466.709870	39.214578	11.432095	-423.710724	44.814621	0.000000	-420.000000	0	44.984217	0.171446	0.236694	41.133222	5.108954	-445.210297	3.681399	5.108954	25.210297	11.432095	3.710724	9.709870	0	1	0	1	0
baf	6	61.000000	75	3	3	8.000000	45.000000	0.241188	3.299234	3147.776738	-420.000000	0.000000	78.000000	3194.808761	1666.272302	2477.339657	0.000000	0	442.619720	26.048465	43.028911	-1.365692	-466.817866	39.587480	11.365029	-423.827205	44.814621	0.000000	-420.000000	0	44.967895	0.016322	0.063600	41.308195	4.999668	-445.322536	3.506426	4.999668	25.322536	11.365029	3.827205	9.817866	0	1	0	1	0
baf	6	61.000000	75	3	3	8.000000	45.000000	0.241188	3.299234	3194.904572	-420.000000	0.000000	79.000000	3241.916064	1666.272302	2477.339657	0.000000	0	442.648320	25.877078	43.058654	-1.286872	-466.645429	39.294679	11.455948	-423.575519	44.814621	0.000000	-420.000000	0	45.072876	0.104980	0.171387	41.176666	5.084538	-445.110474	3.637955	5.084538	25.110474	11.455948	3.575519	9.645429	0	1	0	1	0
baf	6	61.000000	75	3	3	8.000000	45.000000	0.241188	3.299234	3242.017863	-420.000000	0.000000	80.000000	3288.838588	1666.272302	2477.339657	0.000000	0	442.583479	25.909091	43.251811	-1.248897	-466.586966	39.481086	11.372651	-423.762553	44.814621	0.000000	-420.000000	0	44.804601	0.268275	0.032013	41.366449	5.061877	-445.174759	3.448172	5.061877	25.174759	11.372651	3.762553	9.586966	0	1	0	1	0
baf	6	61.000000	75	3	3	8.000000	45.000000	0.241188	3.299234	3288.938249	-420.000000	0.000000	81.000000	3336.174297	1666.272302	2477.339657	0.000000	0	442.759317	26.000455	43.104129	-1.132885	-466.659814	39.482161	11.562805	-423.795199	44.814621	0.000000	-420.000000	0	44.851694	0.047093	0.091364	41.293145	5.214960	-445.227506	3.521476	5.214960	25.227506	11.562805	3.795199	9.659814	0	1	0	1	0
baf	6	61.000000	75	3	3	8.000000	45.000000	0.241188	3.299234	3336.272247	-420.000000	0.000000	82.000000	3383.305980	1666.272302	2477.339657	0.000000	0	442.851492	26.029773	43.173907	-1.125587	-466.683762	39.373054	11.756601	-423.784240	44.814621	0.000000	-420.000000	0	44.952934	0.101240	0.029318	41.273481	5.315507	-445.234001	3.541140	5.315507	25.234001	11.756601	3.784240	9.683762	0	1	0	1	0
baf	6	61.000000	75	3	3	8.000000	45.000000	0.241188	3.299234	3383.407352	-420.000000	0.000000	83.000000	3429.941500	1666.272302	2477.339657	0.000000	0	442.775533	26.068169	43.316663	-1.209219	-466.734347	39.343019	11.634053	-423.871441	44.814621	0.000000	-420.000000	0	44.921801	0.031133	0.038396	41.329841	5.212417	-445.302894	3.484780	5.212417	25.302894	11.634053	3.871441	9.734347	0	1	0	1	0
baf	6	61.000000	75	3	3	8.000000	45.000000	0.241188	3.299234	3430.038594	-420.000000	0.000000	84.000000	3477.515453	1666.272302	2477.339657	0.000000	0	442.938657	26.060382	43.258117	-0.956502	-466.603488	39.355214	11.822063	-423.887012	44.814621	0.000000	-420.000000	0	44.757365	0.164436	0.007787	41.306666	5.432780	-445.245250	3.507955	5.432780	25.245250	11.822063	3.887012	9.603488	0	1	0	1	0
baf	6	61.000000	75	3	3	8.000000	45.000000	0.241188	3.299234	3477.649331	-420.000000	0.000000	85.000000	3524.200161	1666.272302	2477.339657	0.000000	0	443.036073	26.109723	42.817081	-0.785950	-466.625390	39.463720	11.708762	-423.907403	44.814621	0.000000	-420.000000	0	44.633947	0.123418	0.049341	41.140401	5.461406	-445.266396	3.674220	5.461406	25.266396	11.708762	3.907403	9.625390	0	1	0	1	0
baf	6	61.000000	75	3	3	8.000000	45.000000	0.241188	3.299234	3524.302388	-420.000000	0.000000	86.000000	3571.424661	1666.272302	2477.339657	0.000000	0	442.825353	25.973777	43.016287	-1.105401	-466.632937	39.397752	11.672468	-423.714122	44.814621	0.000000	-420.000000	0	44.926522	0.292575	0.135946	41.207019	5.283534	-445.173530	3.607602	5.283534	25.173530	11.672468	3.714122	9.632937	0	1	0	1	0
baf	6	61.000000	75	3	3	8.000000	45.000000	0.241188	3.299234	3571.520899	-420.000000	0.000000	87.000000	3618.231699	1666.272302	2477.339657	0.000000	0	442.810608	26.022505	43.168527	-1.187367	-466.640918	39.515456	11.776863	-423.839861	44.814621	0.000000	-420.000000	0	44.870332	0.056191	0.048728	41.341992	5.294748	-445.240389	3.472629	5.294748	25.240389	11.776863	3.839861	9.640918	0	1	0	1	0
baf	6	61.000000	75	3	3	8.000000	45.000000	0.241188	3.299234	3618.327938	-420.000000	0.000000	88.000000	3665.373220	1666.272302	2477.339657	0.000000	0	442.980084	26.060884	43.127184	-1.012610	-466.627407	39.301863	11.908182	-423.831709	44.814621	0.000000	-420.000000	0	44.867045	0.003287	0.038379	41.214524	5.447786	-445.229558	3.600097	5.447786	25.229558	11.908182	3.831709	9.627407	0	1	0	1	0
baf	6	61.000000	75	3	3	8.000000	45.000000	0.241188	3.299234	3665.469886	-420.000000	0.000000	89.000000	3712.701657	1666.272302	2477.339657	0.000000	0	443.050119	26.079754	42.993716	-0.974762	-466.646075	39.287631	11.974219	-423.808208	44.814621	0.000000	-420.000000	0	44.905390	0.038345	0.018870	41.140674	5.499728	-445.227142	3.673947	5.499728	25.227142	11.974219	3.808208	9.646075	0	1	0	1	0
baf	6	61.000000	75	3	3	8.000000	45.000000	0.241188	3.299234	3712.802601	-420.000000	0.000000	90.000000	3759.805538	1666.272302	2477.339657	0.000000	0	442.821755	26.052847	42.886594	-1.151308	-466.662925	39.427226	11.565048	-423.864710	44.814621	0.000000	-420.000000	0	44.781248	0.124142	0.026907	41.156910	5.206870	-445.263817	3.657711	5.206870	25.263817	11.565048	3.864710	9.662925	0	1	0	1	0
baf	6	61.000000	75	3	3	8.000000	45.000000	0.241188	3.299234	3759.905199	-420.000000	0.000000	91.000000	3806.938504	1666.272302	2477.339657	0.000000	0	442.760339	25.991417	43.177428	-1.324681	-466.682079	39.336163	11.735356	-423.748074	44.814621	0.000000	-420.000000	0	45.040522	0.259274	0.061430	41.256795	5.205338	-445.215077	3.557826	5.205338	25.215077	11.735356	3.748074	9.682079	0	1	0	1	0
baf	6	61.000000	75	3	3	8.000000	45.000000	0.241188	3.299234	3807.039020	-420.000000	0.000000	92.000000	3853.689510	1666.272302	2477.339657	0.000000	0	442.982563	26.067562	42.973445	-1.021902	-466.657344	39.177520	11.789183	-423.802663	44.814621	0.000000	-420.000000	0	44.889381	0.151141	0.076146	41.075482	5.383640	-445.230003	3.739139	5.383640	25.230003	11.789183	3.802663	9.657344	0	1	0	1	0
baf	6	61.000000	75	3	3	8.000000	45.000000	0.241188	3.299234	3853.796870	-420.000000	0.000000	93.000000	3900.767727	1666.272302	2477.339657	0.000000	0	443.047174	26.209784	42.870847	-0.918688	-466.671869	39.426599	11.755609	-424.088520	44.814621	0.000000	-420.000000	0	44.562790	0.326591	0.142221	41.148723	5.418461	-445.380194	3.665898	5.418461	25.380194	11.755609	4.088520	9.671869	0	1	0	1	0
baf	6	61.000000	75	3	3	8.000000	45.000000	0.241188	3.299234	3900.901178	-420.000000	0.000000	94.000000	3947.849794	1666.272302	2477.339657	0.000000	0	443.070099	26.121542	42.745092	-0.891007	-466.488562	39.388868	11.826844	-424.044280	44.814621	0.000000	-420.000000	0	44.435628	0.127162	0.088242	41.066980	5.467919	-445.266421	3.747641	5.467919	25.266421	11.826844	4.044280	9.488562	0	1	0	1	0
baf	6	61.000000	75	3	3	8.000000	45.000000	0.241188	3.299234	3947.986667	-420.000000	0.000000	95.000000	3995.037937	1666.272302	2477.339657	0.000000	0	442.996736	26.016428	42.797746	-0.930190	-466.351354	39.361178	11.804023	-423.981262	44.814621	0.000000	-420.000000	0	44.375611	0.060017	0.105114	41.079462	5.436917	-445.166308	3.735159	5.436917	25.166308	11.804023	3.981262	9.351354	0	1	0	1	0
baf	6	61.000000	75	3	3	8.000000	45.000000	0.241188	3.299234	3995.133320	-420.000000	0.000000	96.000000	4042.025476	1666.272302	2477.339657	0.000000	0	443.017414	25.994200	42.600342	-0.938075	-466.402657	39.302494	11.780900	-423.851989	44.814621	0.000000	-420.000000	0	44.533218	0.157607	0.022228	40.951418	5.421413	-445.127323	3.863203	5.421413	25.127323	11.780900	3.851989	9.402657	0	1	0	1	0
baf	6	61.000000	75	3	3	8.000000	45.000000	0.241188	3.299234	4042.121715	-420.000000	0.000000	97.000000	4089.291893	1666.272302	2477.339657	0.000000	0	442.968634	26.052258	42.672364	-0.942962	-466.404906	39.561788	11.728398	-424.031861	44.814621	0.000000	-420.000000	0	44.336373	0.196844	0.058058	41.117076	5.392718	-445.218384	3.697545	5.392718	25.218384	11.728398	4.031861	9.404906	0	1	0	1	0
baf	6	61.000000	75	3	3	8.000000	45.000000	0.241188	3.299234	4089.388560	-420.000000	0.000000	98.000000	4136.069418	1666.272302	2477.339657	0.000000	0	443.041499	26.097858	42.633251	-0.862843	-466.468331	39.374002	11.691029	-424.019771	44.814621	0.000000	-420.000000	0	44.385838	0.049465	0.045600	41.003626	5.414093	-445.244051	3.810995	5.414093	25.244051	11.691029	4.019771	9.468331	0	1	0	1	0
baf	6	61.000000	75	3	3	8.000000	45.000000	0.241188	3.299234	4136.164802	-420.000000	0.000000	99.000000	4183.454316	1666.272302	2477.339657	0.000000	0	443.084515	26.092073	42.831406	-0.816260	-466.397769	39.443201	11.893124	-424.064074	44.814621	0.000000	-420.000000	0	44.330014	0.055824	0.005785	41.137304	5.538432	-445.230921	3.677317	5.538432	25.230921	11.893124	4.064074	9.397769	0	1	0	1	0
baf	6	61.000000	75	3	3	8.000000	45.000000	0.241188	3.299234	4183.555687	-420.000000	0.000000	100.000000	4230.175809	1666.272302	2477.339657	0.000000	0	443.133553	26.071837	42.565846	-0.805008	-466.449542	39.252190	11.836146	-423.911770	44.814621	0.000000	-420.000000	0	44.499900	0.169886	0.020237	40.909018	5.515569	-445.180656	3.905603	5.515569	25.180656	11.836146	3.911770	9.449542	0	1	0	1	0
baf	6	61.000000	75	3	3	8.000000	45.000000	0.241188	3.299234	4230.276752	-420.000000	0.000000	101.000000	4265.934654	1666.272302	2477.339657	4265.929949	0	443.060392	26.067614	  42.484795   -0.876122 -466.408271	  39.416785   11.746599 -423.992106	44.814621	0.000000	-420.000000	0	44.360758	0.139142	0.004223	0
