subjName	sessionNR	IOD	trialN	textureType	texnum	visualAngle	simulatedDepth	light_intensity	ambient_intensity	time	displayDistance	isRotated	frameN	timTote	startTime	touchTime	endTime	fingersOccluded	distanceToHome	distanceToObject	indexXraw	indexYraw	indexZraw	thumbXraw	thumbYraw	thumbZraw	targetX	targetY	targetZ	failCause	gripAperture	gripApertureVel	distFromObjVel	gripOriginX	gripOriginY	gripOriginZ	distFromObjX	distFromObjY	distFromObjZ	y_dist_thm	z_dist_thm	z_dist_ind	handOnObj	handnearObj	handfarObj	handTouchObj	framesOccluded
baf	3	61.000000	60	3	5	8.000000	45.000000	0.226142	3.279840	884.859271	-420.000000	0.000000	30.000000	931.972134	0.000000	0.000000	0.000000	0	13.027018	424.511996	205.182528	-354.003870	-254.274050	210.696288	-354.272569	-250.830546	44.361221	0.000000	-420.000000	0	6.506264	0.282312	0.093658	207.939408	-354.138219	-252.552298	163.578187	354.138219	167.447702	354.272569	169.169454	202.725950	0	0	1	0	0
baf	3	61.000000	60	3	5	8.000000	45.000000	0.226142	3.279840	932.158196	-420.000000	0.000000	31.000000	978.629896	0.000000	0.000000	0.000000	0	13.011652	424.521742	205.133126	-354.011332	-254.285306	210.796316	-354.286568	-250.864725	44.361221	0.000000	-420.000000	0	6.621771	0.115507	0.009746	207.964721	-354.148950	-252.575016	163.603500	354.148950	167.424984	354.286568	169.135275	202.714694	0	0	1	0	0
baf	3	61.000000	60	3	5	8.000000	45.000000	0.226142	3.279840	978.733406	-420.000000	0.000000	32.000000	1025.885192	0.000000	0.000000	0.000000	0	13.037423	424.547197	204.930351	-353.995770	-254.295372	210.907553	-354.365394	-250.769964	44.361221	0.000000	-420.000000	0	6.949249	0.327478	0.025456	207.918952	-354.180582	-252.532668	163.557730	354.180582	167.467332	354.365394	169.230036	202.704628	0	0	1	0	0
baf	3	61.000000	60	3	5	8.000000	45.000000	0.226142	3.279840	1025.983142	-420.000000	0.000000	33.000000	1073.216196	0.000000	0.000000	0.000000	0	12.980504	424.551121	205.142767	-353.980059	-254.262412	210.800365	-354.318843	-250.754150	44.361221	0.000000	-420.000000	0	6.665666	0.283583	0.003924	207.971566	-354.149451	-252.508281	163.610345	354.149451	167.491719	354.318843	169.245850	202.737588	0	0	1	0	0
baf	3	61.000000	60	3	5	8.000000	45.000000	0.226142	3.279840	1073.324411	-420.000000	0.000000	34.000000	1120.218278	0.000000	0.000000	0.000000	0	13.019307	424.550608	205.080950	-354.000822	-254.274244	210.765983	-354.327315	-250.712781	44.361221	0.000000	-420.000000	0	6.716414	0.050748	0.000513	207.923466	-354.164068	-252.493512	163.562245	354.164068	167.506488	354.327315	169.287219	202.725756	0	0	1	0	0
baf	3	61.000000	60	3	5	8.000000	45.000000	0.226142	3.279840	1120.317938	-420.000000	0.000000	35.000000	1167.416259	0.000000	0.000000	0.000000	0	13.076489	424.505402	205.044651	-354.011488	-254.259536	210.693381	-354.273719	-250.759546	44.361221	0.000000	-420.000000	0	6.650326	0.066088	0.045206	207.869016	-354.142604	-252.509541	163.507795	354.142604	167.490459	354.273719	169.240454	202.740464	0	0	1	0	0
baf	3	61.000000	60	3	5	8.000000	45.000000	0.226142	3.279840	1167.565108	-420.000000	0.000000	36.000000	1214.257515	0.000000	0.000000	0.000000	0	13.017815	424.557757	205.120916	-354.036174	-254.247979	210.727919	-354.307258	-250.737002	44.361221	0.000000	-420.000000	0	6.621097	0.029229	0.052355	207.924418	-354.171716	-252.492490	163.563196	354.171716	167.507510	354.307258	169.262998	202.752021	0	0	1	0	0
baf	3	61.000000	60	3	5	8.000000	45.000000	0.226142	3.279840	1214.355892	-420.000000	0.000000	37.000000	1261.518799	0.000000	0.000000	0.000000	0	12.987635	424.580574	205.176371	-354.044795	-254.244039	210.727838	-354.317033	-250.718251	44.361221	0.000000	-420.000000	0	6.582102	0.038995	0.022817	207.952105	-354.180914	-252.481145	163.590883	354.180914	167.518855	354.317033	169.281749	202.755961	0	0	1	0	0
baf	3	61.000000	60	3	5	8.000000	45.000000	0.226142	3.279840	1261.617176	-420.000000	0.000000	38.000000	1308.457577	0.000000	0.000000	0.000000	0	12.995913	424.600487	205.032623	-354.034934	-254.256304	210.859435	-354.389300	-250.725125	44.361221	0.000000	-420.000000	0	6.822503	0.240400	0.019914	207.946029	-354.212117	-252.490714	163.584808	354.212117	167.509286	354.389300	169.274875	202.743696	0	0	1	0	0
baf	3	61.000000	60	3	5	8.000000	45.000000	0.226142	3.279840	1308.608137	-420.000000	0.000000	39.000000	1355.740248	0.000000	0.000000	0.000000	0	13.172046	424.462219	204.972423	-354.003889	-254.278864	210.572875	-354.282106	-250.772676	44.361221	0.000000	-420.000000	0	6.613307	0.209196	0.138268	207.772649	-354.142998	-252.525770	163.411428	354.142998	167.474230	354.282106	169.227324	202.721136	0	0	1	0	0
baf	3	61.000000	60	3	5	8.000000	45.000000	0.226142	3.279840	1355.892519	-420.000000	0.000000	40.000000	1402.627699	0.000000	0.000000	0.000000	0	13.079294	424.573366	205.063536	-354.096522	-254.256616	210.655844	-354.351181	-250.743345	44.361221	0.000000	-420.000000	0	6.609223	0.004084	0.111147	207.859690	-354.223852	-252.499981	163.498469	354.223852	167.500019	354.351181	169.256655	202.743384	0	0	1	0	0
baf	3	61.000000	60	3	5	8.000000	45.000000	0.226142	3.279840	1402.726076	-420.000000	0.000000	41.000000	1449.442864	0.000000	0.000000	0.000000	0	13.210781	424.506642	204.839506	-354.073433	-254.247675	210.596875	-354.343156	-250.748604	44.361221	0.000000	-420.000000	0	6.742666	0.133444	0.066724	207.718191	-354.208295	-252.498140	163.356970	354.208295	167.501860	354.343156	169.251396	202.752325	0	0	1	0	0
baf	3	61.000000	60	3	5	8.000000	45.000000	0.226142	3.279840	1449.541241	-420.000000	0.000000	42.000000	1496.753337	0.000000	0.000000	0.000000	0	13.164103	424.525936	205.041862	-354.132460	-254.238943	210.503866	-354.291241	-250.781232	44.361221	0.000000	-420.000000	0	6.466410	0.276256	0.019295	207.772864	-354.211850	-252.510088	163.411643	354.211850	167.489912	354.291241	169.218768	202.761057	0	0	1	0	0
baf	3	61.000000	60	3	5	8.000000	45.000000	0.226142	3.279840	1496.851714	-420.000000	0.000000	43.000000	1544.037719	0.000000	0.000000	0.000000	0	13.229235	424.498388	204.848453	-354.088444	-254.227992	210.545161	-354.324082	-250.759823	44.361221	0.000000	-420.000000	0	6.673545	0.207135	0.027548	207.696807	-354.206263	-252.493908	163.335585	354.206263	167.506092	354.324082	169.240177	202.772008	0	0	1	0	0
baf	3	61.000000	60	3	5	8.000000	45.000000	0.226142	3.279840	1544.136524	-420.000000	0.000000	44.000000	1590.934152	0.000000	0.000000	0.000000	0	13.243825	424.515816	204.758514	-354.116549	-254.220217	210.589384	-354.342787	-250.733677	44.361221	0.000000	-420.000000	0	6.797513	0.123968	0.017428	207.673949	-354.229668	-252.476947	163.312728	354.229668	167.523053	354.342787	169.266323	202.779783	0	0	1	0	0
baf	3	61.000000	60	3	5	8.000000	45.000000	0.226142	3.279840	1591.036379	-420.000000	0.000000	45.000000	1637.870791	0.000000	0.000000	0.000000	0	13.194978	424.561359	204.913057	-354.135772	-254.187524	210.489381	-354.346478	-250.637188	44.361221	0.000000	-420.000000	0	6.613976	0.183538	0.045544	207.701219	-354.241125	-252.412356	163.339998	354.241125	167.587644	354.346478	169.362812	202.812476	0	0	1	0	0
baf	3	61.000000	60	3	5	8.000000	45.000000	0.226142	3.279840	1637.969169	-420.000000	0.000000	46.000000	1684.753537	0.000000	0.000000	0.000000	0	13.086727	424.419354	204.896061	-353.841150	-254.289155	210.775796	-354.203309	-250.592540	44.361221	0.000000	-420.000000	0	6.954668	0.340693	0.142005	207.835928	-354.022229	-252.440848	163.474707	354.022229	167.559152	354.203309	169.407460	202.710845	0	0	1	0	0
baf	3	61.000000	60	3	5	8.000000	45.000000	0.226142	3.279840	1684.851914	-420.000000	0.000000	47.000000	1732.679937	0.000000	0.000000	0.000000	0	14.021686	421.178645	205.726776	-352.368157	-258.062408	211.495497	-349.627323	-252.004252	44.361221	0.000000	-420.000000	0	8.802930	1.848262	3.240710	208.611136	-350.997740	-255.033330	164.249915	350.997740	164.966670	349.627323	167.995748	198.937592	0	0	1	0	0
baf	3	61.000000	60	3	5	8.000000	45.000000	0.226142	3.279840	1732.779598	-420.000000	0.000000	48.000000	1779.933095	1768.160760	0.000000	0.000000	0	22.663411	409.704687	207.429113	-343.145510	-268.332085	210.014751	-336.413446	-252.961819	44.361221	0.000000	-420.000000	0	16.977964	8.175034	11.473957	208.721932	-339.779478	-260.646952	164.360711	339.779478	159.353048	336.413446	167.038181	188.667915	0	0	1	0	0
baf	3	61.000000	60	3	5	8.000000	45.000000	0.226142	3.279840	1780.105041	-420.000000	0.000000	49.000000	1827.013023	1768.160760	0.000000	0.000000	0	38.619330	393.824767	210.597764	-327.662903	-280.030423	209.438447	-319.435051	-256.840540	44.361221	0.000000	-420.000000	0	24.633559	7.655595	15.879920	210.018105	-323.548977	-268.435482	165.656884	323.548977	151.564518	319.435051	163.159460	176.969577	0	0	1	0	0
baf	3	61.000000	60	3	5	8.000000	45.000000	0.226142	3.279840	1827.120810	-420.000000	0.000000	50.000000	1874.229396	1768.160760	0.000000	0.000000	0	60.235462	373.314580	212.359938	-307.237910	-292.407350	205.784438	-297.136230	-258.338109	44.361221	0.000000	-420.000000	0	36.138543	11.504984	20.510187	209.072188	-302.187070	-275.372729	164.710967	302.187070	144.627271	297.136230	161.661891	164.592650	0	0	1	0	0
baf	3	61.000000	60	3	5	8.000000	45.000000	0.226142	3.279840	1874.328629	-420.000000	0.000000	51.000000	1921.148071	1768.160760	0.000000	0.000000	0	85.752471	348.609893	210.685056	-284.076702	-305.752634	196.957188	-272.932421	-261.948947	44.361221	0.000000	-420.000000	0	47.237827	11.099284	24.704686	203.821122	-278.504561	-283.850791	159.459901	278.504561	136.149209	272.932421	158.051053	151.247366	0	0	1	0	0
baf	3	61.000000	60	3	5	8.000000	45.000000	0.226142	3.279840	1921.251153	-420.000000	0.000000	52.000000	1968.256229	1768.160760	0.000000	0.000000	0	115.878569	319.555824	207.113775	-255.483114	-319.565809	186.856510	-245.787366	-267.421622	44.361221	0.000000	-420.000000	0	56.774824	9.536996	29.054069	196.985142	-250.635240	-293.493716	152.623921	250.635240	126.506284	245.787366	152.578378	137.434191	0	0	1	0	0
baf	3	61.000000	60	3	5	8.000000	45.000000	0.226142	3.279840	1968.359739	-420.000000	0.000000	53.000000	2015.108179	1768.160760	0.000000	0.000000	0	149.740188	286.861165	200.379509	-223.401695	-332.848634	175.891157	-216.107907	-276.273388	44.361221	0.000000	-420.000000	0	62.077671	5.302847	32.694659	188.135333	-219.754801	-304.561011	143.774111	219.754801	115.438989	216.107907	143.726612	124.151366	0	0	1	0	0
baf	3	61.000000	60	3	5	8.000000	45.000000	0.226142	3.279840	2015.207411	-420.000000	0.000000	54.000000	2061.992208	1768.160760	0.000000	0.000000	0	185.196327	252.837292	193.483869	-190.487244	-347.033566	163.542474	-185.148986	-286.527040	44.361221	0.000000	-420.000000	0	67.720187	5.642516	34.023874	178.513172	-187.818115	-316.780303	134.151950	187.818115	103.219697	185.148986	133.472960	109.966434	0	0	1	0	0
baf	3	61.000000	60	3	5	8.000000	45.000000	0.226142	3.279840	2062.092296	-420.000000	0.000000	55.000000	2109.465645	1768.160760	0.000000	0.000000	0	221.008694	217.990325	183.225797	-158.997973	-362.517297	149.753434	-154.194253	-297.681763	44.361221	0.000000	-420.000000	0	73.124014	5.403827	34.846967	166.489616	-156.596113	-330.099530	122.128394	156.596113	89.900470	154.194253	122.318237	94.482703	0	0	0	0	0
baf	3	61.000000	60	3	5	8.000000	45.000000	0.226142	3.279840	2109.568727	-420.000000	0.000000	56.000000	2155.934351	1768.160760	0.000000	0.000000	0	256.232177	183.681396	172.043346	-128.595499	-378.776342	135.660986	-125.065349	-310.696163	44.361221	0.000000	-420.000000	0	77.272562	4.148548	34.308929	153.852166	-126.830424	-344.736252	109.490945	126.830424	75.263748	125.065349	109.303837	78.223658	0	0	0	0	0
baf	3	61.000000	60	3	5	8.000000	45.000000	0.226142	3.279840	2156.033583	-420.000000	0.000000	57.000000	2203.190930	1768.160760	0.000000	0.000000	0	288.052236	151.649752	159.406388	-104.329334	-396.524227	119.440273	-99.681118	-324.215109	44.361221	0.000000	-420.000000	0	82.749651	5.477089	32.031644	139.423330	-102.005226	-360.369668	95.062109	102.005226	59.630332	99.681118	95.784891	60.475773	0	0	0	0	0
baf	3	61.000000	60	3	5	8.000000	45.000000	0.226142	3.279840	2203.291446	-420.000000	0.000000	58.000000	2250.144251	1768.160760	0.000000	0.000000	0	316.767465	121.953915	145.490773	-84.726325	-415.082250	102.221376	-78.314010	-337.561285	44.361221	0.000000	-420.000000	0	89.010441	6.260790	29.695836	123.856075	-81.520168	-376.321768	79.494853	81.520168	43.678232	78.314010	82.438715	41.917750	0	0	0	0	0
baf	3	61.000000	60	3	5	8.000000	45.000000	0.226142	3.279840	2250.248189	-420.000000	0.000000	59.000000	2296.877720	1768.160760	0.000000	0.000000	0	342.177342	95.814363	132.955473	-67.548956	-431.701532	85.509840	-61.348611	-351.081568	44.361221	0.000000	-420.000000	0	93.750258	4.739817	26.139552	109.232656	-64.448783	-391.391550	64.871435	64.448783	28.608450	61.348611	68.918432	25.298468	0	0	0	0	0
baf	3	61.000000	60	3	5	8.000000	45.000000	0.226142	3.279840	2297.024858	-420.000000	0.000000	60.000000	2343.923430	1768.160760	0.000000	0.000000	0	364.124147	73.513778	120.243532	-53.869171	-446.133438	70.467538	-47.788100	-364.181185	44.361221	0.000000	-420.000000	0	96.077057	2.326799	22.300585	95.355535	-50.828636	-405.157311	50.994314	50.828636	14.842689	47.788100	55.818815	10.866562	0	0	0	0	0
baf	3	61.000000	60	3	5	8.000000	45.000000	0.226142	3.279840	2344.066719	-420.000000	0.000000	61.000000	2391.133815	1768.160760	0.000000	0.000000	0	383.084309	56.453995	111.273648	-42.205018	-458.802607	59.448586	-35.266069	-376.456184	44.361221	0.000000	-420.000000	0	97.544449	1.467392	17.059783	85.361117	-38.735543	-417.629396	40.999896	38.735543	2.370604	35.266069	43.543816	1.802607	0	0	0	0	0
baf	3	61.000000	60	3	5	8.000000	45.000000	0.226142	3.279840	2391.238180	-420.000000	0.000000	62.000000	2438.211177	1768.160760	0.000000	0.000000	0	399.163002	45.100399	104.989148	-32.038741	-468.455976	53.200835	-23.140468	-387.844323	44.361221	0.000000	-420.000000	0	96.226022	1.318427	11.353596	79.094991	-27.589605	-428.150149	34.733770	27.589605	8.150149	23.140468	32.155677	11.455976	0	0	0	0	0
baf	3	61.000000	60	3	5	8.000000	45.000000	0.226142	3.279840	2438.311265	-420.000000	0.000000	63.000000	2485.144822	1768.160760	0.000000	0.000000	0	411.413625	38.848011	99.435852	-25.633162	-476.807492	47.083232	-14.140846	-396.572867	44.361221	0.000000	-420.000000	0	96.490752	0.264730	6.252388	73.259542	-19.887004	-436.690180	28.898321	19.887004	16.690180	14.140846	23.427133	19.807492	0	1	0	0	0
baf	3	61.000000	60	3	5	8.000000	45.000000	0.226142	3.279840	2485.288111	-420.000000	0.000000	64.000000	2532.435620	1768.160760	0.000000	0.000000	0	420.088958	37.199439	94.802206	-21.243420	-482.916305	42.943489	-8.877439	-404.249865	44.361221	0.000000	-420.000000	0	95.029746	1.461005	1.648572	68.872847	-15.060430	-443.583085	24.511626	15.060430	23.583085	8.877439	15.750135	25.916305	0	1	0	0	0
baf	3	61.000000	60	3	5	8.000000	45.000000	0.226142	3.279840	2532.536563	-420.000000	0.000000	65.000000	2579.374825	1768.160760	2567.868109	0.000000	0	427.301900	37.366477	91.007024	-17.351899	-487.031777	40.459465	-3.728676	-410.531843	44.361221	0.000000	-420.000000	0	92.697830	2.331916	0.167038	65.733244	-10.540288	-448.781810	21.372023	10.540288	28.781810	3.728676	9.468157	30.031777	0	1	0	1	0
baf	3	61.000000	60	3	5	8.000000	45.000000	0.226142	3.279840	2579.474914	-420.000000	0.000000	66.000000	2626.225492	1768.160760	2567.868109	0.000000	0	432.504088	38.650645	87.059280	-14.986406	-489.386581	40.127478	0.305317	-416.038577	44.361221	0.000000	-420.000000	0	88.410184	4.287647	1.284167	63.593379	-7.340544	-452.712579	19.232158	7.340544	32.712579	0.305317	3.961423	32.386581	0	1	0	1	0
baf	3	61.000000	60	3	5	8.000000	45.000000	0.226142	3.279840	2626.328574	-420.000000	0.000000	67.000000	2673.175819	1768.160760	2567.868109	0.000000	0	436.643699	38.991582	83.927865	-11.897815	-489.934343	39.917923	3.821638	-419.221278	44.361221	0.000000	-420.000000	0	84.760331	3.649852	0.340938	61.922894	-4.038089	-454.577810	17.561673	4.038089	34.577810	3.821638	0.778722	32.934343	0	1	0	1	0
baf	3	61.000000	60	3	5	8.000000	45.000000	0.226142	3.279840	2673.279329	-420.000000	0.000000	68.000000	2719.877208	1768.160760	2567.868109	0.000000	0	440.201482	39.300245	80.662351	-9.098414	-490.499068	39.978048	6.882491	-421.294879	44.361221	0.000000	-420.000000	0	81.852438	2.907893	0.308663	60.320200	-1.107962	-455.896973	15.958978	1.107962	35.896973	6.882491	1.294879	33.499068	0	1	0	1	0
baf	3	61.000000	60	3	5	8.000000	45.000000	0.226142	3.279840	2719.976869	-420.000000	0.000000	69.000000	2767.458432	1768.160760	2567.868109	0.000000	0	442.856667	39.289318	77.415713	-7.867298	-490.800816	39.145777	9.433713	-422.664385	44.361221	0.000000	-420.000000	0	80.040528	1.811910	0.010927	58.280745	0.783208	-456.732600	13.919524	0.783208	36.732600	9.433713	2.664385	33.800816	0	1	0	1	0
baf	3	61.000000	60	3	5	8.000000	45.000000	0.226142	3.279840	2767.659036	-420.000000	0.000000	70.000000	2814.309099	1768.160760	2567.868109	0.000000	0	445.648250	38.442129	71.916164	-5.724003	-490.155096	37.782747	10.916210	-423.629849	44.361221	0.000000	-420.000000	0	76.600230	3.440298	0.847188	54.849456	2.596103	-456.892472	10.488234	2.596103	36.892472	10.916210	3.629849	33.155096	0	1	0	1	0
baf	3	61.000000	60	3	5	8.000000	45.000000	0.226142	3.279840	2814.412609	-420.000000	0.000000	71.000000	2861.177302	1768.160760	2567.868109	0.000000	0	447.956927	36.277633	65.173052	-1.450038	-486.517027	37.859792	11.232738	-423.937055	44.361221	0.000000	-420.000000	0	69.448686	7.151545	2.164497	51.516422	4.891350	-455.227041	7.155201	4.891350	35.227041	11.232738	3.937055	29.517027	0	1	0	1	0
baf	3	61.000000	60	3	5	8.000000	45.000000	0.226142	3.279840	2861.275679	-420.000000	0.000000	72.000000	2908.493763	1768.160760	2567.868109	0.000000	0	447.895087	31.737425	54.851455	-0.991679	-478.588696	38.385372	10.450268	-424.014915	44.361221	0.000000	-420.000000	0	58.140757	11.307929	4.540207	46.618413	4.729294	-451.301806	2.257192	4.729294	31.301806	10.450268	4.014915	21.588696	0	1	0	1	0
baf	3	61.000000	60	3	5	8.000000	45.000000	0.226142	3.279840	2908.597273	-420.000000	0.000000	73.000000	2955.494134	1768.160760	2567.868109	0.000000	0	445.299149	25.991274	46.204972	-3.739437	-467.363358	38.939380	8.932075	-424.235276	44.361221	0.000000	-420.000000	0	45.534465	12.606291	5.746152	42.572176	2.596319	-445.799317	1.789045	2.596319	25.799317	8.932075	4.235276	10.363358	0	1	0	1	0
baf	3	61.000000	60	3	5	8.000000	45.000000	0.226142	3.279840	2955.598499	-420.000000	0.000000	74.000000	3002.622823	1768.160760	2567.868109	0.000000	0	445.365163	25.598625	45.263506	-2.412654	-466.371487	39.504500	8.063603	-424.359052	44.361221	0.000000	-420.000000	0	43.680234	1.854231	0.392649	42.384003	2.825475	-445.365269	1.977218	2.825475	25.365269	8.063603	4.359052	9.371487	0	1	0	1	0
baf	3	61.000000	60	3	5	8.000000	45.000000	0.226142	3.279840	3002.721628	-420.000000	0.000000	75.000000	3049.511985	1768.160760	2567.868109	0.000000	0	445.042956	25.339553	44.933700	-2.590989	-465.757124	39.981833	7.766793	-424.513049	44.361221	0.000000	-420.000000	0	42.812129	0.868106	0.259072	42.457767	2.587902	-445.135086	1.903454	2.587902	25.135086	7.766793	4.513049	8.757124	0	1	0	1	0
baf	3	61.000000	60	3	5	8.000000	45.000000	0.226142	3.279840	3049.610362	-420.000000	0.000000	76.000000	3096.400719	1768.160760	2567.868109	0.000000	0	445.107191	25.161402	44.669384	-2.681178	-465.551640	39.632385	7.943055	-424.299688	44.361221	0.000000	-420.000000	0	42.894862	0.082734	0.178151	42.150884	2.630939	-444.925664	2.210337	2.630939	24.925664	7.943055	4.299688	8.551640	0	1	0	1	0
baf	3	61.000000	60	3	5	8.000000	45.000000	0.226142	3.279840	3096.499096	-420.000000	0.000000	77.000000	3143.264217	1768.160760	2567.868109	0.000000	0	445.275075	25.305678	44.595429	-2.583586	-465.676146	39.601252	8.069133	-424.433091	44.361221	0.000000	-420.000000	0	42.888365	0.006498	0.144276	42.098340	2.742773	-445.054618	2.262881	2.742773	25.054618	8.069133	4.433091	8.676146	0	1	0	1	0
baf	3	61.000000	60	3	5	8.000000	45.000000	0.226142	3.279840	3143.363450	-420.000000	0.000000	78.000000	3190.766312	1768.160760	2567.868109	0.000000	0	445.483691	25.315374	44.646316	-2.309608	-465.618028	39.518279	8.323323	-424.447269	44.361221	0.000000	-420.000000	0	42.829749	0.058616	0.009696	42.082298	3.006857	-445.032648	2.278924	3.006857	25.032648	8.323323	4.447269	8.618028	0	1	0	1	0
baf	3	61.000000	60	3	5	8.000000	45.000000	0.226142	3.279840	3190.870249	-420.000000	0.000000	79.000000	3237.167437	1768.160760	2567.868109	0.000000	0	445.450809	25.304986	44.731323	-2.342890	-465.558250	39.605275	8.363846	-424.500534	44.361221	0.000000	-420.000000	0	42.739287	0.090462	0.010388	42.168299	3.010478	-445.029392	2.192922	3.010478	25.029392	8.363846	4.500534	8.558250	0	1	0	1	0
baf	3	61.000000	60	3	5	8.000000	45.000000	0.226142	3.279840	3237.272658	-420.000000	0.000000	80.000000	3284.760210	1768.160760	2567.868109	0.000000	0	445.437478	25.279730	44.609480	-2.325297	-465.512863	39.670149	8.313480	-424.493758	44.361221	0.000000	-420.000000	0	42.663187	0.076099	0.025256	42.139814	2.994092	-445.003310	2.221407	2.994092	25.003310	8.313480	4.493758	8.512863	0	1	0	1	0
baf	3	61.000000	60	3	5	8.000000	45.000000	0.226142	3.279840	3284.862864	-420.000000	0.000000	81.000000	3331.994120	1768.160760	2567.868109	0.000000	0	445.315678	25.210690	44.761938	-2.429420	-465.418859	39.684313	8.255427	-424.481916	44.361221	0.000000	-420.000000	0	42.611989	0.051199	0.069040	42.223126	2.913004	-444.950388	2.138096	2.913004	24.950388	8.255427	4.481916	8.418859	0	1	0	1	0
baf	3	61.000000	60	3	5	8.000000	45.000000	0.226142	3.279840	3332.098485	-420.000000	0.000000	82.000000	3379.189962	1768.160760	2567.868109	0.000000	0	445.234482	25.248973	44.685261	-2.532227	-465.478804	39.808825	8.119750	-424.530627	44.361221	0.000000	-420.000000	0	42.591048	0.020940	0.038284	42.247043	2.793762	-445.004716	2.114178	2.793762	25.004716	8.119750	4.530627	8.478804	0	1	0	1	0
baf	3	61.000000	60	3	5	8.000000	45.000000	0.226142	3.279840	3379.294327	-420.000000	0.000000	83.000000	3426.123179	1768.160760	2567.868109	0.000000	0	445.232031	25.215231	44.655163	-2.503764	-465.440374	39.789721	8.101248	-424.495608	44.361221	0.000000	-420.000000	0	42.574789	0.016259	0.033742	42.222442	2.798742	-444.967991	2.138779	2.798742	24.967991	8.101248	4.495608	8.440374	0	1	0	1	0
baf	3	61.000000	60	3	5	8.000000	45.000000	0.226142	3.279840	3426.227117	-420.000000	0.000000	84.000000	3473.279671	1768.160760	2567.868109	0.000000	0	445.399770	25.277130	44.596026	-2.380523	-465.458457	39.723819	8.290572	-424.555758	44.361221	0.000000	-420.000000	0	42.551634	0.023156	0.061899	42.159923	2.955024	-445.007107	2.201298	2.955024	25.007107	8.290572	4.555758	8.458457	0	1	0	1	0
baf	3	61.000000	60	3	5	8.000000	45.000000	0.226142	3.279840	3473.384036	-420.000000	0.000000	85.000000	3520.594849	1768.160760	2567.868109	0.000000	0	445.575805	25.298949	44.524823	-2.220490	-465.480408	39.527004	8.445959	-424.515354	44.361221	0.000000	-420.000000	0	42.624958	0.073324	0.021819	42.025914	3.112735	-444.997881	2.335307	3.112735	24.997881	8.445959	4.515354	8.480408	0	1	0	1	0
baf	3	61.000000	60	3	5	8.000000	45.000000	0.226142	3.279840	3520.699642	-420.000000	0.000000	86.000000	3567.519940	1768.160760	2567.868109	0.000000	0	445.646793	25.415539	44.456195	-2.205467	-465.607146	39.647637	8.506007	-424.620039	44.361221	0.000000	-420.000000	0	42.635675	0.010718	0.116590	42.051916	3.150270	-445.113593	2.309306	3.150270	25.113593	8.506007	4.620039	8.607146	0	1	0	1	0
baf	3	61.000000	60	3	5	8.000000	45.000000	0.226142	3.279840	3567.672210	-420.000000	0.000000	87.000000	3614.372317	1768.160760	2567.868109	0.000000	0	445.512168	25.390667	44.639973	-2.182344	-465.482690	39.898983	8.362309	-424.747285	44.361221	0.000000	-420.000000	0	42.344302	0.291374	0.024872	42.269478	3.089983	-445.114987	2.091743	3.089983	25.114987	8.362309	4.747285	8.482690	0	1	0	1	0
baf	3	61.000000	60	3	5	8.000000	45.000000	0.226142	3.279840	3614.470694	-420.000000	0.000000	88.000000	3661.521109	1768.160760	2567.868109	0.000000	0	445.448543	25.391773	44.754926	-2.162231	-465.425620	40.011001	8.280946	-424.832473	44.361221	0.000000	-420.000000	0	42.182561	0.161741	0.001106	42.382964	3.059358	-445.129046	1.978258	3.059358	25.129046	8.280946	4.832473	8.425620	0	1	0	1	0
baf	3	61.000000	60	3	5	8.000000	45.000000	0.226142	3.279840	3661.619914	-420.000000	0.000000	89.000000	3708.367926	1768.160760	2567.868109	0.000000	0	445.501597	25.425667	44.720020	-2.205375	-465.501399	39.924946	8.366545	-424.810352	44.361221	0.000000	-420.000000	0	42.314531	0.131970	0.033894	42.322483	3.080585	-445.155875	2.038738	3.080585	25.155875	8.366545	4.810352	8.501399	0	1	0	1	0
baf	3	61.000000	60	3	5	8.000000	45.000000	0.226142	3.279840	3708.475285	-420.000000	0.000000	90.000000	3755.626216	1768.160760	2567.868109	0.000000	0	445.436668	25.407825	44.722906	-2.165855	-465.430536	40.043400	8.233858	-424.866170	44.361221	0.000000	-420.000000	0	42.136915	0.177616	0.017841	42.383153	3.034001	-445.148353	1.978068	3.034001	25.148353	8.233858	4.866170	8.430536	0	1	0	1	0
baf	3	61.000000	60	3	5	8.000000	45.000000	0.226142	3.279840	3755.733148	-420.000000	0.000000	91.000000	3802.745495	1768.160760	2567.868109	0.000000	0	445.300049	25.363840	44.793220	-2.362948	-465.479873	40.017638	8.140983	-424.765638	44.361221	0.000000	-420.000000	0	42.317699	0.180784	0.043985	42.405429	2.889018	-445.122756	1.955793	2.889018	25.122756	8.140983	4.765638	8.479873	0	1	0	1	0
baf	3	61.000000	60	3	5	8.000000	45.000000	0.226142	3.279840	3802.887500	-420.000000	0.000000	92.000000	3849.493935	1768.160760	2567.868109	0.000000	0	445.190649	25.221841	45.129928	-2.445190	-465.370674	39.907602	8.211318	-424.606704	44.361221	0.000000	-420.000000	0	42.456273	0.138573	0.141999	42.518765	2.883064	-444.988689	1.842456	2.883064	24.988689	8.211318	4.606704	8.370674	0	1	0	1	0
baf	3	61.000000	60	3	5	8.000000	45.000000	0.226142	3.279840	3849.591456	-420.000000	0.000000	93.000000	3896.755219	1768.160760	2567.868109	0.000000	0	445.392634	25.357330	44.715713	-2.348358	-465.498186	39.997652	8.333517	-424.702232	44.361221	0.000000	-420.000000	0	42.434330	0.021942	0.135489	42.356683	2.992579	-445.100209	2.004539	2.992579	25.100209	8.333517	4.702232	8.498186	0	1	0	1	0
baf	3	61.000000	60	3	5	8.000000	45.000000	0.226142	3.279840	3896.854452	-420.000000	0.000000	94.000000	3932.343829	1768.160760	2567.868109	3932.339552	0	445.376696	25.235791	  44.999844   -2.370123 -465.359603	  39.730031    8.465951 -424.583172	44.361221	0.000000	-420.000000	0	42.519511	0.085181	0.121540	0
