subjName	sessionNR	IOD	trialN	textureType	texnum	visualAngle	simulatedDepth	light_intensity	ambient_intensity	time	displayDistance	isRotated	frameN	timTote	startTime	touchTime	endTime	fingersOccluded	distanceToHome	distanceToObject	indexXraw	indexYraw	indexZraw	thumbXraw	thumbYraw	thumbZraw	targetX	targetY	targetZ	failCause	gripAperture	gripApertureVel	distFromObjVel	gripOriginX	gripOriginY	gripOriginZ	distFromObjX	distFromObjY	distFromObjZ	y_dist_thm	z_dist_thm	z_dist_ind	handOnObj	handnearObj	handfarObj	handTouchObj	framesOccluded
baf	6	61.000000	8	1	3	8.000000	55.000000	0.767614	1.702216	883.412270	-420.000000	0.000000	30.000000	929.994752	0.000000	0.000000	0.000000	0	2.072260	424.737382	213.757672	-353.148831	-254.894075	212.428213	-353.086814	-254.095029	44.814621	0.000000	-420.000000	0	1.552347	0.027898	0.061494	213.092943	-353.117822	-254.494552	168.278322	353.117822	165.505448	353.086814	165.904971	212.105925	0	0	1	0	0
baf	6	61.000000	8	1	3	8.000000	55.000000	0.767614	1.702216	930.186801	-420.000000	0.000000	31.000000	976.749607	0.000000	0.000000	0.000000	0	2.014301	424.795382	213.809461	-353.169372	-254.912853	212.453219	-353.164968	-254.067217	44.814621	0.000000	-420.000000	0	1.598283	0.045936	0.058000	213.131340	-353.167170	-254.490035	168.316719	353.167170	165.509965	353.164968	165.932783	212.087147	0	0	1	0	0
baf	6	61.000000	8	1	3	8.000000	55.000000	0.767614	1.702216	976.849695	-420.000000	0.000000	32.000000	1024.140065	0.000000	0.000000	0.000000	0	2.082399	424.738448	213.672224	-353.140451	-254.886532	212.451501	-353.126115	-254.099878	44.814621	0.000000	-420.000000	0	1.452307	0.145976	0.056934	213.061862	-353.133283	-254.493205	168.247241	353.133283	165.506795	353.126115	165.900122	212.113468	0	0	1	0	0
baf	6	61.000000	8	1	3	8.000000	55.000000	0.767614	1.702216	1024.238870	-420.000000	0.000000	33.000000	1071.493311	0.000000	0.000000	0.000000	0	2.062360	424.755431	213.679342	-353.166424	-254.905654	212.499551	-353.133423	-254.120687	44.814621	0.000000	-420.000000	0	1.417452	0.034855	0.016983	213.089447	-353.149924	-254.513171	168.274826	353.149924	165.486829	353.133423	165.879313	212.094346	0	0	1	0	0
baf	6	61.000000	8	1	3	8.000000	55.000000	0.767614	1.702216	1071.588694	-420.000000	0.000000	34.000000	1118.373063	0.000000	0.000000	0.000000	0	1.943865	424.852529	213.737059	-353.146730	-254.902195	212.680544	-353.246958	-254.068737	44.814621	0.000000	-420.000000	0	1.349416	0.068036	0.097098	213.208802	-353.196844	-254.485466	168.394181	353.196844	165.514534	353.246958	165.931263	212.097805	0	0	1	0	0
baf	6	61.000000	8	1	3	8.000000	55.000000	0.767614	1.702216	1118.469301	-420.000000	0.000000	35.000000	1165.231000	0.000000	0.000000	0.000000	0	2.026568	424.775774	213.779598	-353.148320	-254.921160	212.510730	-353.140473	-254.090493	44.814621	0.000000	-420.000000	0	1.516607	0.167191	0.076756	213.145164	-353.144397	-254.505827	168.330543	353.144397	165.494173	353.140473	165.909507	212.078840	0	0	1	0	0
baf	6	61.000000	8	1	3	8.000000	55.000000	0.767614	1.702216	1165.325956	-420.000000	0.000000	36.000000	1212.833611	0.000000	0.000000	0.000000	0	2.020272	424.777898	213.843408	-353.169799	-254.934557	212.475530	-353.111175	-254.078607	44.814621	0.000000	-420.000000	0	1.614676	0.098069	0.002124	213.159469	-353.140487	-254.506582	168.344848	353.140487	165.493418	353.111175	165.921393	212.065443	0	0	1	0	0
baf	6	61.000000	8	1	3	8.000000	55.000000	0.767614	1.702216	1212.928567	-420.000000	0.000000	37.000000	1259.830988	0.000000	0.000000	0.000000	0	2.077378	424.729000	213.732091	-353.128314	-254.897884	212.457541	-353.080448	-254.080693	44.814621	0.000000	-420.000000	0	1.514783	0.099893	0.048898	213.094816	-353.104381	-254.489288	168.280195	353.104381	165.510712	353.080448	165.919307	212.102116	0	0	1	0	0
baf	6	61.000000	8	1	3	8.000000	55.000000	0.767614	1.702216	1259.925943	-420.000000	0.000000	38.000000	1306.433572	0.000000	0.000000	0.000000	0	2.004063	424.790667	213.704989	-353.136216	-254.892622	212.638609	-353.147510	-254.085953	44.814621	0.000000	-420.000000	0	1.337164	0.177619	0.061667	213.171799	-353.141863	-254.489287	168.357178	353.141863	165.510713	353.147510	165.914047	212.107378	0	0	1	0	0
baf	6	61.000000	8	1	3	8.000000	55.000000	0.767614	1.702216	1306.579000	-420.000000	0.000000	39.000000	1353.557984	0.000000	0.000000	0.000000	0	2.005698	424.793128	213.718625	-353.138811	-254.895363	212.593030	-353.153138	-254.055632	44.814621	0.000000	-420.000000	0	1.404392	0.067228	0.002461	213.155827	-353.145975	-254.475498	168.341206	353.145975	165.524502	353.153138	165.944368	212.104637	0	0	1	0	0
baf	6	61.000000	8	1	3	8.000000	55.000000	0.767614	1.702216	1353.657645	-420.000000	0.000000	40.000000	1400.592145	0.000000	0.000000	0.000000	0	1.958591	424.826232	213.826279	-353.149944	-254.910955	212.620312	-353.160434	-254.046703	44.814621	0.000000	-420.000000	0	1.483711	0.079319	0.033103	213.223296	-353.155189	-254.478829	168.408675	353.155189	165.521171	353.160434	165.953297	212.089045	0	0	1	0	0
baf	6	61.000000	8	1	3	8.000000	55.000000	0.767614	1.702216	1400.687101	-420.000000	0.000000	41.000000	1447.693888	0.000000	0.000000	0.000000	0	1.957498	424.824599	213.820115	-353.119849	-254.897516	212.633124	-353.173576	-254.039120	44.814621	0.000000	-420.000000	0	1.465837	0.017875	0.001633	213.226619	-353.146713	-254.468318	168.411998	353.146713	165.531682	353.173576	165.960880	212.102484	0	0	1	0	0
baf	6	61.000000	8	1	3	8.000000	55.000000	0.767614	1.702216	1447.789271	-420.000000	0.000000	42.000000	1494.574067	0.000000	0.000000	0.000000	0	1.901564	424.853531	214.063574	-353.135482	-254.919439	212.645148	-353.125628	-254.059774	44.814621	0.000000	-420.000000	0	1.658630	0.192794	0.028933	213.354361	-353.130555	-254.489607	168.539740	353.130555	165.510393	353.125628	165.940226	212.080561	0	0	1	0	0
baf	6	61.000000	8	1	3	8.000000	55.000000	0.767614	1.702216	1494.668595	-420.000000	0.000000	43.000000	1541.997460	0.000000	0.000000	0.000000	0	1.956144	424.833336	213.812193	-353.125130	-254.889948	212.572330	-353.177260	-253.951074	44.814621	0.000000	-420.000000	0	1.556105	0.102525	0.020195	213.192262	-353.151195	-254.420511	168.377641	353.151195	165.579489	353.177260	166.048926	212.110052	0	0	1	0	0
baf	6	61.000000	8	1	3	8.000000	55.000000	0.767614	1.702216	1542.093271	-420.000000	0.000000	44.000000	1588.673614	0.000000	0.000000	0.000000	0	1.874033	424.886899	213.964087	-353.131633	-254.903209	212.694907	-353.184144	-253.970719	44.814621	0.000000	-420.000000	0	1.575789	0.019684	0.053562	213.329497	-353.157889	-254.436964	168.514876	353.157889	165.563036	353.184144	166.029281	212.096791	0	0	1	0	0
baf	6	61.000000	8	1	3	8.000000	55.000000	0.767614	1.702216	1588.775841	-420.000000	0.000000	45.000000	1636.042258	0.000000	0.000000	0.000000	0	1.879466	424.879186	213.967335	-353.108910	-254.887447	212.683412	-353.175048	-253.949805	44.814621	0.000000	-420.000000	0	1.591228	0.015439	0.007713	213.325374	-353.141979	-254.418626	168.510753	353.141979	165.581374	353.175048	166.050195	212.112553	0	0	1	0	0
baf	6	61.000000	8	1	3	8.000000	55.000000	0.767614	1.702216	1636.137641	-420.000000	0.000000	46.000000	1683.295843	0.000000	0.000000	0.000000	0	1.778892	424.961414	214.199117	-353.126535	-254.905820	212.693965	-353.220319	-253.890259	44.814621	0.000000	-420.000000	0	1.818143	0.226915	0.082228	213.446541	-353.173427	-254.398040	168.631920	353.173427	165.601960	353.220319	166.109741	212.094180	0	0	1	0	0
baf	6	61.000000	8	1	3	8.000000	55.000000	0.767614	1.702216	1683.391226	-420.000000	0.000000	47.000000	1730.344547	0.000000	0.000000	0.000000	0	1.911212	424.847987	214.028042	-353.097056	-254.880089	212.561459	-353.116996	-253.905865	44.814621	0.000000	-420.000000	0	1.760788	0.057355	0.113427	213.294750	-353.107026	-254.392977	168.480129	353.107026	165.607023	353.116996	166.094135	212.119911	0	0	1	0	0
baf	6	61.000000	8	1	3	8.000000	55.000000	0.767614	1.702216	1730.444635	-420.000000	0.000000	48.000000	1777.214033	0.000000	0.000000	0.000000	0	1.930434	424.838344	213.975196	-353.100248	-254.876641	212.519787	-353.108490	-253.851317	44.814621	0.000000	-420.000000	0	1.780329	0.019541	0.009642	213.247491	-353.104369	-254.363979	168.432870	353.104369	165.636021	353.108490	166.148683	212.123359	0	0	1	0	0
baf	6	61.000000	8	1	3	8.000000	55.000000	0.767614	1.702216	1777.365877	-420.000000	0.000000	49.000000	1824.356410	0.000000	0.000000	0.000000	0	1.934450	424.831212	213.963838	-353.084802	-254.897997	212.554534	-353.116472	-253.874420	44.814621	0.000000	-420.000000	0	1.742082	0.038247	0.007132	213.259186	-353.100637	-254.386209	168.444565	353.100637	165.613791	353.116472	166.125580	212.102003	0	0	1	0	0
baf	6	61.000000	8	1	3	8.000000	55.000000	0.767614	1.702216	1824.456926	-420.000000	0.000000	50.000000	1871.859360	0.000000	0.000000	0.000000	0	1.832029	424.921618	213.948003	-353.095399	-254.917754	212.774833	-353.229174	-253.861724	44.814621	0.000000	-420.000000	0	1.584115	0.157966	0.090406	213.361418	-353.162286	-254.389739	168.546797	353.162286	165.610261	353.229174	166.138276	212.082246	0	0	1	0	0
baf	6	61.000000	8	1	3	8.000000	55.000000	0.767614	1.702216	1871.954315	-420.000000	0.000000	51.000000	1918.719008	0.000000	0.000000	0.000000	0	2.118274	424.664222	213.737557	-353.039864	-254.907633	212.500225	-352.967713	-254.023193	44.814621	0.000000	-420.000000	0	1.522639	0.061476	0.257396	213.118891	-353.003788	-254.465413	168.304270	353.003788	165.534587	352.967713	165.976807	212.092367	0	0	1	0	0
baf	6	61.000000	8	1	3	8.000000	55.000000	0.767614	1.702216	1918.813964	-420.000000	0.000000	52.000000	1965.877638	0.000000	0.000000	0.000000	0	2.381053	424.415448	213.437967	-352.864689	-254.922246	212.416502	-352.743231	-254.043087	44.814621	0.000000	-420.000000	0	1.353168	0.169471	0.248773	212.927235	-352.803960	-254.482667	168.112614	352.803960	165.517333	352.743231	165.956913	212.077754	0	0	1	0	0
baf	6	61.000000	8	1	3	8.000000	55.000000	0.767614	1.702216	1965.972594	-420.000000	0.000000	53.000000	2013.674865	0.000000	0.000000	0.000000	0	4.187105	422.693318	214.023941	-350.784286	-255.620403	213.044532	-350.069910	-253.295431	44.814621	0.000000	-420.000000	0	2.622036	1.268868	1.722130	213.534236	-350.427098	-254.457917	168.719615	350.427098	165.542083	350.069910	166.704569	211.379597	0	0	1	0	0
baf	6	61.000000	8	1	3	8.000000	55.000000	0.767614	1.702216	2013.770676	-420.000000	0.000000	54.000000	2060.633318	2049.107355	0.000000	0.000000	0	13.627174	415.831123	217.924346	-342.720285	-259.428971	215.791972	-339.770846	-252.741757	44.814621	0.000000	-420.000000	0	7.613477	4.991441	6.862195	216.858159	-341.245566	-256.085364	172.043538	341.245566	163.914636	339.770846	167.258243	207.571029	0	0	1	0	0
baf	6	61.000000	8	1	3	8.000000	55.000000	0.767614	1.702216	2060.746238	-420.000000	0.000000	55.000000	2107.927966	2049.107355	0.000000	0.000000	0	29.104626	405.486523	223.102455	-328.435020	-263.478712	221.585123	-325.268350	-253.592872	44.814621	0.000000	-420.000000	0	10.490946	2.877469	10.344600	222.343789	-326.851685	-258.535792	177.529168	326.851685	161.464208	325.268350	166.407128	203.521288	0	0	1	0	0
baf	6	61.000000	8	1	3	8.000000	55.000000	0.767614	1.702216	2108.031476	-420.000000	0.000000	56.000000	2155.043823	2049.107355	0.000000	0.000000	0	50.455890	389.675998	227.197334	-307.777499	-267.726517	225.184615	-303.949420	-253.541331	44.814621	0.000000	-420.000000	0	14.829860	4.338914	15.810524	226.190974	-305.863459	-260.633924	181.376353	305.863459	159.366076	303.949420	166.458669	199.273483	0	0	1	0	0
baf	6	61.000000	8	1	3	8.000000	55.000000	0.767614	1.702216	2155.140917	-420.000000	0.000000	57.000000	2202.120757	2049.107355	0.000000	0.000000	0	75.283820	368.472068	226.416084	-283.073925	-271.983270	223.232054	-277.773662	-253.496398	44.814621	0.000000	-420.000000	0	19.493468	4.663608	21.203930	224.824069	-280.423793	-262.739834	180.009448	280.423793	157.260166	277.773662	166.503602	195.016730	0	0	1	0	0
baf	6	61.000000	8	1	3	8.000000	55.000000	0.767614	1.702216	2202.223839	-420.000000	0.000000	58.000000	2249.029166	2049.107355	0.000000	0.000000	0	104.505410	341.908341	222.901739	-253.897293	-280.374400	217.923366	-248.382042	-256.339943	44.814621	0.000000	-420.000000	0	25.156655	5.663187	26.563727	220.412553	-251.139667	-268.357171	175.597932	251.139667	151.642829	248.382042	163.660057	186.625600	0	0	1	0	0
baf	6	61.000000	8	1	3	8.000000	55.000000	0.767614	1.702216	2249.130110	-420.000000	0.000000	59.000000	2296.110805	2049.107355	0.000000	0.000000	0	138.637397	310.782810	217.921088	-219.902712	-292.282751	209.935979	-215.476540	-260.679507	44.814621	0.000000	-420.000000	0	32.895562	7.738907	31.125531	213.928534	-217.689626	-276.481129	169.113913	217.689626	143.518871	215.476540	159.320493	174.717249	0	0	1	0	0
baf	6	61.000000	8	1	3	8.000000	55.000000	0.767614	1.702216	2296.210893	-420.000000	0.000000	60.000000	2343.277134	2049.107355	0.000000	0.000000	0	174.812762	277.803153	211.190791	-184.462229	-305.537095	199.208076	-181.227583	-265.992837	44.814621	0.000000	-420.000000	0	41.446311	8.550749	32.979657	205.199434	-182.844906	-285.764966	160.384813	182.844906	134.235034	181.227583	154.007163	161.462905	0	0	1	0	0
baf	6	61.000000	8	1	3	8.000000	55.000000	0.767614	1.702216	2343.377222	-420.000000	0.000000	61.000000	2389.615811	2049.107355	0.000000	0.000000	0	211.286442	243.487275	201.051175	-148.458588	-321.705610	185.935214	-149.097985	-272.972102	44.814621	0.000000	-420.000000	0	51.027991	9.581680	34.315878	193.493195	-148.778286	-297.338856	148.678574	148.778286	122.661144	149.097985	147.027898	145.294390	0	0	0	0	0
baf	6	61.000000	8	1	3	8.000000	55.000000	0.767614	1.702216	2389.711622	-420.000000	0.000000	62.000000	2436.317201	2049.107355	0.000000	0.000000	0	246.834109	209.472622	190.180435	-114.761424	-340.810438	171.324548	-119.026292	-282.528530	44.814621	0.000000	-420.000000	0	61.404514	10.376523	34.014653	180.752492	-116.893858	-311.669484	135.937871	116.893858	108.330516	119.026292	137.471470	126.189562	0	0	0	0	0
baf	6	61.000000	8	1	3	8.000000	55.000000	0.767614	1.702216	2436.413867	-420.000000	0.000000	63.000000	2483.521597	2049.107355	0.000000	0.000000	0	279.656923	176.661154	177.575070	-85.257551	-359.593887	153.727507	-92.636783	-293.900728	44.814621	0.000000	-420.000000	0	70.276244	8.871730	32.811468	165.651288	-88.947167	-326.747307	120.836667	88.947167	93.252693	92.636783	126.099272	107.406113	0	0	0	0	0
baf	6	61.000000	8	1	3	8.000000	55.000000	0.767614	1.702216	2483.617408	-420.000000	0.000000	64.000000	2530.708457	2049.107355	0.000000	0.000000	0	310.500450	146.754616	166.779675	-59.837396	-377.993273	137.984073	-67.451728	-308.181200	44.814621	0.000000	-420.000000	0	75.900529	5.624285	29.906538	152.381874	-63.644562	-343.087237	107.567253	63.644562	76.912763	67.451728	111.818800	89.006727	0	0	0	0	0
baf	6	61.000000	8	1	3	8.000000	55.000000	0.767614	1.702216	2530.804268	-420.000000	0.000000	65.000000	2577.586498	2049.107355	0.000000	0.000000	0	338.012722	120.072762	156.408483	-38.932677	-396.160609	122.864720	-45.743541	-323.278290	44.814621	0.000000	-420.000000	0	80.519589	4.619061	26.681854	139.636601	-42.338109	-359.719449	94.821980	42.338109	60.280551	45.743541	96.721710	70.839391	0	0	0	0	0
baf	6	61.000000	8	1	3	8.000000	55.000000	0.767614	1.702216	2577.681881	-420.000000	0.000000	66.000000	2624.843078	2049.107355	0.000000	0.000000	0	361.328449	96.380895	145.917210	-22.679201	-413.467570	106.251881	-28.898952	-336.656962	44.814621	0.000000	-420.000000	0	86.671178	6.151588	23.691866	126.084545	-25.789076	-375.062266	81.269924	25.789076	44.937734	28.898952	83.343038	53.532430	0	0	0	0	0
baf	6	61.000000	8	1	3	8.000000	55.000000	0.767614	1.702216	2624.939316	-420.000000	0.000000	67.000000	2671.722829	2049.107355	0.000000	0.000000	0	380.491183	76.114584	135.455187	-12.201387	-431.217092	92.445625	-16.535879	-351.959830	44.814621	0.000000	-420.000000	0	90.279143	3.607966	20.266311	113.950406	-14.368633	-391.588461	69.135785	14.368633	28.411539	16.535879	68.040170	35.782908	0	0	0	0	0
baf	6	61.000000	8	1	3	8.000000	55.000000	0.767614	1.702216	2671.818213	-420.000000	0.000000	68.000000	2718.994379	2049.107355	0.000000	0.000000	0	394.584455	60.537973	126.262816	-7.536808	-447.319093	80.301238	-8.626563	-365.766603	44.814621	0.000000	-420.000000	0	93.618710	3.339567	15.576611	103.282027	-8.081685	-406.542848	58.467406	8.081685	13.457152	8.626563	54.233397	19.680907	0	0	0	0	0
baf	6	61.000000	8	1	3	8.000000	55.000000	0.767614	1.702216	2719.089762	-420.000000	0.000000	69.000000	2766.021697	2049.107355	0.000000	0.000000	0	404.979696	50.292146	118.782904	-6.230827	-461.172974	70.865212	-4.388374	-379.637874	44.814621	0.000000	-420.000000	0	94.591081	0.972371	10.245826	94.824058	-5.309600	-420.405424	50.009437	5.309600	0.405424	4.388374	40.362126	5.827026	0	0	0	0	0
baf	6	61.000000	8	1	3	8.000000	55.000000	0.767614	1.702216	2766.251386	-420.000000	0.000000	70.000000	2813.264161	2049.107355	0.000000	0.000000	0	413.486701	45.544818	111.099179	-7.652869	-473.622574	65.476016	-0.129197	-392.399774	44.814621	0.000000	-420.000000	0	93.462409	1.128672	4.747328	88.287598	-3.891033	-433.011174	43.472977	3.891033	13.011174	0.129197	27.600226	6.622574	0	1	0	0	0
baf	6	61.000000	8	1	3	8.000000	55.000000	0.767614	1.702216	2813.363394	-420.000000	0.000000	71.000000	2860.068633	2049.107355	0.000000	0.000000	0	419.248887	44.195949	104.011199	-10.212313	-481.577103	62.777323	3.822481	-401.069625	44.814621	0.000000	-420.000000	0	91.535031	1.927377	1.348869	83.394261	-3.194916	-441.323364	38.579640	3.194916	21.323364	3.822481	18.930375	14.577103	0	1	0	0	0
baf	6	61.000000	8	1	3	8.000000	55.000000	0.767614	1.702216	2860.166155	-420.000000	0.000000	72.000000	2906.831615	2049.107355	2895.504973	0.000000	0	422.822716	42.761130	99.441263	-10.332893	-486.281856	57.663315	3.701398	-405.844522	44.814621	0.000000	-420.000000	0	91.719807	0.184776	1.434820	78.552289	-3.315748	-446.063189	33.737668	3.315748	26.063189	3.701398	14.155478	19.281856	0	1	0	1	0
baf	6	61.000000	8	1	3	8.000000	55.000000	0.767614	1.702216	2906.928282	-420.000000	0.000000	73.000000	2953.753712	2049.107355	2895.504973	0.000000	0	425.617516	40.329402	93.350496	-10.008521	-488.252971	53.434273	3.620296	-408.300359	44.814621	0.000000	-420.000000	0	90.396182	1.323626	2.431727	73.392384	-3.194112	-448.276665	28.577764	3.194112	28.276665	3.620296	11.699641	21.252971	0	1	0	1	0
baf	6	61.000000	8	1	3	8.000000	55.000000	0.767614	1.702216	2953.854656	-420.000000	0.000000	74.000000	3000.597963	2049.107355	2895.504973	0.000000	0	426.906626	37.385825	86.433006	-10.870672	-488.597396	48.579791	1.589759	-410.096704	44.814621	0.000000	-420.000000	0	88.036849	2.359333	2.943577	67.506398	-4.640457	-449.347050	22.691777	4.640457	29.347050	1.589759	9.903296	21.597396	0	1	0	1	0
baf	6	61.000000	8	1	3	8.000000	55.000000	0.767614	1.702216	3000.694201	-420.000000	0.000000	75.000000	3048.139408	2049.107355	2895.504973	0.000000	0	429.012692	37.284966	81.582463	-10.546798	-488.714093	47.173062	1.439735	-414.110029	44.814621	0.000000	-420.000000	0	83.026804	5.010045	0.100859	64.377762	-4.553532	-451.412061	19.563141	4.553532	31.412061	1.439735	5.889971	21.714093	0	1	0	1	0
baf	6	61.000000	8	1	3	8.000000	55.000000	0.767614	1.702216	3048.236930	-420.000000	0.000000	76.000000	3094.715901	2049.107355	2895.504973	0.000000	0	430.100124	37.825955	77.665664	-11.391565	-487.572258	47.788787	1.766607	-418.360480	44.814621	0.000000	-420.000000	0	76.524738	6.502067	0.540988	62.727225	-4.812479	-452.966369	17.912604	4.812479	32.966369	1.766607	1.639520	20.572258	0	1	0	1	0
baf	6	61.000000	8	1	3	8.000000	55.000000	0.767614	1.702216	3094.812568	-420.000000	0.000000	77.000000	3141.939118	2049.107355	2895.504973	0.000000	0	430.831523	36.624987	72.763669	-12.247899	-485.979927	47.408014	2.179758	-419.833071	44.814621	0.000000	-420.000000	0	72.294350	4.230388	1.200967	60.085841	-5.034071	-452.906499	15.271220	5.034071	32.906499	2.179758	0.166929	18.979927	0	1	0	1	0
baf	6	61.000000	8	1	3	8.000000	55.000000	0.767614	1.702216	3142.034929	-420.000000	0.000000	78.000000	3189.253868	2049.107355	2895.504973	0.000000	0	431.838726	34.978270	68.531099	-11.791025	-483.001756	47.899495	3.526264	-421.086455	44.814621	0.000000	-420.000000	0	67.035714	5.258636	1.646717	58.215297	-4.132380	-452.044105	13.400676	4.132380	32.044105	3.526264	1.086455	16.001756	0	1	0	1	0
baf	6	61.000000	8	1	3	8.000000	55.000000	0.767614	1.702216	3189.350107	-420.000000	0.000000	79.000000	3236.349622	2049.107355	2895.504973	0.000000	0	432.975445	31.611582	61.860724	-10.043266	-478.449061	47.200770	3.659976	-421.374093	44.814621	0.000000	-420.000000	0	60.499960	6.535754	3.366688	54.530747	-3.191645	-449.911577	9.716126	3.191645	29.911577	3.659976	1.374093	11.449061	0	1	0	1	0
baf	6	61.000000	8	1	3	8.000000	55.000000	0.767614	1.702216	3236.451422	-420.000000	0.000000	80.000000	3283.367530	2049.107355	2895.504973	0.000000	0	434.742931	29.360936	57.544471	-6.340913	-475.023216	47.756238	4.404405	-421.535719	44.814621	0.000000	-420.000000	0	55.427283	5.072677	2.250647	52.650355	-0.968254	-448.279468	7.835734	0.968254	28.279468	4.404405	1.535719	8.023216	0	1	0	1	0
baf	6	61.000000	8	1	3	8.000000	55.000000	0.767614	1.702216	3283.467618	-420.000000	0.000000	81.000000	3330.621115	2049.107355	2895.504973	0.000000	0	436.359853	28.042435	54.717256	-3.274614	-473.114964	47.230582	4.796382	-421.579178	44.814621	0.000000	-420.000000	0	52.698467	2.728815	1.318500	50.973919	0.760884	-447.347071	6.159298	0.760884	27.347071	4.796382	1.579178	6.114964	1	1	0	1	0
baf	6	61.000000	8	1	3	8.000000	55.000000	0.767614	1.702216	3330.716071	-420.000000	0.000000	82.000000	3377.434997	2049.107355	2895.504973	0.000000	0	437.200665	28.307692	53.874005	-2.192007	-473.554355	47.088924	4.940670	-421.846854	44.814621	0.000000	-420.000000	0	52.636281	0.062187	0.265256	50.481465	1.374332	-447.700605	5.666844	1.374332	27.700605	4.940670	1.846854	6.554355	1	1	0	1	0
baf	6	61.000000	8	1	3	8.000000	55.000000	0.767614	1.702216	3377.531664	-420.000000	0.000000	83.000000	3424.591916	2049.107355	2895.504973	0.000000	0	437.507656	28.274507	54.133407	-1.144109	-473.235384	46.870593	4.733781	-422.041376	44.814621	0.000000	-420.000000	0	52.039643	0.596637	0.033185	50.502000	1.794836	-447.638380	5.687379	1.794836	27.638380	4.733781	2.041376	6.235384	1	1	0	1	0
baf	6	61.000000	8	1	3	8.000000	55.000000	0.767614	1.702216	3424.687727	-420.000000	0.000000	84.000000	3471.568762	2049.107355	2895.504973	0.000000	0	437.523025	28.783581	53.868097	-1.031289	-473.477137	47.361699	4.206204	-422.819624	44.814621	0.000000	-420.000000	0	51.341486	0.698157	0.509074	50.614898	1.587458	-448.148381	5.800277	1.587458	28.148381	4.206204	2.819624	6.477137	1	1	0	1	0
baf	6	61.000000	8	1	3	8.000000	55.000000	0.767614	1.702216	3471.664145	-420.000000	0.000000	85.000000	3518.604634	2049.107355	2895.504973	0.000000	0	438.486216	29.840386	53.684848	0.113365	-475.551815	47.268973	4.127913	-422.890977	44.814621	0.000000	-420.000000	0	53.201917	1.860430	1.056804	50.476911	2.120639	-449.221396	5.662290	2.120639	29.221396	4.127913	2.890977	8.551815	0	1	0	1	0
baf	6	61.000000	8	1	3	8.000000	55.000000	0.767614	1.702216	3518.700445	-420.000000	0.000000	86.000000	3566.165328	2049.107355	2895.504973	0.000000	0	439.290811	31.381468	53.470560	-0.008156	-478.875818	46.929067	4.186075	-422.814779	44.814621	0.000000	-420.000000	0	56.597021	3.395104	1.541082	50.199814	2.088960	-450.845299	5.385193	2.088960	30.845299	4.186075	2.814779	11.875818	0	1	0	1	0
baf	6	61.000000	8	1	3	8.000000	55.000000	0.767614	1.702216	3566.270976	-420.000000	0.000000	87.000000	3612.762352	2049.107355	2895.504973	0.000000	0	439.022826	31.190758	49.659594	-2.144090	-479.022718	46.976087	3.761047	-422.942989	44.814621	0.000000	-420.000000	0	56.453591	0.143430	0.190710	48.317840	0.808479	-450.982853	3.503219	0.808479	30.982853	3.761047	2.942989	12.022718	0	1	0	1	0
baf	6	61.000000	8	1	3	8.000000	55.000000	0.767614	1.702216	3612.858163	-420.000000	0.000000	88.000000	3659.650230	2049.107355	2895.504973	0.000000	0	439.370973	31.112536	48.076745	-1.660838	-478.322124	47.437200	3.641552	-423.592387	44.814621	0.000000	-420.000000	0	54.989712	1.463878	0.078222	47.756973	0.990357	-450.957255	2.942352	0.990357	30.957255	3.641552	3.592387	11.322124	0	1	0	1	0
baf	6	61.000000	8	1	3	8.000000	55.000000	0.767614	1.702216	3659.745614	-420.000000	0.000000	89.000000	3706.577032	2049.107355	2895.504973	0.000000	0	439.522507	30.626755	47.810462	-1.226958	-477.228881	47.003875	3.771635	-423.751704	44.814621	0.000000	-420.000000	0	53.716338	1.273374	0.485781	47.407169	1.272339	-450.490293	2.592548	1.272339	30.490293	3.771635	3.751704	10.228881	0	1	0	1	0
baf	6	61.000000	8	1	3	8.000000	55.000000	0.767614	1.702216	3706.677976	-420.000000	0.000000	90.000000	3753.788272	2049.107355	2895.504973	0.000000	0	439.539304	30.887636	47.332610	-1.053631	-477.133727	47.492883	3.349869	-424.379771	44.814621	0.000000	-420.000000	0	52.937664	0.778674	0.260881	47.412747	1.148119	-450.756749	2.598126	1.148119	30.756749	3.349869	4.379771	10.133727	0	1	0	1	0
baf	6	61.000000	8	1	3	8.000000	55.000000	0.767614	1.702216	3753.887933	-420.000000	0.000000	91.000000	3800.982831	2049.107355	2895.504973	0.000000	0	439.643618	30.890091	47.262120	-1.018182	-477.075204	47.504326	3.544072	-424.439185	44.814621	0.000000	-420.000000	0	52.833921	0.103743	0.002456	47.383223	1.262945	-450.757194	2.568602	1.262945	30.757194	3.544072	4.439185	10.075204	0	1	0	1	0
baf	6	61.000000	8	1	3	8.000000	55.000000	0.767614	1.702216	3801.079926	-420.000000	0.000000	92.000000	3847.670106	2049.107355	2895.504973	0.000000	0	439.537167	30.788913	47.487376	-1.082963	-476.999014	47.388094	3.512489	-424.306802	44.814621	0.000000	-420.000000	0	52.892317	0.058395	0.101179	47.437735	1.214763	-450.652908	2.623114	1.214763	30.652908	3.512489	4.306802	9.999014	0	1	0	1	0
baf	6	61.000000	8	1	3	8.000000	55.000000	0.767614	1.702216	3847.765917	-420.000000	0.000000	93.000000	3895.121729	2049.107355	2895.504973	0.000000	0	439.434301	30.771136	47.597618	-1.084236	-476.987198	47.543147	3.414603	-424.263464	44.814621	0.000000	-420.000000	0	52.915354	0.023037	0.017777	47.570383	1.165183	-450.625331	2.755762	1.165183	30.625331	3.414603	4.263464	9.987198	0	1	0	1	0
baf	6	61.000000	8	1	3	8.000000	55.000000	0.767614	1.702216	3895.217112	-420.000000	0.000000	94.000000	3941.982233	2049.107355	2895.504973	0.000000	0	439.367990	30.782138	47.883897	-1.040965	-476.931529	47.687624	3.420574	-424.299075	44.814621	0.000000	-420.000000	0	52.821577	0.093777	0.011002	47.785760	1.189805	-450.615302	2.971139	1.189805	30.615302	3.420574	4.299075	9.931529	0	1	0	1	0
baf	6	61.000000	8	1	3	8.000000	55.000000	0.767614	1.702216	3942.078899	-420.000000	0.000000	95.000000	3989.212721	2049.107355	2895.504973	0.000000	0	439.454804	30.714390	47.894176	-0.910928	-476.930216	47.576270	3.533219	-424.163965	44.814621	0.000000	-420.000000	0	52.954024	0.132447	0.067748	47.735223	1.311145	-450.547090	2.920602	1.311145	30.547090	3.533219	4.163965	9.930216	0	1	0	1	0
baf	6	61.000000	8	1	3	8.000000	55.000000	0.767614	1.702216	3989.307677	-420.000000	0.000000	96.000000	4036.337988	2049.107355	2895.504973	0.000000	0	439.572102	30.980843	47.791528	-0.805074	-477.246760	47.870288	3.522561	-424.360658	44.814621	0.000000	-420.000000	0	53.062928	0.108904	0.266454	47.830908	1.358743	-450.803709	3.016287	1.358743	30.803709	3.522561	4.360658	10.246760	0	1	0	1	0
baf	6	61.000000	8	1	3	8.000000	55.000000	0.767614	1.702216	4036.433799	-420.000000	0.000000	97.000000	4083.271206	2049.107355	2895.504973	0.000000	0	439.608557	31.033095	47.962815	-0.838126	-477.238098	48.028911	3.765519	-424.431676	44.814621	0.000000	-420.000000	0	53.006756	0.056172	0.052251	47.995863	1.463697	-450.834887	3.181242	1.463697	30.834887	3.765519	4.431676	10.238098	0	1	0	1	0
baf	6	61.000000	8	1	3	8.000000	55.000000	0.767614	1.702216	4083.367445	-420.000000	0.000000	98.000000	4130.363538	2049.107355	2895.504973	0.000000	0	439.545315	30.956972	47.993783	-0.866944	-477.107703	48.039207	3.743338	-424.406969	44.814621	0.000000	-420.000000	0	52.902025	0.104731	0.076123	48.016495	1.438197	-450.757336	3.201874	1.438197	30.757336	3.743338	4.406969	10.107703	0	1	0	1	0
baf	6	61.000000	8	1	3	8.000000	55.000000	0.767614	1.702216	4130.460204	-420.000000	0.000000	99.000000	4177.435339	2049.107355	2895.504973	0.000000	0	439.377886	30.856224	48.158166	-0.890735	-476.897754	48.167563	3.616258	-424.389723	44.814621	0.000000	-420.000000	0	52.701104	0.200920	0.100748	48.162865	1.362762	-450.643738	3.348244	1.362762	30.643738	3.616258	4.389723	9.897754	0	1	0	1	0
baf	6	61.000000	8	1	3	8.000000	55.000000	0.767614	1.702216	4177.531150	-420.000000	0.000000	100.000000	4224.614928	2049.107355	2895.504973	0.000000	0	439.270914	30.778072	48.264427	-1.014818	-476.786037	48.136992	3.599899	-424.341811	44.814621	0.000000	-420.000000	0	52.647019	0.054085	0.078152	48.200709	1.292540	-450.563924	3.386088	1.292540	30.563924	3.599899	4.341811	9.786037	0	1	0	1	0
baf	6	61.000000	8	1	3	8.000000	55.000000	0.767614	1.702216	4224.715444	-420.000000	0.000000	101.000000	4271.688868	2049.107355	2895.504973	0.000000	0	439.414201	30.819302	48.202387	-0.955080	-476.818726	48.065160	3.783341	-424.396070	44.814621	0.000000	-420.000000	0	52.636550	0.010469	0.041230	48.133774	1.414130	-450.607398	3.319153	1.414130	30.607398	3.783341	4.396070	9.818726	0	1	0	1	0
baf	6	61.000000	8	1	3	8.000000	55.000000	0.767614	1.702216	4271.791950	-420.000000	0.000000	102.000000	4318.532691	2049.107355	2895.504973	0.000000	0	439.605473	30.908013	48.154181	-0.866073	-476.886054	47.953751	3.991772	-424.510018	44.814621	0.000000	-420.000000	0	52.601217	0.035333	0.088712	48.053966	1.562849	-450.698036	3.239345	1.562849	30.698036	3.991772	4.510018	9.886054	0	1	0	1	0
baf	6	61.000000	8	1	3	8.000000	55.000000	0.767614	1.702216	4318.633206	-420.000000	0.000000	103.000000	4365.750347	2049.107355	2895.504973	0.000000	0	439.728214	30.956255	48.067100	-0.701978	-476.826887	47.893652	4.004888	-424.672395	44.814621	0.000000	-420.000000	0	52.366742	0.234474	0.048242	47.980376	1.651455	-450.749641	3.165755	1.651455	30.749641	4.004888	4.672395	9.826887	0	1	0	1	0
baf	6	61.000000	8	1	3	8.000000	55.000000	0.767614	1.702216	4365.850863	-420.000000	0.000000	104.000000	4412.956027	2049.107355	2895.504973	0.000000	0	439.789631	31.003097	47.885504	-0.522558	-476.847945	47.899438	3.833100	-424.763059	44.814621	0.000000	-420.000000	0	52.266693	0.100049	0.046842	47.892471	1.655271	-450.805502	3.077850	1.655271	30.805502	3.833100	4.763059	9.847945	0	1	0	1	0
baf	6	61.000000	8	1	3	8.000000	55.000000	0.767614	1.702216	4413.053121	-420.000000	0.000000	105.000000	4459.994893	2049.107355	2895.504973	0.000000	0	439.809202	31.076586	47.863828	-0.500254	-476.831286	48.120764	3.883967	-424.903443	44.814621	0.000000	-420.000000	0	52.113226	0.153467	0.073489	47.992296	1.691856	-450.867365	3.177675	1.691856	30.867365	3.883967	4.903443	9.831286	0	1	0	1	0
baf	6	61.000000	8	1	3	8.000000	55.000000	0.767614	1.702216	4460.091132	-420.000000	0.000000	106.000000	4506.945647	2049.107355	2895.504973	0.000000	0	439.587875	30.948653	48.010780	-0.627092	-476.604574	48.172908	3.702464	-424.867842	44.814621	0.000000	-420.000000	0	51.917827	0.195399	0.127933	48.091844	1.537686	-450.736208	3.277223	1.537686	30.736208	3.702464	4.867842	9.604574	0	1	0	1	0
baf	6	61.000000	8	1	3	8.000000	55.000000	0.767614	1.702216	4507.041031	-420.000000	0.000000	107.000000	4553.644898	2049.107355	2895.504973	0.000000	0	439.575846	31.010966	47.824427	-0.663531	-476.702470	48.324585	3.618171	-424.905019	44.814621	0.000000	-420.000000	0	51.976523	0.058696	0.062312	48.074506	1.477320	-450.803745	3.259885	1.477320	30.803745	3.618171	4.905019	9.702470	0	1	0	1	0
baf	6	61.000000	8	1	3	8.000000	55.000000	0.767614	1.702216	4553.741137	-420.000000	0.000000	108.000000	4601.249220	2049.107355	2895.504973	0.000000	0	439.459799	30.922442	47.937324	-0.659231	-476.587901	48.350154	3.495824	-424.832058	44.814621	0.000000	-420.000000	0	51.924003	0.052520	0.088524	48.143739	1.418297	-450.709979	3.329118	1.418297	30.709979	3.495824	4.832058	9.587901	0	1	0	1	0
baf	6	61.000000	8	1	3	8.000000	55.000000	0.767614	1.702216	4601.345031	-420.000000	0.000000	109.000000	4636.417802	2049.107355	2895.504973	4636.413525	0	439.467612	30.841341	  47.927621   -0.716521 -476.562304	  48.201462    3.580090 -424.710082	44.814621	0.000000	-420.000000	0	52.030652	0.106649	0.081101	0
