subjName	sessionNR	IOD	trialN	textureType	texnum	visualAngle	simulatedDepth	light_intensity	ambient_intensity	time	displayDistance	isRotated	frameN	timTote	startTime	touchTime	endTime	fingersOccluded	distanceToHome	distanceToObject	indexXraw	indexYraw	indexZraw	thumbXraw	thumbYraw	thumbZraw	targetX	targetY	targetZ	failCause	gripAperture	gripApertureVel	distFromObjVel	gripOriginX	gripOriginY	gripOriginZ	distFromObjX	distFromObjY	distFromObjZ	y_dist_thm	z_dist_thm	z_dist_ind	handOnObj	handnearObj	handfarObj	handTouchObj	framesOccluded
baf	4	61.000000	4	3	3	8.000000	55.000000	0.201517	3.234611	887.734881	-420.000000	0.000000	30.000000	934.499574	0.000000	0.000000	0.000000	0	1.051146	428.608591	217.974150	-350.261403	-252.926190	218.571404	-356.256245	-248.448278	44.356949	0.000000	-420.000000	0	7.506433	0.130110	0.089229	218.272777	-353.258824	-250.687234	173.915828	353.258824	169.312766	356.256245	171.551722	214.073810	0	0	1	0	0
baf	4	61.000000	4	3	3	8.000000	55.000000	0.201517	3.234611	934.843039	-420.000000	0.000000	31.000000	981.720225	0.000000	0.000000	0.000000	0	1.026521	428.623481	217.781163	-350.240505	-252.882086	218.712279	-356.310002	-248.432037	44.356949	0.000000	-420.000000	0	7.583449	0.077016	0.014890	218.246721	-353.275254	-250.657061	173.889772	353.275254	169.342939	356.310002	171.567963	214.117914	0	0	1	0	0
baf	4	61.000000	4	3	3	8.000000	55.000000	0.201517	3.234611	981.823307	-420.000000	0.000000	32.000000	1028.937453	0.000000	0.000000	0.000000	0	0.956772	428.727804	217.951887	-350.274267	-252.944645	218.872559	-356.357840	-248.351604	44.356949	0.000000	-420.000000	0	7.678120	0.094670	0.104323	218.412223	-353.316053	-250.648125	174.055274	353.316053	169.351875	356.357840	171.648396	214.055355	0	0	1	0	0
baf	4	61.000000	4	3	3	8.000000	55.000000	0.201517	3.234611	1029.033692	-420.000000	0.000000	33.000000	1075.919859	0.000000	0.000000	0.000000	0	0.990188	428.688237	218.011986	-350.264956	-252.965985	218.759481	-356.311014	-248.359029	44.356949	0.000000	-420.000000	0	7.637906	0.040214	0.039567	218.385733	-353.287985	-250.662507	174.028785	353.287985	169.337493	356.311014	171.640971	214.034015	0	0	1	0	0
baf	4	61.000000	4	3	3	8.000000	55.000000	0.201517	3.234611	1076.016098	-420.000000	0.000000	34.000000	1122.726897	0.000000	0.000000	0.000000	0	0.958309	428.770221	218.064645	-350.259652	-252.987745	219.000612	-356.369291	-248.334711	44.356949	0.000000	-420.000000	0	7.736566	0.098660	0.081984	218.532629	-353.314471	-250.661228	174.175680	353.314471	169.338772	356.369291	171.665289	214.012255	0	0	1	0	0
baf	4	61.000000	4	3	3	8.000000	55.000000	0.201517	3.234611	1122.823564	-420.000000	0.000000	35.000000	1169.940276	0.000000	0.000000	0.000000	0	1.048526	428.656541	217.945835	-350.279050	-253.015228	218.837003	-356.288857	-248.465163	44.356949	0.000000	-420.000000	0	7.590458	0.146108	0.113681	218.391419	-353.283953	-250.740195	174.034470	353.283953	169.259805	356.288857	171.534837	213.984772	0	0	1	0	0
baf	4	61.000000	4	3	3	8.000000	55.000000	0.201517	3.234611	1170.036087	-420.000000	0.000000	36.000000	1217.426973	0.000000	0.000000	0.000000	0	1.122893	428.549350	217.572351	-350.253044	-252.967601	218.805178	-356.271503	-248.548655	44.356949	0.000000	-420.000000	0	7.567615	0.022843	0.107191	218.188765	-353.262273	-250.758128	173.831816	353.262273	169.241872	356.271503	171.451345	214.032399	0	0	1	0	0
baf	4	61.000000	4	3	3	8.000000	55.000000	0.201517	3.234611	1217.527917	-420.000000	0.000000	37.000000	1264.617682	0.000000	0.000000	0.000000	0	1.202658	428.461456	217.545622	-350.238813	-252.960420	218.584103	-356.210961	-248.590415	44.356949	0.000000	-420.000000	0	7.472746	0.094869	0.087894	218.064862	-353.224887	-250.775417	173.707913	353.224887	169.224583	356.210961	171.409585	214.039580	0	0	1	0	0
baf	4	61.000000	4	3	3	8.000000	55.000000	0.201517	3.234611	1264.713493	-420.000000	0.000000	38.000000	1311.814808	0.000000	0.000000	0.000000	0	1.251420	428.439273	217.419095	-350.226774	-252.987197	218.694671	-356.251559	-248.719232	44.356949	0.000000	-420.000000	0	7.492707	0.019961	0.022183	218.056883	-353.239166	-250.853214	173.699934	353.239166	169.146786	356.251559	171.280768	214.012803	0	0	1	0	0
baf	4	61.000000	4	3	3	8.000000	55.000000	0.201517	3.234611	1311.991887	-420.000000	0.000000	39.000000	1358.246729	0.000000	0.000000	0.000000	0	1.332911	428.348471	217.314438	-350.206171	-252.967359	218.533468	-356.179001	-248.731564	44.356949	0.000000	-420.000000	0	7.423119	0.069589	0.090803	217.923953	-353.192586	-250.849462	173.567004	353.192586	169.150538	356.179001	171.268436	214.032641	0	0	1	0	0
baf	4	61.000000	4	3	3	8.000000	55.000000	0.201517	3.234611	1358.349812	-420.000000	0.000000	40.000000	1405.647453	0.000000	0.000000	0.000000	0	1.387720	428.319851	217.178087	-350.225334	-252.983350	218.521649	-356.210524	-248.814365	44.356949	0.000000	-420.000000	0	7.416745	0.006374	0.028619	217.849868	-353.217929	-250.898858	173.492919	353.217929	169.101142	356.210524	171.185635	214.016650	0	0	1	0	0
baf	4	61.000000	4	3	3	8.000000	55.000000	0.201517	3.234611	1405.756951	-420.000000	0.000000	41.000000	1452.576393	0.000000	0.000000	0.000000	0	1.375121	428.325111	217.091950	-350.201651	-252.976769	218.613223	-356.224545	-248.779701	44.356949	0.000000	-420.000000	0	7.496993	0.080248	0.005260	217.852587	-353.213098	-250.878235	173.495638	353.213098	169.121765	356.224545	171.220299	214.023231	0	0	1	0	0
baf	4	61.000000	4	3	3	8.000000	55.000000	0.201517	3.234611	1452.673487	-420.000000	0.000000	42.000000	1499.230733	0.000000	0.000000	0.000000	0	1.376417	428.313284	217.190377	-350.195802	-252.999243	218.503752	-356.187790	-248.716826	44.356949	0.000000	-420.000000	0	7.481175	0.015818	0.011827	217.847064	-353.191796	-250.858035	173.490116	353.191796	169.141965	356.187790	171.283174	214.000757	0	0	1	0	0
baf	4	61.000000	4	3	3	8.000000	55.000000	0.201517	3.234611	1499.328255	-420.000000	0.000000	43.000000	1546.987325	0.000000	0.000000	0.000000	0	1.473775	428.223619	217.028573	-350.168062	-252.984597	218.460815	-356.126551	-248.789811	44.356949	0.000000	-420.000000	0	7.426381	0.054794	0.089665	217.744694	-353.147306	-250.887204	173.387745	353.147306	169.112796	356.126551	171.210189	214.015403	0	0	1	0	0
baf	4	61.000000	4	3	3	8.000000	55.000000	0.201517	3.234611	1547.084419	-420.000000	0.000000	44.000000	1593.859806	0.000000	0.000000	0.000000	0	1.755162	427.904412	217.365246	-350.055922	-252.943409	217.672731	-355.644133	-248.743412	44.356949	0.000000	-420.000000	0	6.997330	0.429051	0.319207	217.518989	-352.850027	-250.843410	173.162040	352.850027	169.156590	355.644133	171.256588	214.056591	0	0	1	0	0
baf	4	61.000000	4	3	3	8.000000	55.000000	0.201517	3.234611	1593.956472	-420.000000	0.000000	45.000000	1640.997049	0.000000	0.000000	0.000000	0	1.870180	427.738649	217.289383	-349.817026	-252.880819	217.916684	-355.356163	-248.718000	44.356949	0.000000	-420.000000	0	6.957341	0.039989	0.165763	217.603033	-352.586594	-250.799409	173.246085	352.586594	169.200591	355.356163	171.282000	214.119181	0	0	1	0	0
baf	4	61.000000	4	3	3	8.000000	55.000000	0.201517	3.234611	1641.093715	-420.000000	0.000000	46.000000	1687.825474	0.000000	0.000000	0.000000	0	1.924043	427.675117	217.248821	-349.718001	-252.889772	218.039814	-355.267636	-248.724024	44.356949	0.000000	-420.000000	0	6.984094	0.026753	0.063533	217.644318	-352.492819	-250.806898	173.287369	352.492819	169.193102	355.267636	171.275976	214.110228	0	0	1	0	0
baf	4	61.000000	4	3	3	8.000000	55.000000	0.201517	3.234611	1687.920857	-420.000000	0.000000	47.000000	1735.240740	0.000000	0.000000	0.000000	0	2.050466	427.565908	217.621454	-349.327926	-252.949962	218.412715	-354.991456	-248.592860	44.356949	0.000000	-420.000000	0	7.189298	0.205204	0.109208	218.017085	-352.159691	-250.771411	173.660136	352.159691	169.228589	354.991456	171.407140	214.050038	0	0	1	0	0
baf	4	61.000000	4	3	3	8.000000	55.000000	0.201517	3.234611	1735.340828	-420.000000	0.000000	48.000000	1783.225311	1771.121488	0.000000	0.000000	0	5.424947	425.651646	219.463785	-346.108605	-253.999537	220.968835	-351.845750	-248.552759	44.356949	0.000000	-420.000000	0	8.052788	0.863491	1.914262	220.216310	-348.977178	-251.276148	175.859361	348.977178	168.723852	351.845750	171.447241	213.000463	0	0	1	0	0
baf	4	61.000000	4	3	3	8.000000	55.000000	0.201517	3.234611	1783.421210	-420.000000	0.000000	49.000000	1841.919314	1771.121488	0.000000	0.000000	0	19.331940	415.324933	223.518107	-333.030607	-258.422934	223.477398	-338.133955	-248.182973	44.356949	0.000000	-420.000000	0	11.441269	3.388480	10.326714	223.497752	-335.582281	-253.302954	179.140803	335.582281	166.697046	338.133955	171.817027	208.577066	0	0	1	0	0
baf	4	61.000000	4	3	3	8.000000	55.000000	0.201517	3.234611	1842.029240	-420.000000	0.000000	50.000000	1889.024051	1771.121488	0.000000	0.000000	0	36.416741	402.080542	226.248656	-316.471587	-262.584184	225.405642	-320.842763	-247.598085	44.356949	0.000000	-420.000000	0	15.633331	4.192062	13.244390	225.827149	-318.657175	-255.091134	181.470200	318.657175	164.908866	320.842763	172.401915	204.415816	0	0	1	0	0
baf	4	61.000000	4	3	3	8.000000	55.000000	0.201517	3.234611	1889.129272	-420.000000	0.000000	51.000000	1935.969245	1771.121488	0.000000	0.000000	0	55.113405	386.840558	228.380302	-298.872394	-266.894179	225.269617	-301.203405	-248.585862	44.356949	0.000000	-420.000000	0	18.716422	3.083091	15.239985	226.824959	-300.037900	-257.740020	182.468011	300.037900	162.259980	301.203405	171.414138	200.105821	0	0	1	0	0
baf	4	61.000000	4	3	3	8.000000	55.000000	0.201517	3.234611	1936.074466	-420.000000	0.000000	52.000000	1982.925132	1771.121488	0.000000	0.000000	0	76.891985	367.395469	227.090348	-277.679959	-273.561298	223.197750	-279.124676	-251.557107	44.356949	0.000000	-420.000000	0	22.392497	3.676075	19.445088	225.144049	-278.402318	-262.559203	180.787100	278.402318	157.440797	279.124676	168.442893	193.438702	0	0	1	0	0
baf	4	61.000000	4	3	3	8.000000	55.000000	0.201517	3.234611	1983.026931	-420.000000	0.000000	53.000000	2030.121830	1771.121488	0.000000	0.000000	0	101.963158	343.731792	223.673731	-253.608710	-282.269259	217.460797	-254.261845	-256.942812	44.356949	0.000000	-420.000000	0	26.085553	3.693055	23.663678	220.567264	-253.935277	-269.606036	176.210315	253.935277	150.393964	254.261845	163.057188	184.730741	0	0	1	0	0
baf	4	61.000000	4	3	3	8.000000	55.000000	0.201517	3.234611	2030.223629	-420.000000	0.000000	54.000000	2077.133749	1771.121488	0.000000	0.000000	0	129.599800	316.348843	216.936698	-228.146348	-293.968356	209.117326	-227.793274	-265.626470	44.356949	0.000000	-420.000000	0	29.402887	3.317334	27.382949	213.027012	-227.969811	-279.797413	168.670063	227.969811	140.202587	227.793274	154.373530	173.031644	0	0	1	0	0
baf	4	61.000000	4	3	3	8.000000	55.000000	0.201517	3.234611	2077.237259	-420.000000	0.000000	55.000000	2123.915124	1771.121488	0.000000	0.000000	0	160.344707	285.556176	207.370671	-200.272311	-307.708555	197.802174	-199.480504	-274.957540	44.356949	0.000000	-420.000000	0	34.129344	4.726457	30.792668	202.586423	-199.876408	-291.333047	158.229474	199.876408	128.666953	199.480504	145.042460	159.291445	0	0	1	0	0
baf	4	61.000000	4	3	3	8.000000	55.000000	0.201517	3.234611	2124.012645	-420.000000	0.000000	56.000000	2171.489076	1771.121488	0.000000	0.000000	0	191.450859	253.547235	195.493132	-173.364671	-322.725925	184.527182	-172.421576	-287.671712	44.356949	0.000000	-420.000000	0	36.741520	2.612177	32.008940	190.010157	-172.893123	-305.198818	145.653208	172.893123	114.801182	172.421576	132.328288	144.274075	0	0	1	0	0
baf	4	61.000000	4	3	3	8.000000	55.000000	0.201517	3.234611	2171.586171	-420.000000	0.000000	57.000000	2218.351291	1771.121488	0.000000	0.000000	0	223.306013	220.674921	183.474778	-147.058706	-341.824010	171.061337	-146.919970	-303.998827	44.356949	0.000000	-420.000000	0	39.810265	3.068745	32.872314	177.268058	-146.989338	-322.911419	132.911109	146.989338	97.088581	146.919970	116.001173	125.175990	0	0	0	0	0
baf	4	61.000000	4	3	3	8.000000	55.000000	0.201517	3.234611	2218.453946	-420.000000	0.000000	58.000000	2264.932917	1771.121488	0.000000	0.000000	0	255.997758	187.600591	172.666210	-121.458224	-364.916498	157.190623	-122.499344	-323.061411	44.356949	0.000000	-420.000000	0	44.636599	4.826334	33.074331	164.928416	-121.978784	-343.988954	120.571467	121.978784	76.011046	122.499344	96.938589	102.083502	0	0	0	0	0
baf	4	61.000000	4	3	3	8.000000	55.000000	0.201517	3.234611	2265.039421	-420.000000	0.000000	59.000000	2312.326797	1771.121488	0.000000	0.000000	0	287.772488	155.961479	160.755891	-98.027365	-388.345633	142.722260	-99.187994	-340.846654	44.356949	0.000000	-420.000000	0	50.820389	6.183790	31.639112	151.739076	-98.607680	-364.596143	107.382127	98.607680	55.403857	99.187994	79.153346	78.654367	0	0	0	0	0
baf	4	61.000000	4	3	3	8.000000	55.000000	0.201517	3.234611	2312.428596	-420.000000	0.000000	60.000000	2359.308776	1771.121488	0.000000	0.000000	0	317.332411	127.240957	149.124779	-76.722358	-409.697429	127.826099	-77.455059	-355.755885	44.356949	0.000000	-420.000000	0	57.998799	7.178410	28.720522	138.475439	-77.088708	-382.726657	94.118490	77.088708	37.273343	77.455059	64.244115	57.302571	0	0	0	0	0
baf	4	61.000000	4	3	3	8.000000	55.000000	0.201517	3.234611	2359.410147	-420.000000	0.000000	61.000000	2406.242849	1771.121488	0.000000	0.000000	0	343.497494	101.948606	137.562451	-58.832235	-428.418120	112.212026	-58.332126	-367.923253	44.356949	0.000000	-420.000000	0	65.593621	7.594822	25.292351	124.887239	-58.582180	-398.170686	80.530290	58.582180	21.829314	58.332126	52.076747	38.581880	0	0	0	0	0
baf	4	61.000000	4	3	3	8.000000	55.000000	0.201517	3.234611	2406.339515	-420.000000	0.000000	62.000000	2452.995566	1771.121488	0.000000	0.000000	0	365.895055	80.315820	125.590994	-43.928525	-443.259019	97.446924	-41.976916	-377.251587	44.356949	0.000000	-420.000000	0	71.783553	6.189932	21.632786	111.518959	-42.952720	-410.255303	67.162011	42.952720	9.744697	41.976916	42.748413	23.740981	0	0	0	0	0
baf	4	61.000000	4	3	3	8.000000	55.000000	0.201517	3.234611	2453.091804	-420.000000	0.000000	63.000000	2500.117411	1771.121488	0.000000	0.000000	0	385.010850	61.914085	113.324323	-31.770044	-455.204278	83.776110	-28.109767	-384.367898	44.356949	0.000000	-420.000000	0	76.839360	5.055807	18.401735	98.550216	-29.939906	-419.786088	54.193267	29.939906	0.213912	28.109767	35.632102	11.795722	0	0	0	0	0
baf	4	61.000000	4	3	3	8.000000	55.000000	0.201517	3.234611	2500.223915	-420.000000	0.000000	64.000000	2547.246528	1771.121488	0.000000	0.000000	0	400.381389	47.529541	101.571525	-22.449151	-464.165735	72.164313	-17.529723	-390.297611	44.356949	0.000000	-420.000000	0	79.658551	2.819191	14.384544	86.867919	-19.989437	-427.231673	42.510970	19.989437	7.231673	17.529723	29.702389	2.834265	0	1	0	0	0
baf	4	61.000000	4	3	3	8.000000	55.000000	0.201517	3.234611	2547.349182	-420.000000	0.000000	65.000000	2594.255453	1771.121488	0.000000	0.000000	0	412.428795	36.815188	90.931990	-16.181452	-471.628340	62.084787	-9.066871	-393.848987	44.356949	0.000000	-420.000000	0	83.261072	3.602521	10.714353	76.508388	-12.624161	-432.738663	32.151439	12.624161	12.738663	9.066871	26.151013	4.628340	0	1	0	0	0
baf	4	61.000000	4	3	3	8.000000	55.000000	0.201517	3.234611	2594.352975	-420.000000	0.000000	66.000000	2641.383714	1771.121488	0.000000	0.000000	0	421.413622	29.790996	82.123149	-11.546708	-476.654240	53.171171	-3.923083	-397.123912	44.356949	0.000000	-420.000000	0	84.978878	1.717806	7.024192	67.647160	-7.734896	-436.889076	23.290211	7.734896	16.889076	3.923083	22.876088	9.654240	0	1	0	0	0
baf	4	61.000000	4	3	3	8.000000	55.000000	0.201517	3.234611	2641.480381	-420.000000	0.000000	67.000000	2688.463215	1771.121488	0.000000	0.000000	0	428.074432	25.834504	74.816529	-8.234546	-479.051388	46.844762	0.166457	-399.923754	44.356949	0.000000	-420.000000	0	84.345593	0.633285	3.956492	60.830645	-4.034045	-439.487571	16.473696	4.034045	19.487571	0.166457	20.076246	12.051388	0	1	0	0	0
baf	4	61.000000	4	3	3	8.000000	55.000000	0.201517	3.234611	2688.558598	-420.000000	0.000000	68.000000	2734.413515	1771.121488	0.000000	0.000000	0	433.390459	23.358178	69.072874	-4.442914	-478.983323	42.704959	4.001258	-401.640287	44.356949	0.000000	-420.000000	0	82.149353	2.196240	2.476327	55.888917	-0.220828	-440.311805	11.531968	0.220828	20.311805	4.001258	18.359713	11.983323	0	1	0	0	0
baf	4	61.000000	4	3	3	8.000000	55.000000	0.201517	3.234611	2734.508899	-420.000000	0.000000	69.000000	2781.774888	1771.121488	0.000000	0.000000	0	437.490956	22.224316	63.697632	-1.780939	-477.690439	39.905082	7.110573	-403.849891	44.356949	0.000000	-420.000000	0	78.086945	4.062409	1.133862	51.801357	2.664817	-440.770165	7.444408	2.664817	20.770165	7.110573	16.150109	10.690439	0	1	0	0	0
baf	4	61.000000	4	3	3	8.000000	55.000000	0.201517	3.234611	2781.929725	-420.000000	0.000000	70.000000	2828.558829	1771.121488	2817.193691	0.000000	0	439.482442	20.876038	57.956951	-1.184910	-474.545188	37.632870	8.124627	-406.047889	44.356949	0.000000	-420.000000	0	72.052867	6.034078	1.348278	47.794910	3.469859	-440.296538	3.437961	3.469859	20.296538	8.124627	13.952111	7.545188	0	1	0	1	0
baf	4	61.000000	4	3	3	8.000000	55.000000	0.201517	3.234611	2828.660200	-420.000000	0.000000	71.000000	2875.960408	1771.121488	2817.193691	0.000000	0	440.391357	20.793317	54.535788	-1.493591	-473.557367	34.831759	7.365764	-407.607405	44.356949	0.000000	-420.000000	0	69.398375	2.654493	0.082721	44.683773	2.936086	-440.582386	0.326824	2.936086	20.582386	7.365764	12.392595	6.557367	0	1	0	1	0
baf	4	61.000000	4	3	3	8.000000	55.000000	0.201517	3.234611	2876.057502	-420.000000	0.000000	72.000000	2923.386795	1771.121488	2817.193691	0.000000	0	441.553113	22.691390	53.579526	-0.638796	-474.054704	34.465645	6.692643	-410.917514	44.356949	0.000000	-420.000000	0	66.373151	3.025223	1.898073	44.022585	3.026924	-442.486109	0.334363	3.026924	22.486109	6.692643	9.082486	7.054704	0	1	0	1	0
baf	4	61.000000	4	3	3	8.000000	55.000000	0.201517	3.234611	2923.484317	-420.000000	0.000000	73.000000	2970.441487	1771.121488	2817.193691	0.000000	0	442.222221	24.399932	54.086969	0.156801	-472.998493	36.579827	7.069129	-415.223896	44.356949	0.000000	-420.000000	0	60.763348	5.609804	1.708542	45.333398	3.612965	-444.111194	0.976449	3.612965	24.111194	7.069129	4.776104	5.998493	1	1	0	1	0
baf	4	61.000000	4	3	3	8.000000	55.000000	0.201517	3.234611	2970.539009	-420.000000	0.000000	74.000000	3017.139883	1771.121488	2817.193691	0.000000	0	443.061560	26.906144	54.161540	0.023145	-473.226237	38.815817	7.743229	-419.851711	44.356949	0.000000	-420.000000	0	56.070767	4.692581	2.506212	46.488678	3.883187	-446.538974	2.131730	3.883187	26.538974	7.743229	0.148289	6.226237	1	1	0	1	0
baf	4	61.000000	4	3	3	8.000000	55.000000	0.201517	3.234611	3017.237404	-420.000000	0.000000	75.000000	3063.922968	1771.121488	2817.193691	0.000000	0	443.896559	27.505754	54.160858	0.451201	-473.132278	38.658497	8.756241	-420.947610	44.356949	0.000000	-420.000000	0	55.068471	1.002296	0.599610	46.409677	4.603721	-447.039944	2.052728	4.603721	27.039944	8.756241	0.947610	6.132278	0	1	0	1	0
baf	4	61.000000	4	3	3	8.000000	55.000000	0.201517	3.234611	3064.023912	-420.000000	0.000000	76.000000	3111.412659	1771.121488	2817.193691	0.000000	0	444.777106	28.140405	53.619902	1.034250	-472.913157	38.335717	9.307858	-422.314206	44.356949	0.000000	-420.000000	0	53.500587	1.567884	0.634651	45.977810	5.171054	-447.613681	1.620861	5.171054	27.613681	9.307858	2.314206	5.913157	0	1	0	1	0
baf	4	61.000000	4	3	3	8.000000	55.000000	0.201517	3.234611	3111.513602	-420.000000	0.000000	77.000000	3158.334328	1771.121488	2817.193691	0.000000	0	444.830099	28.469096	53.501698	0.981322	-473.021638	38.937691	9.373322	-422.843017	44.356949	0.000000	-420.000000	0	52.919089	0.581497	0.328691	46.219694	5.177322	-447.932328	1.862745	5.177322	27.932328	9.373322	2.843017	6.021638	0	1	0	1	0
baf	4	61.000000	4	3	3	8.000000	55.000000	0.201517	3.234611	3158.430566	-420.000000	0.000000	78.000000	3205.445052	1771.121488	2817.193691	0.000000	0	444.157360	28.213252	53.897591	0.706082	-473.261391	39.376186	8.601875	-422.204994	44.356949	0.000000	-420.000000	0	53.665355	0.746266	0.255843	46.636888	4.653979	-447.733193	2.279939	4.653979	27.733193	8.601875	2.204994	6.261391	0	1	0	1	0
baf	4	61.000000	4	3	3	8.000000	55.000000	0.201517	3.234611	3205.541719	-420.000000	0.000000	79.000000	3252.517281	1771.121488	2817.193691	0.000000	0	443.348647	28.332393	53.952644	0.270713	-474.406882	39.690285	6.920608	-421.583185	44.356949	0.000000	-420.000000	0	55.117864	1.452509	0.119141	46.821464	3.595661	-447.995033	2.464515	3.595661	27.995033	6.920608	1.583185	7.406882	1	1	0	1	0
baf	4	61.000000	4	3	3	8.000000	55.000000	0.201517	3.234611	3252.618653	-420.000000	0.000000	80.000000	3299.400883	1771.121488	2817.193691	0.000000	0	442.469186	29.271197	53.320240	-0.940699	-476.586632	39.736230	4.390137	-421.692484	44.356949	0.000000	-420.000000	0	56.800621	1.682758	0.938804	46.528235	1.724719	-449.139558	2.171286	1.724719	29.139558	4.390137	1.692484	9.586632	0	1	0	1	0
baf	4	61.000000	4	3	3	8.000000	55.000000	0.201517	3.234611	3299.504393	-420.000000	0.000000	81.000000	3346.772948	1771.121488	2817.193691	0.000000	0	441.645884	29.155641	51.972733	-1.741810	-476.300188	40.240455	2.778423	-421.896770	44.356949	0.000000	-420.000000	0	55.837360	0.963262	0.115556	46.106594	0.518307	-449.098479	1.749645	0.518307	29.098479	2.778423	1.896770	9.300188	0	1	0	1	0
baf	4	61.000000	4	3	3	8.000000	55.000000	0.201517	3.234611	3346.873464	-420.000000	0.000000	82.000000	3393.650989	1771.121488	2817.193691	0.000000	0	441.428388	28.842913	50.861782	-1.707591	-475.293877	40.403570	2.059582	-422.334421	44.356949	0.000000	-420.000000	0	54.113490	1.723869	0.312728	45.632676	0.175996	-448.814149	1.275727	0.175996	28.814149	2.059582	2.334421	8.293877	0	1	0	1	0
baf	4	61.000000	4	3	3	8.000000	55.000000	0.201517	3.234611	3393.746800	-420.000000	0.000000	83.000000	3440.829722	1771.121488	2817.193691	0.000000	0	441.644727	28.500043	51.014243	-1.302150	-474.513922	40.364630	2.644602	-422.408002	44.356949	0.000000	-420.000000	0	53.329335	0.784155	0.342870	45.689437	0.671226	-448.460962	1.332488	0.671226	28.460962	2.644602	2.408002	7.513922	1	1	0	1	0
baf	4	61.000000	4	3	3	8.000000	55.000000	0.201517	3.234611	3440.925961	-420.000000	0.000000	84.000000	3487.753958	1771.121488	2817.193691	0.000000	0	441.869585	28.840843	51.014117	-0.754222	-474.243840	40.898447	2.556560	-423.320879	44.356949	0.000000	-420.000000	0	52.023418	1.305918	0.340800	45.956282	0.901169	-448.782360	1.599333	0.901169	28.782360	2.556560	3.320879	7.243840	1	1	0	1	0
baf	4	61.000000	4	3	3	8.000000	55.000000	0.201517	3.234611	3487.850196	-420.000000	0.000000	85.000000	3546.823078	1771.121488	2817.193691	0.000000	0	442.102712	28.754589	51.284795	-0.326776	-473.926338	40.586280	2.798843	-423.442876	44.356949	0.000000	-420.000000	0	51.699203	0.324214	0.086253	45.935538	1.236033	-448.684607	1.578589	1.236033	28.684607	2.798843	3.442876	6.926338	1	1	0	1	0
baf	4	61.000000	4	3	3	8.000000	55.000000	0.201517	3.234611	3546.921027	-420.000000	0.000000	86.000000	3593.715662	1771.121488	2817.193691	0.000000	0	442.158216	28.715813	51.406094	-0.245031	-473.770706	40.679840	3.017621	-423.494762	44.356949	0.000000	-420.000000	0	51.510852	0.188351	0.038776	46.042967	1.386295	-448.632734	1.686018	1.386295	28.632734	3.017621	3.494762	6.770706	1	1	0	1	0
baf	4	61.000000	4	3	3	8.000000	55.000000	0.201517	3.234611	3593.817461	-420.000000	0.000000	87.000000	3640.864881	1771.121488	2817.193691	0.000000	0	442.003304	28.673380	51.407070	-0.321504	-473.690517	40.849852	2.838340	-423.491327	44.356949	0.000000	-420.000000	0	51.394534	0.116318	0.042433	46.128461	1.258418	-448.590922	1.771512	1.258418	28.590922	2.838340	3.491327	6.690517	1	1	0	1	0
baf	4	61.000000	4	3	3	8.000000	55.000000	0.201517	3.234611	3640.966253	-420.000000	0.000000	88.000000	3687.809220	1771.121488	2817.193691	0.000000	0	441.708073	28.598506	51.637529	-0.650091	-473.558846	40.920028	2.661777	-423.473405	44.356949	0.000000	-420.000000	0	51.326257	0.068277	0.074874	46.278779	1.005843	-448.516125	1.921830	1.005843	28.516125	2.661777	3.473405	6.558846	1	1	0	1	0
baf	4	61.000000	4	3	3	8.000000	55.000000	0.201517	3.234611	3687.906742	-420.000000	0.000000	89.000000	3735.034575	1771.121488	2817.193691	0.000000	0	441.704004	28.623569	51.304524	-0.792275	-473.633370	40.960957	2.609658	-423.474581	44.356949	0.000000	-420.000000	0	51.327056	0.000799	0.025062	46.132740	0.908692	-448.553976	1.775792	0.908692	28.553976	2.609658	3.474581	6.633370	1	1	0	1	0
baf	4	61.000000	4	3	3	8.000000	55.000000	0.201517	3.234611	3735.131669	-420.000000	0.000000	90.000000	3781.876259	1771.121488	2817.193691	0.000000	0	441.584921	28.683746	51.552826	-0.820115	-473.510891	41.231870	2.543360	-423.686033	44.356949	0.000000	-420.000000	0	50.993642	0.333414	0.060177	46.392348	0.861622	-448.598462	2.035399	0.861622	28.598462	2.543360	3.686033	6.510891	1	1	0	1	0
baf	4	61.000000	4	3	3	8.000000	55.000000	0.201517	3.234611	3781.977203	-420.000000	0.000000	91.000000	3829.194859	1771.121488	2817.193691	0.000000	0	441.553475	28.655409	51.625393	-0.788478	-473.490019	41.154272	2.461804	-423.651904	44.356949	0.000000	-420.000000	0	51.029858	0.036216	0.028337	46.389833	0.836663	-448.570961	2.032884	0.836663	28.570961	2.461804	3.651904	6.490019	1	1	0	1	0
baf	4	61.000000	4	3	3	8.000000	55.000000	0.201517	3.234611	3829.297514	-420.000000	0.000000	92.000000	3876.123372	1771.121488	2817.193691	0.000000	0	441.635891	28.816424	51.593530	-0.776436	-473.492258	41.291554	2.530769	-423.962669	44.356949	0.000000	-420.000000	0	50.697619	0.332239	0.161015	46.442542	0.877167	-448.727464	2.085593	0.877167	28.727464	2.530769	3.962669	6.492258	1	1	0	1	0
baf	4	61.000000	4	3	3	8.000000	55.000000	0.201517	3.234611	3876.223888	-420.000000	0.000000	93.000000	3923.222975	1771.121488	2817.193691	0.000000	0	441.766828	28.847273	51.458687	-0.702699	-473.525263	41.249288	2.658993	-423.997611	44.356949	0.000000	-420.000000	0	50.680579	0.017040	0.030849	46.353987	0.978147	-448.761437	1.997038	0.978147	28.761437	2.658993	3.997611	6.525263	1	1	0	1	0
baf	4	61.000000	4	3	3	8.000000	55.000000	0.201517	3.234611	3923.320497	-420.000000	0.000000	94.000000	3970.281945	1771.121488	2817.193691	0.000000	0	441.756186	28.936938	51.640185	-0.723521	-473.473418	41.277065	2.662048	-424.215051	44.356949	0.000000	-420.000000	0	50.450402	0.230177	0.089665	46.458625	0.969263	-448.844235	2.101676	0.969263	28.844235	2.662048	4.215051	6.473418	1	1	0	1	0
baf	4	61.000000	4	3	3	8.000000	55.000000	0.201517	3.234611	3970.378184	-420.000000	0.000000	95.000000	4017.349897	1771.121488	2817.193691	0.000000	0	441.747947	28.903444	51.369390	-0.782689	-473.539658	41.206673	2.556495	-424.110786	44.356949	0.000000	-420.000000	0	50.573159	0.122757	0.033494	46.288031	0.886903	-448.825222	1.931083	0.886903	28.825222	2.556495	4.110786	6.539658	1	1	0	1	0
baf	4	61.000000	4	3	3	8.000000	55.000000	0.201517	3.234611	4017.445280	-420.000000	0.000000	96.000000	4064.230932	1771.121488	2817.193691	0.000000	0	441.757071	28.929746	51.090096	-0.823380	-473.555466	41.334800	2.509911	-424.160260	44.356949	0.000000	-420.000000	0	50.459518	0.113641	0.026302	46.212448	0.843266	-448.857863	1.855499	0.843266	28.857863	2.509911	4.160260	6.555466	1	1	0	1	0
baf	4	61.000000	4	3	3	8.000000	55.000000	0.201517	3.234611	4064.327598	-420.000000	0.000000	97.000000	4111.543971	1771.121488	2817.193691	0.000000	0	441.575806	28.957283	51.196022	-0.935979	-473.547009	41.444853	2.247605	-424.219377	44.356949	0.000000	-420.000000	0	50.382892	0.076626	0.027536	46.320438	0.655813	-448.883193	1.963489	0.655813	28.883193	2.247605	4.219377	6.547009	1	1	0	1	0
baf	4	61.000000	4	3	3	8.000000	55.000000	0.201517	3.234611	4111.646198	-420.000000	0.000000	98.000000	4158.383944	1771.121488	2817.193691	0.000000	0	441.625287	28.889805	51.393951	-0.904984	-473.490102	41.384508	2.491708	-424.124522	44.356949	0.000000	-420.000000	0	50.484522	0.101630	0.067478	46.389229	0.793362	-448.807312	2.032280	0.793362	28.807312	2.491708	4.124522	6.490102	1	1	0	1	0
baf	4	61.000000	4	3	3	8.000000	55.000000	0.201517	3.234611	4158.485315	-420.000000	0.000000	99.000000	4205.758149	1771.121488	2817.193691	0.000000	0	441.788565	29.007304	51.258707	-0.832546	-473.555718	41.317535	2.590554	-424.303476	44.356949	0.000000	-420.000000	0	50.361968	0.122554	0.117499	46.288121	0.879004	-448.929597	1.931172	0.879004	28.929597	2.590554	4.303476	6.555718	1	1	0	1	0
baf	4	61.000000	4	3	3	8.000000	55.000000	0.201517	3.234611	4205.853959	-420.000000	0.000000	100.000000	4252.495895	1771.121488	2817.193691	0.000000	0	441.861592	28.958668	51.349826	-0.765425	-473.492190	41.281661	2.793785	-424.256890	44.356949	0.000000	-420.000000	0	50.380062	0.018094	0.048635	46.315743	1.014180	-448.874540	1.958795	1.014180	28.874540	2.793785	4.256890	6.492190	1	1	0	1	0
baf	4	61.000000	4	3	3	8.000000	55.000000	0.201517	3.234611	4252.598977	-420.000000	0.000000	101.000000	4299.483434	1771.121488	2817.193691	0.000000	0	441.822357	28.952488	51.329907	-0.734845	-473.501389	41.227111	2.631014	-424.244791	44.356949	0.000000	-420.000000	0	50.394523	0.014461	0.006180	46.278509	0.948084	-448.873090	1.921560	0.948084	28.873090	2.631014	4.244791	6.501389	1	1	0	1	0
baf	4	61.000000	4	3	3	8.000000	55.000000	0.201517	3.234611	4299.584805	-420.000000	0.000000	102.000000	4346.855072	1771.121488	2817.193691	0.000000	0	441.882762	28.972025	51.380340	-0.705524	-473.491337	41.297010	2.796834	-424.279161	44.356949	0.000000	-420.000000	0	50.356513	0.038010	0.019537	46.338675	1.045655	-448.885249	1.981726	1.045655	28.885249	2.796834	4.279161	6.491337	1	1	0	1	0
baf	4	61.000000	4	3	3	8.000000	55.000000	0.201517	3.234611	4346.953021	-420.000000	0.000000	103.000000	4393.948687	1771.121488	2817.193691	0.000000	0	441.826629	28.889934	51.484439	-0.698741	-473.443103	41.194907	2.742669	-424.164282	44.356949	0.000000	-420.000000	0	50.459093	0.102580	0.082091	46.339673	1.021964	-448.803692	1.982724	1.021964	28.803692	2.742669	4.164282	6.443103	1	1	0	1	0
baf	4	61.000000	4	3	3	8.000000	55.000000	0.201517	3.234611	4394.051770	-420.000000	0.000000	104.000000	4441.147951	1771.121488	2817.193691	0.000000	0	441.799447	29.065999	51.389211	-0.763596	-473.481740	41.405100	2.598223	-424.477847	44.356949	0.000000	-420.000000	0	50.123506	0.335587	0.176065	46.397156	0.917314	-448.979793	2.040207	0.917314	28.979793	2.598223	4.477847	6.481740	1	1	0	1	0
baf	4	61.000000	4	3	3	8.000000	55.000000	0.201517	3.234611	4441.244618	-420.000000	0.000000	105.000000	4476.424321	1771.121488	2817.193691	4476.419616	0	441.898231	29.051820	  51.297142   -0.768708 -473.509482	  41.346549    2.789806 -424.425867	44.356949	0.000000	-420.000000	0	50.208352	0.084846	0.014180	0
