subjName	sessionNR	IOD	trialN	textureType	texnum	visualAngle	simulatedDepth	light_intensity	ambient_intensity	time	displayDistance	isRotated	frameN	timTote	startTime	touchTime	endTime	fingersOccluded	distanceToHome	distanceToObject	indexXraw	indexYraw	indexZraw	thumbXraw	thumbYraw	thumbZraw	targetX	targetY	targetZ	failCause	gripAperture	gripApertureVel	distFromObjVel	gripOriginX	gripOriginY	gripOriginZ	distFromObjX	distFromObjY	distFromObjZ	y_dist_thm	z_dist_thm	z_dist_ind	handOnObj	handnearObj	handfarObj	handTouchObj	framesOccluded
baf	4	61.000000	97	1	22	8.000000	35.000000	0.791821	1.737419	920.426923	-420.000000	0.000000	30.000000	967.644579	0.000000	0.000000	0.000000	0	2.024738	428.765591	217.395193	-350.097559	-254.571286	218.352056	-358.307410	-249.140177	44.356949	0.000000	-420.000000	0	9.890105	0.075542	0.011703	217.873624	-354.202484	-251.855731	173.516675	354.202484	168.144269	358.307410	170.859823	192.428714	0	0	1	0	0
baf	4	61.000000	97	1	22	8.000000	35.000000	0.791821	1.737419	967.885390	-420.000000	0.000000	31.000000	1014.486691	0.000000	0.000000	0.000000	0	2.049820	428.722322	217.461849	-350.098907	-254.575398	218.236604	-358.245666	-249.179153	44.356949	0.000000	-420.000000	0	9.802519	0.087586	0.043268	217.849226	-354.172287	-251.877276	173.492278	354.172287	168.122724	358.245666	170.820847	192.424602	0	0	1	0	0
baf	4	61.000000	97	1	22	8.000000	35.000000	0.791821	1.737419	1014.588918	-420.000000	0.000000	32.000000	1061.640616	0.000000	0.000000	0.000000	0	2.003332	428.756200	217.466764	-350.074722	-254.563014	218.307317	-358.279979	-249.118145	44.356949	0.000000	-420.000000	0	9.883288	0.080769	0.033878	217.887040	-354.177351	-251.840580	173.530092	354.177351	168.159420	358.279979	170.881855	192.436986	0	0	1	0	0
baf	4	61.000000	97	1	22	8.000000	35.000000	0.791821	1.737419	1061.742843	-420.000000	0.000000	33.000000	1108.803523	0.000000	0.000000	0.000000	0	2.067376	428.674501	217.457478	-350.092760	-254.559490	218.121220	-358.193826	-249.193232	44.356949	0.000000	-420.000000	0	9.739843	0.143445	0.081699	217.789349	-354.143293	-251.876361	173.432400	354.143293	168.123639	358.193826	170.806768	192.440510	0	0	1	0	0
baf	4	61.000000	97	1	22	8.000000	35.000000	0.791821	1.737419	1108.907461	-420.000000	0.000000	34.000000	1155.938200	0.000000	0.000000	0.000000	0	1.980096	428.803308	217.645391	-350.125955	-254.575593	218.260492	-358.273140	-249.094876	44.356949	0.000000	-420.000000	0	9.838354	0.098511	0.128807	217.952942	-354.199548	-251.835234	173.595993	354.199548	168.164766	358.273140	170.905124	192.424407	0	0	1	0	0
baf	4	61.000000	97	1	22	8.000000	35.000000	0.791821	1.737419	1156.034867	-420.000000	0.000000	35.000000	1202.659693	0.000000	0.000000	0.000000	0	2.000494	428.733470	217.595062	-350.108722	-254.561090	218.131133	-358.205469	-249.101244	44.356949	0.000000	-420.000000	0	9.780318	0.058036	0.069838	217.863098	-354.157096	-251.831167	173.506149	354.157096	168.168833	358.205469	170.898756	192.438910	0	0	1	0	0
baf	4	61.000000	97	1	22	8.000000	35.000000	0.791821	1.737419	1202.763631	-420.000000	0.000000	36.000000	1250.083086	0.000000	0.000000	0.000000	0	1.974084	428.749902	217.512620	-350.096780	-254.567430	218.205548	-358.232138	-249.033858	44.356949	0.000000	-420.000000	0	9.863296	0.082978	0.016432	217.859084	-354.164459	-251.800644	173.502135	354.164459	168.199356	358.232138	170.966142	192.432570	0	0	1	0	0
baf	4	61.000000	97	1	22	8.000000	35.000000	0.791821	1.737419	1250.178897	-420.000000	0.000000	37.000000	1297.383294	0.000000	0.000000	0.000000	0	1.965411	428.719496	217.459308	-350.072329	-254.568995	218.200117	-358.195123	-248.997295	44.356949	0.000000	-420.000000	0	9.877875	0.014579	0.030406	217.829713	-354.133726	-251.783145	173.472764	354.133726	168.216855	358.195123	171.002705	192.431005	0	0	1	0	0
baf	4	61.000000	97	1	22	8.000000	35.000000	0.791821	1.737419	1297.483382	-420.000000	0.000000	38.000000	1344.233104	0.000000	0.000000	0.000000	0	1.936717	428.721880	217.485908	-350.050648	-254.572738	218.195657	-358.187691	-248.942944	44.356949	0.000000	-420.000000	0	9.920171	0.042296	0.002385	217.840783	-354.119169	-251.757841	173.483834	354.119169	168.242159	358.187691	171.057056	192.427262	0	0	1	0	0
baf	4	61.000000	97	1	22	8.000000	35.000000	0.791821	1.737419	1344.410183	-420.000000	0.000000	39.000000	1391.607737	0.000000	0.000000	0.000000	0	1.958336	428.665520	217.473864	-350.019672	-254.601735	218.161144	-358.121647	-248.948971	44.356949	0.000000	-420.000000	0	9.902934	0.017237	0.056361	217.817504	-354.070659	-251.775353	173.460555	354.070659	168.224647	358.121647	171.051029	192.398265	0	0	1	0	0
baf	4	61.000000	97	1	22	8.000000	35.000000	0.791821	1.737419	1391.708680	-420.000000	0.000000	40.000000	1438.354465	0.000000	0.000000	0.000000	0	2.193177	428.158102	217.077337	-349.531591	-254.687676	218.156794	-357.712134	-249.146466	44.356949	0.000000	-420.000000	0	9.939393	0.036459	0.507417	217.617066	-353.621863	-251.917071	173.260117	353.621863	168.082929	357.712134	170.853534	192.312324	0	0	1	0	0
baf	4	61.000000	97	1	22	8.000000	35.000000	0.791821	1.737419	1438.449421	-420.000000	0.000000	41.000000	1486.227399	1474.793397	0.000000	0.000000	0	5.479817	424.470593	217.245190	-345.272831	-255.793391	218.920987	-353.620474	-250.251224	44.356949	0.000000	-420.000000	0	10.159088	0.219695	3.687509	218.083089	-349.446653	-253.022307	173.726140	349.446653	166.977693	353.620474	169.748776	191.206609	0	0	1	0	0
baf	4	61.000000	97	1	22	8.000000	35.000000	0.791821	1.737419	1486.336042	-420.000000	0.000000	42.000000	1544.953483	1474.793397	0.000000	0.000000	0	21.933182	410.375975	218.617007	-329.033373	-260.770945	221.166060	-337.594591	-253.665913	44.356949	0.000000	-420.000000	0	11.413747	1.254659	14.094618	219.891534	-333.313982	-257.218429	175.534585	333.313982	162.781571	337.594591	166.334087	186.229055	0	0	1	0	0
baf	4	61.000000	97	1	22	8.000000	35.000000	0.791821	1.737419	1545.060414	-420.000000	0.000000	43.000000	1592.182687	1474.793397	0.000000	0.000000	0	44.479741	389.611770	216.987168	-307.445934	-269.619550	219.106942	-315.534810	-256.674686	44.356949	0.000000	-420.000000	0	15.410803	3.997057	20.764206	218.047055	-311.490372	-263.147118	173.690106	311.490372	156.852882	315.534810	163.325314	177.380450	0	0	1	0	0
baf	4	61.000000	97	1	22	8.000000	35.000000	0.791821	1.737419	1592.280209	-420.000000	0.000000	44.000000	1639.343456	1474.793397	0.000000	0.000000	0	73.701456	361.888932	213.314787	-279.788902	-281.913506	213.047756	-287.946934	-262.242262	44.356949	0.000000	-420.000000	0	21.297480	5.886677	27.722838	213.181272	-283.867918	-272.077884	168.824323	283.867918	147.922116	287.946934	157.757738	165.086494	0	0	1	0	0
baf	4	61.000000	97	1	22	8.000000	35.000000	0.791821	1.737419	1639.449105	-420.000000	0.000000	45.000000	1686.418679	1474.793397	0.000000	0.000000	0	108.903549	328.282156	207.216195	-246.748792	-295.398471	203.552994	-255.031877	-269.695643	44.356949	0.000000	-420.000000	0	27.251860	5.954380	33.606776	205.384594	-250.890334	-282.547057	161.027645	250.890334	137.452943	255.031877	150.304357	151.601529	0	0	1	0	0
baf	4	61.000000	97	1	22	8.000000	35.000000	0.791821	1.737419	1686.520906	-420.000000	0.000000	46.000000	1733.373283	1474.793397	0.000000	0.000000	0	147.652796	291.383170	198.661406	-210.680151	-308.415000	191.480392	-218.865543	-278.112467	44.356949	0.000000	-420.000000	0	32.199551	4.947691	36.898986	195.070899	-214.772847	-293.263734	150.713950	214.772847	126.736266	218.865543	141.887533	138.585000	0	0	1	0	0
baf	4	61.000000	97	1	22	8.000000	35.000000	0.791821	1.737419	1733.473799	-420.000000	0.000000	47.000000	1780.030617	1474.793397	0.000000	0.000000	0	188.166444	252.126164	187.766439	-174.208516	-323.995529	175.821357	-182.357455	-288.902161	44.356949	0.000000	-420.000000	0	37.955694	5.756143	39.257006	181.793898	-178.282986	-306.448845	137.436949	178.282986	113.551155	182.357455	131.097839	123.004471	0	0	1	0	0
baf	4	61.000000	97	1	22	8.000000	35.000000	0.791821	1.737419	1780.132416	-420.000000	0.000000	48.000000	1827.394128	1474.793397	0.000000	0.000000	0	229.043225	212.909554	176.205585	-138.073676	-340.632041	159.942674	-146.114017	-301.036154	44.356949	0.000000	-420.000000	0	43.554146	5.598452	39.216610	168.074130	-142.093847	-320.834097	123.717181	142.093847	99.165903	146.114017	118.963846	106.367959	0	0	0	0	0
baf	4	61.000000	97	1	22	8.000000	35.000000	0.791821	1.737419	1827.548537	-420.000000	0.000000	49.000000	1873.899191	1474.793397	0.000000	0.000000	0	268.353391	174.901806	163.927015	-104.470599	-359.118568	143.154314	-112.783881	-315.114359	44.356949	0.000000	-420.000000	0	49.365841	5.811695	38.007749	153.540665	-108.627240	-337.116463	109.183716	108.627240	82.883537	112.783881	104.885641	87.881432	0	0	0	0	0
baf	4	61.000000	97	1	22	8.000000	35.000000	0.791821	1.737419	1874.000134	-420.000000	0.000000	50.000000	1921.081346	1474.793397	0.000000	0.000000	0	305.556343	138.715427	150.734418	-75.006558	-379.280330	125.780222	-81.572332	-329.640262	44.356949	0.000000	-420.000000	0	55.946024	6.580183	36.186379	138.257320	-78.289445	-354.460296	93.900371	78.289445	65.539704	81.572332	90.359738	67.719670	0	0	0	0	0
baf	4	61.000000	97	1	22	8.000000	35.000000	0.791821	1.737419	1921.177156	-420.000000	0.000000	51.000000	1967.793428	1474.793397	0.000000	0.000000	0	339.047462	106.525475	138.242732	-49.236889	-399.664049	109.614792	-55.097800	-344.532579	44.356949	0.000000	-420.000000	0	62.397021	6.450996	32.189953	123.928762	-52.167344	-372.098314	79.571813	52.167344	47.901686	55.097800	75.467421	47.335951	0	0	0	0	0
baf	4	61.000000	97	1	22	8.000000	35.000000	0.791821	1.737419	1967.890522	-420.000000	0.000000	52.000000	2015.132559	1474.793397	0.000000	0.000000	0	367.805488	79.658555	126.570786	-28.264888	-419.515899	95.937302	-34.334894	-360.798896	44.356949	0.000000	-420.000000	0	66.505202	4.108181	26.866919	111.254044	-31.299891	-390.157397	66.897095	31.299891	29.842603	34.334894	59.201104	27.484101	0	0	0	0	0
baf	4	61.000000	97	1	22	8.000000	35.000000	0.791821	1.737419	2015.227942	-420.000000	0.000000	53.000000	2062.179552	1474.793397	0.000000	0.000000	0	391.734713	57.942557	114.753732	-13.405152	-438.918204	82.420273	-18.052968	-375.078886	44.356949	0.000000	-420.000000	0	71.711320	5.206118	21.715999	98.587003	-15.729060	-406.998545	54.230054	15.729060	13.001455	18.052968	44.921114	8.081796	0	0	0	0	0
baf	4	61.000000	97	1	22	8.000000	35.000000	0.791821	1.737419	2062.275363	-420.000000	0.000000	54.000000	2109.375822	1474.793397	0.000000	0.000000	0	410.473549	41.266001	102.438253	-2.893948	-455.367981	68.159875	-7.392281	-385.467258	44.356949	0.000000	-420.000000	0	77.983032	6.271712	16.676556	85.299064	-5.143114	-420.417619	40.942115	5.143114	0.417619	7.392281	34.532742	8.367981	0	0	0	0	0
baf	4	61.000000	97	1	22	8.000000	35.000000	0.791821	1.737419	2109.477193	-420.000000	0.000000	55.000000	2156.293642	1474.793397	0.000000	0.000000	0	425.138941	31.647210	89.985334	4.232415	-467.066224	58.234637	1.481197	-393.731986	44.356949	0.000000	-420.000000	0	79.959905	1.976874	9.618790	74.109985	2.856806	-430.399105	29.753037	2.856806	10.399105	1.481197	26.268014	20.066224	0	1	0	0	0
baf	4	61.000000	97	1	22	8.000000	35.000000	0.791821	1.737419	2156.390308	-420.000000	0.000000	56.000000	2203.167833	1474.793397	0.000000	0.000000	0	434.471616	26.604791	79.217662	8.143924	-473.562892	49.526486	6.079780	-398.476536	44.356949	0.000000	-420.000000	0	80.769966	0.810061	5.042419	64.372074	7.111852	-436.019714	20.015125	7.111852	16.019714	6.079780	21.523464	26.562892	0	1	0	0	0
baf	4	61.000000	97	1	22	8.000000	35.000000	0.791821	1.737419	2203.263644	-420.000000	0.000000	57.000000	2250.146817	1474.793397	0.000000	0.000000	0	440.447295	25.294864	69.648902	9.895173	-474.557244	44.963343	8.906274	-404.623130	44.356949	0.000000	-420.000000	0	74.169637	6.600330	1.309927	57.306123	9.400723	-439.590187	12.949174	9.400723	19.590187	8.906274	15.376870	27.557244	0	1	0	0	0
baf	4	61.000000	97	1	22	8.000000	35.000000	0.791821	1.737419	2250.243056	-420.000000	0.000000	58.000000	2297.292615	1474.793397	2285.339780	0.000000	0	441.611888	23.740289	60.912162	7.535830	-469.323044	43.465441	7.964720	-412.733900	44.356949	0.000000	-420.000000	0	59.219112	14.950525	1.554575	52.188802	7.750275	-441.028472	7.831853	7.750275	21.028472	7.964720	7.266100	22.323044	0	1	0	1	0
baf	4	61.000000	97	1	22	8.000000	35.000000	0.791821	1.737419	2297.476966	-420.000000	0.000000	59.000000	2343.871675	1474.793397	2285.339780	0.000000	0	440.993825	23.208748	56.054606	4.856195	-464.667492	44.389869	6.578289	-418.763259	44.356949	0.000000	-420.000000	0	47.394412	11.824700	0.531540	50.222237	5.717242	-441.715375	5.865288	5.717242	21.715375	6.578289	1.236741	17.667492	0	1	0	1	0
baf	4	61.000000	97	1	22	8.000000	35.000000	0.791821	1.737419	2343.972191	-420.000000	0.000000	60.000000	2391.313460	1474.793397	2285.339780	0.000000	0	439.479891	21.086547	53.285981	2.304827	-460.004938	44.682345	5.906448	-420.312557	44.356949	0.000000	-420.000000	0	40.773514	6.620899	2.122201	48.984163	4.105637	-440.158748	4.627214	4.105637	20.158748	5.906448	0.312557	13.004938	0	1	0	1	0
baf	4	61.000000	97	1	22	8.000000	35.000000	0.791821	1.737419	2391.414404	-420.000000	0.000000	61.000000	2437.712019	1474.793397	2285.339780	0.000000	0	437.133787	18.230726	51.183337	-0.473213	-454.442991	45.394320	4.904737	-420.883492	44.356949	0.000000	-420.000000	0	34.477167	6.296346	2.855821	48.288828	2.215762	-437.663242	3.931880	2.215762	17.663242	4.904737	0.883492	7.442991	1	1	0	1	0
baf	4	61.000000	97	1	22	8.000000	35.000000	0.791821	1.737419	2437.809113	-420.000000	0.000000	62.000000	2485.152521	1474.793397	2285.339780	0.000000	0	436.277110	18.155087	51.161406	-0.232108	-454.000502	46.260311	3.064133	-421.136120	44.356949	0.000000	-420.000000	0	33.390920	1.086247	0.075640	48.710859	1.416013	-437.568311	4.353910	1.416013	17.568311	3.064133	1.136120	7.000502	1	1	0	1	0
baf	4	61.000000	97	1	22	8.000000	35.000000	0.791821	1.737419	2485.248760	-420.000000	0.000000	63.000000	2532.231594	1474.793397	2285.339780	0.000000	0	435.543817	18.173611	51.484210	-0.725734	-453.889555	46.658479	2.134298	-421.185143	44.356949	0.000000	-420.000000	0	33.182013	0.208907	0.018525	49.071344	0.704282	-437.537349	4.714396	0.704282	17.537349	2.134298	1.185143	6.889555	1	1	0	1	0
baf	4	61.000000	97	1	22	8.000000	35.000000	0.791821	1.737419	2532.326549	-420.000000	0.000000	64.000000	2579.274737	1474.793397	2285.339780	0.000000	0	435.119859	18.202708	51.595848	-1.068818	-453.784487	46.878046	1.597413	-421.284266	44.356949	0.000000	-420.000000	0	32.948911	0.233102	0.029097	49.236947	0.264297	-437.534376	4.879998	0.264297	17.534376	1.597413	1.284266	6.784487	1	1	0	1	0
baf	4	61.000000	97	1	22	8.000000	35.000000	0.791821	1.737419	2579.371404	-420.000000	0.000000	65.000000	2626.340978	1474.793397	2285.339780	0.000000	0	435.324714	18.168456	50.978898	-0.775913	-453.749622	46.951442	1.509597	-421.391381	44.356949	0.000000	-420.000000	0	32.687914	0.260997	0.034253	48.965170	0.366842	-437.570501	4.608221	0.366842	17.570501	1.509597	1.391381	6.749622	1	1	0	1	0
baf	4	61.000000	97	1	22	8.000000	35.000000	0.791821	1.737419	2626.436789	-420.000000	0.000000	66.000000	2673.387543	1474.793397	2285.339780	0.000000	0	435.431313	18.090404	51.044833	-0.675910	-453.675323	46.855550	1.742970	-421.303537	44.356949	0.000000	-420.000000	0	32.731232	0.043319	0.078052	48.950192	0.533530	-437.489430	4.593243	0.533530	17.489430	1.742970	1.303537	6.675323	1	1	0	1	0
baf	4	61.000000	97	1	22	8.000000	35.000000	0.791821	1.737419	2673.483782	-420.000000	0.000000	67.000000	2720.449935	1474.793397	2285.339780	0.000000	0	435.325442	18.162958	51.025541	-0.760192	-453.645027	47.077349	1.609827	-421.436265	44.356949	0.000000	-420.000000	0	32.536280	0.194952	0.072554	49.051445	0.424817	-437.540646	4.694496	0.424817	17.540646	1.609827	1.436265	6.645027	1	1	0	1	0
baf	4	61.000000	97	1	22	8.000000	35.000000	0.791821	1.737419	2720.545318	-420.000000	0.000000	68.000000	2767.507621	1474.793397	2285.339780	0.000000	0	435.304868	18.198482	50.998266	-0.903136	-453.639287	47.112252	1.666965	-421.515501	44.356949	0.000000	-420.000000	0	32.459885	0.076395	0.035525	49.055259	0.381914	-437.577394	4.698310	0.381914	17.577394	1.666965	1.515501	6.639287	1	1	0	1	0
baf	4	61.000000	97	1	22	8.000000	35.000000	0.791821	1.737419	2767.603432	-420.000000	0.000000	69.000000	2814.582844	1474.793397	2285.339780	0.000000	0	435.141819	18.159994	51.354084	-1.004200	-453.512354	47.021317	1.572479	-421.494417	44.356949	0.000000	-420.000000	0	32.412350	0.047535	0.038488	49.187701	0.284139	-437.503385	4.830752	0.284139	17.503385	1.572479	1.494417	6.512354	1	1	0	1	0
baf	4	61.000000	97	1	22	8.000000	35.000000	0.791821	1.737419	2814.738537	-420.000000	0.000000	70.000000	2861.485265	1474.793397	2285.339780	0.000000	0	435.339847	18.324300	51.375502	-0.724470	-453.433299	47.256119	1.764456	-421.832508	44.356949	0.000000	-420.000000	0	31.965201	0.447149	0.164306	49.315811	0.519993	-437.632903	4.958862	0.519993	17.632903	1.764456	1.832508	6.433299	1	1	0	1	0
baf	4	61.000000	97	1	22	8.000000	35.000000	0.791821	1.737419	2861.584926	-420.000000	0.000000	71.000000	2908.577598	1474.793397	2285.339780	0.000000	0	435.544042	18.467843	51.048632	-0.168098	-453.387901	47.436627	1.464855	-422.208220	44.356949	0.000000	-420.000000	0	31.430648	0.534553	0.143542	49.242629	0.648378	-437.798060	4.885681	0.648378	17.798060	1.464855	2.208220	6.387901	1	1	0	1	0
baf	4	61.000000	97	1	22	8.000000	35.000000	0.791821	1.737419	2908.683246	-420.000000	0.000000	72.000000	2955.841448	1474.793397	2285.339780	0.000000	0	435.735040	18.558065	51.211282	0.306890	-453.355021	47.435296	1.471324	-422.363138	44.356949	0.000000	-420.000000	0	31.242772	0.187875	0.090222	49.323289	0.889107	-437.859079	4.966340	0.889107	17.859079	1.471324	2.363138	6.355021	1	1	0	1	0
baf	4	61.000000	97	1	22	8.000000	35.000000	0.791821	1.737419	2955.937687	-420.000000	0.000000	73.000000	3002.873043	1474.793397	2285.339780	0.000000	0	435.776527	18.565984	51.259197	0.460595	-453.276641	47.555938	1.521858	-422.399933	44.356949	0.000000	-420.000000	0	31.116098	0.126675	0.007919	49.407568	0.991227	-437.838287	5.050619	0.991227	17.838287	1.521858	2.399933	6.276641	1	1	0	1	0
baf	4	61.000000	97	1	22	8.000000	35.000000	0.791821	1.737419	3002.979120	-420.000000	0.000000	74.000000	3049.607368	1474.793397	2285.339780	0.000000	0	435.556056	18.475483	51.561874	0.287662	-453.204118	47.493741	1.396286	-422.230147	44.356949	0.000000	-420.000000	0	31.259648	0.143551	0.090501	49.527807	0.841974	-437.717132	5.170859	0.841974	17.717132	1.396286	2.230147	6.204118	1	1	0	1	0
baf	4	61.000000	97	1	22	8.000000	35.000000	0.791821	1.737419	3049.710878	-420.000000	0.000000	75.000000	3097.092781	1474.793397	2285.339780	0.000000	0	435.559984	18.376145	51.422322	0.191291	-453.201945	47.522469	1.543322	-422.054979	44.356949	0.000000	-420.000000	0	31.419267	0.159618	0.099338	49.472396	0.867306	-437.628462	5.115447	0.867306	17.628462	1.543322	2.054979	6.201945	1	1	0	1	0
baf	4	61.000000	97	1	22	8.000000	35.000000	0.791821	1.737419	3097.188164	-420.000000	0.000000	76.000000	3143.837371	1474.793397	2285.339780	0.000000	0	435.428020	18.519780	51.453765	0.231148	-453.212317	47.819178	1.221518	-422.260565	44.356949	0.000000	-420.000000	0	31.180154	0.239113	0.143635	49.636471	0.726333	-437.736441	5.279523	0.726333	17.736441	1.221518	2.260565	6.212317	1	1	0	1	0
baf	4	61.000000	97	1	22	8.000000	35.000000	0.791821	1.737419	3143.933182	-420.000000	0.000000	77.000000	3191.214570	1474.793397	2285.339780	0.000000	0	435.650864	18.495731	51.372866	0.339816	-453.257766	47.586050	1.497682	-422.239156	44.356949	0.000000	-420.000000	0	31.270350	0.090196	0.024049	49.479458	0.918749	-437.748461	5.122509	0.918749	17.748461	1.497682	2.239156	6.257766	1	1	0	1	0
baf	4	61.000000	97	1	22	8.000000	35.000000	0.791821	1.737419	3191.311236	-420.000000	0.000000	78.000000	3237.862921	1474.793397	2285.339780	0.000000	0	435.804615	18.495915	51.149234	0.587419	-453.248807	47.589294	1.496272	-422.297790	44.356949	0.000000	-420.000000	0	31.168328	0.102022	0.000184	49.369264	1.041845	-437.773298	5.012315	1.041845	17.773298	1.496272	2.297790	6.248807	1	1	0	1	0
baf	4	61.000000	97	1	22	8.000000	35.000000	0.791821	1.737419	3237.960015	-420.000000	0.000000	79.000000	3285.319249	1474.793397	2285.339780	0.000000	0	435.698918	18.493056	51.132058	0.593626	-453.160378	47.785284	1.341401	-422.337761	44.356949	0.000000	-420.000000	0	31.012800	0.155528	0.002859	49.458671	0.967513	-437.749070	5.101722	0.967513	17.749070	1.341401	2.337761	6.160378	1	1	0	1	0
baf	4	61.000000	97	1	22	8.000000	35.000000	0.791821	1.737419	3285.421048	-420.000000	0.000000	80.000000	3332.434251	1474.793397	2285.339780	0.000000	0	435.593159	18.388462	51.172919	0.465402	-453.124950	47.771359	1.338591	-422.154323	44.356949	0.000000	-420.000000	0	31.169100	0.156300	0.104594	49.472139	0.901997	-437.639637	5.115191	0.901997	17.639637	1.338591	2.154323	6.124950	1	1	0	1	0
baf	4	61.000000	97	1	22	8.000000	35.000000	0.791821	1.737419	3332.534767	-420.000000	0.000000	81.000000	3379.457719	1474.793397	2285.339780	0.000000	0	435.332209	18.442275	51.572300	0.173127	-453.134577	47.860929	1.230850	-422.130063	44.356949	0.000000	-420.000000	0	31.243766	0.074666	0.053813	49.716614	0.701988	-437.632320	5.359665	0.701988	17.632320	1.230850	2.130063	6.134577	1	1	0	1	0
baf	4	61.000000	97	1	22	8.000000	35.000000	0.791821	1.737419	3379.553530	-420.000000	0.000000	82.000000	3426.562883	1474.793397	2285.339780	0.000000	0	435.482996	18.485694	51.386440	0.245611	-453.224954	47.721026	1.276541	-422.222758	44.356949	0.000000	-420.000000	0	31.235144	0.008622	0.043419	49.553733	0.761076	-437.723856	5.196784	0.761076	17.723856	1.276541	2.222758	6.224954	1	1	0	1	0
baf	4	61.000000	97	1	22	8.000000	35.000000	0.791821	1.737419	3426.664254	-420.000000	0.000000	83.000000	3473.701837	1474.793397	2285.339780	0.000000	0	435.614151	18.582730	51.414871	0.384358	-453.274725	47.531883	1.254256	-422.416660	44.356949	0.000000	-420.000000	0	31.113574	0.121570	0.097036	49.473377	0.819307	-437.845693	5.116428	0.819307	17.845693	1.254256	2.416660	6.274725	1	1	0	1	0
baf	4	61.000000	97	1	22	8.000000	35.000000	0.791821	1.737419	3473.798076	-420.000000	0.000000	84.000000	3520.764229	1474.793397	2285.339780	0.000000	0	435.928509	18.485158	50.843533	0.829405	-453.231613	47.495130	1.323444	-422.398900	44.356949	0.000000	-420.000000	0	31.017931	0.095643	0.097572	49.169331	1.076424	-437.815256	4.812382	1.076424	17.815256	1.323444	2.398900	6.231613	1	1	0	1	0
baf	4	61.000000	97	1	22	8.000000	35.000000	0.791821	1.737419	3520.860040	-420.000000	0.000000	85.000000	3567.745352	1474.793397	2285.339780	0.000000	0	435.645556	18.516949	51.159383	0.659469	-453.143706	47.745403	1.105626	-422.416663	44.356949	0.000000	-420.000000	0	30.919338	0.098593	0.031791	49.452393	0.882548	-437.780185	5.095444	0.882548	17.780185	1.105626	2.416663	6.143706	1	1	0	1	0
baf	4	61.000000	97	1	22	8.000000	35.000000	0.791821	1.737419	3567.841163	-420.000000	0.000000	86.000000	3614.580192	1474.793397	2285.339780	0.000000	0	435.600073	18.415498	51.083305	0.531667	-453.156334	47.674893	1.139119	-422.239185	44.356949	0.000000	-420.000000	0	31.110390	0.191052	0.101451	49.379099	0.835393	-437.697760	5.022150	0.835393	17.697760	1.139119	2.239185	6.156334	1	1	0	1	0
baf	4	61.000000	97	1	22	8.000000	35.000000	0.791821	1.737419	3614.676003	-420.000000	0.000000	87.000000	3661.852598	1474.793397	2285.339780	0.000000	0	435.610767	18.424867	51.090876	0.534016	-453.152827	47.657986	1.147118	-422.264347	44.356949	0.000000	-420.000000	0	31.084704	0.025687	0.009369	49.374431	0.840567	-437.708587	5.017482	0.840567	17.708587	1.147118	2.264347	6.152827	1	1	0	1	0
baf	4	61.000000	97	1	22	8.000000	35.000000	0.791821	1.737419	3661.948408	-420.000000	0.000000	88.000000	3708.812334	1474.793397	2285.339780	0.000000	0	435.671567	18.530934	51.096561	0.498181	-453.238159	47.534927	1.141063	-422.434467	44.356949	0.000000	-420.000000	0	31.015576	0.069128	0.106066	49.315744	0.819622	-437.836313	4.958795	0.819622	17.836313	1.141063	2.434467	6.238159	1	1	0	1	0
baf	4	61.000000	97	1	22	8.000000	35.000000	0.791821	1.737419	3708.911567	-420.000000	0.000000	89.000000	3744.194780	1474.793397	2285.339780	3744.190075	0	435.766523	18.479255	  51.167081    0.563094 -453.159522	  47.353890    1.303187 -422.425162	44.356949	0.000000	-420.000000	0	30.978848	0.036728	0.051679	0
