subjName	sessionNR	IOD	trialN	textureType	texnum	visualAngle	simulatedDepth	light_intensity	ambient_intensity	time	displayDistance	isRotated	frameN	timTote	startTime	touchTime	endTime	fingersOccluded	distanceToHome	distanceToObject	indexXraw	indexYraw	indexZraw	thumbXraw	thumbYraw	thumbZraw	targetX	targetY	targetZ	failCause	gripAperture	gripApertureVel	distFromObjVel	gripOriginX	gripOriginY	gripOriginZ	distFromObjX	distFromObjY	distFromObjZ	y_dist_thm	z_dist_thm	z_dist_ind	handOnObj	handnearObj	handfarObj	handTouchObj	framesOccluded
baf	3	61.000000	79	1	35	8.000000	55.000000	0.759789	1.707895	887.617256	-420.000000	0.000000	30.000000	934.861431	0.000000	0.000000	0.000000	0	5.664411	432.438864	222.696511	-353.223887	-255.118699	226.348063	-356.789982	-247.151006	44.361221	0.000000	-420.000000	0	9.462294	0.117462	0.029041	224.522287	-355.006935	-251.134852	180.161065	355.006935	168.865148	356.789982	172.848994	211.881301	0	0	1	0	0
baf	3	61.000000	79	1	35	8.000000	55.000000	0.759789	1.707895	935.105664	-420.000000	0.000000	31.000000	981.895165	0.000000	0.000000	0.000000	0	5.682736	432.466744	222.653959	-353.218379	-255.110798	226.463112	-356.809138	-247.122160	44.361221	0.000000	-420.000000	0	9.550997	0.088704	0.027879	224.558536	-355.013758	-251.116479	180.197314	355.013758	168.883521	356.809138	172.877840	211.889202	0	0	1	0	0
baf	3	61.000000	79	1	35	8.000000	55.000000	0.759789	1.707895	981.998675	-420.000000	0.000000	32.000000	1028.895108	0.000000	0.000000	0.000000	0	5.610021	432.400091	222.576978	-353.208169	-255.089333	226.351434	-356.759773	-247.158487	44.361221	0.000000	-420.000000	0	9.474108	0.076889	0.066653	224.464206	-354.983971	-251.123910	180.102985	354.983971	168.876090	356.759773	172.841513	211.910667	0	0	1	0	0
baf	3	61.000000	79	1	35	8.000000	55.000000	0.759789	1.707895	1028.998190	-420.000000	0.000000	33.000000	1075.430112	0.000000	0.000000	0.000000	0	5.681867	432.473061	222.692550	-353.199341	-255.076960	226.465577	-356.797082	-247.102095	44.361221	0.000000	-420.000000	0	9.527746	0.053638	0.072970	224.579063	-354.998211	-251.089527	180.217842	354.998211	168.910473	356.797082	172.897905	211.923040	0	0	1	0	0
baf	3	61.000000	79	1	35	8.000000	55.000000	0.759789	1.707895	1075.528917	-420.000000	0.000000	34.000000	1123.136660	0.000000	0.000000	0.000000	0	5.576989	432.396593	222.451032	-353.166380	-255.055893	226.453189	-356.770294	-247.118326	44.361221	0.000000	-420.000000	0	9.592206	0.064460	0.076468	224.452111	-354.968337	-251.087109	180.090889	354.968337	168.912891	356.770294	172.881674	211.944107	0	0	1	0	0
baf	3	61.000000	79	1	35	8.000000	55.000000	0.759789	1.707895	1123.235465	-420.000000	0.000000	35.000000	1169.750793	0.000000	0.000000	0.000000	0	5.521838	432.385840	222.358639	-353.153569	-255.041988	226.453182	-356.775106	-247.071975	44.361221	0.000000	-420.000000	0	9.664467	0.072261	0.010753	224.405911	-354.964338	-251.056981	180.044689	354.964338	168.943019	356.775106	172.928025	211.958012	0	0	1	0	0
baf	3	61.000000	79	1	35	8.000000	55.000000	0.759789	1.707895	1169.849598	-420.000000	0.000000	36.000000	1217.305926	0.000000	0.000000	0.000000	0	5.507475	432.342873	222.329330	-353.135065	-255.042613	226.423439	-356.736135	-247.107592	44.361221	0.000000	-420.000000	0	9.627772	0.036696	0.042967	224.376384	-354.935600	-251.075103	180.015163	354.935600	168.924897	356.736135	172.892408	211.957387	0	0	1	0	0
baf	3	61.000000	79	1	35	8.000000	55.000000	0.759789	1.707895	1217.403876	-420.000000	0.000000	37.000000	1264.147183	0.000000	0.000000	0.000000	0	5.570606	432.367597	222.560425	-353.141017	-255.043793	226.351639	-356.710665	-247.108637	44.361221	0.000000	-420.000000	0	9.491175	0.136597	0.024723	224.456032	-354.925841	-251.076215	180.094811	354.925841	168.923785	356.710665	172.891363	211.956207	0	0	1	0	0
baf	3	61.000000	79	1	35	8.000000	55.000000	0.759789	1.707895	1264.245560	-420.000000	0.000000	38.000000	1311.161668	0.000000	0.000000	0.000000	0	5.634946	432.431537	222.590836	-353.165209	-255.048221	226.500552	-356.737044	-247.074360	44.361221	0.000000	-420.000000	0	9.572164	0.080990	0.063940	224.545694	-354.951127	-251.061291	180.184473	354.951127	168.938709	356.737044	172.925640	211.951779	0	0	1	0	0
baf	3	61.000000	79	1	35	8.000000	55.000000	0.759789	1.707895	1311.314795	-420.000000	0.000000	39.000000	1358.160756	0.000000	0.000000	0.000000	0	5.513629	432.358909	222.288250	-353.113394	-255.020168	226.534928	-356.728554	-247.061534	44.361221	0.000000	-420.000000	0	9.718205	0.146041	0.072628	224.411589	-354.920974	-251.040851	180.050368	354.920974	168.959149	356.728554	172.938466	211.979832	0	0	1	0	0
baf	3	61.000000	79	1	35	8.000000	55.000000	0.759789	1.707895	1358.262555	-420.000000	0.000000	40.000000	1405.386111	0.000000	0.000000	0.000000	0	5.561600	432.374750	222.429589	-353.112674	-255.013444	226.513174	-356.708724	-247.071475	44.361221	0.000000	-420.000000	0	9.627155	0.091050	0.015841	224.471382	-354.910699	-251.042460	180.110160	354.910699	168.957540	356.708724	172.928525	211.986556	0	0	1	0	0
baf	3	61.000000	79	1	35	8.000000	55.000000	0.759789	1.707895	1405.484061	-420.000000	0.000000	41.000000	1452.416851	0.000000	0.000000	0.000000	0	5.549134	432.368562	222.439307	-353.114050	-255.014280	226.479518	-356.700150	-247.061674	44.361221	0.000000	-420.000000	0	9.613915	0.013240	0.006188	224.459413	-354.907100	-251.037977	180.098191	354.907100	168.962023	356.700150	172.938326	211.985720	0	0	1	0	0
baf	3	61.000000	79	1	35	8.000000	55.000000	0.759789	1.707895	1452.515228	-420.000000	0.000000	42.000000	1499.279921	0.000000	0.000000	0.000000	0	5.527811	432.375873	222.331103	-353.084188	-255.000409	226.584089	-356.718531	-247.010146	44.361221	0.000000	-420.000000	0	9.754006	0.140091	0.007311	224.457596	-354.901359	-251.005278	180.096375	354.901359	168.994722	356.718531	172.989854	211.999591	0	0	1	0	0
baf	3	61.000000	79	1	35	8.000000	55.000000	0.759789	1.707895	1499.377443	-420.000000	0.000000	43.000000	1546.480896	0.000000	0.000000	0.000000	0	5.482970	432.303267	222.339792	-353.074051	-255.003431	226.421613	-356.659156	-247.068796	44.361221	0.000000	-420.000000	0	9.616271	0.137735	0.072606	224.380702	-354.866603	-251.036113	180.019481	354.866603	168.963887	356.659156	172.931204	211.996569	0	0	1	0	0
baf	3	61.000000	79	1	35	8.000000	55.000000	0.759789	1.707895	1546.578846	-420.000000	0.000000	44.000000	1593.433789	0.000000	0.000000	0.000000	0	5.493217	432.337062	222.311832	-353.070605	-254.999568	226.511495	-356.689580	-247.022364	44.361221	0.000000	-420.000000	0	9.714418	0.098147	0.033795	224.411663	-354.880092	-251.010966	180.050442	354.880092	168.989034	356.689580	172.977636	212.000432	0	0	1	0	0
baf	3	61.000000	79	1	35	8.000000	55.000000	0.759789	1.707895	1593.531739	-420.000000	0.000000	45.000000	1640.857182	0.000000	0.000000	0.000000	0	5.527783	432.340158	222.463401	-353.103554	-255.012806	226.413610	-356.657753	-247.052845	44.361221	0.000000	-420.000000	0	9.570657	0.143761	0.003096	224.438505	-354.880654	-251.032826	180.077284	354.880654	168.967174	356.657753	172.947155	211.987194	0	0	1	0	0
baf	3	61.000000	79	1	35	8.000000	55.000000	0.759789	1.707895	1640.954704	-420.000000	0.000000	46.000000	1687.625297	0.000000	0.000000	0.000000	0	5.537624	432.343118	222.474946	-353.089138	-255.000655	226.437907	-356.654852	-247.051682	44.361221	0.000000	-420.000000	0	9.571078	0.000421	0.002959	224.456426	-354.871995	-251.026169	180.095205	354.871995	168.973831	356.654852	172.948318	211.999345	0	0	1	0	0
baf	3	61.000000	79	1	35	8.000000	55.000000	0.759789	1.707895	1687.729235	-420.000000	0.000000	47.000000	1734.881877	0.000000	0.000000	0.000000	0	5.490448	432.282551	222.393118	-353.073769	-255.015579	226.365373	-356.625424	-247.088115	44.361221	0.000000	-420.000000	0	9.551845	0.019233	0.060567	224.379246	-354.849597	-251.051847	180.018024	354.849597	168.948153	356.625424	172.911885	211.984421	0	0	1	0	0
baf	3	61.000000	79	1	35	8.000000	55.000000	0.759789	1.707895	1734.979399	-420.000000	0.000000	48.000000	1782.000300	0.000000	0.000000	0.000000	0	5.537153	432.327339	222.414008	-353.085939	-255.026707	226.473481	-356.648251	-247.058759	44.361221	0.000000	-420.000000	0	9.625881	0.074036	0.044788	224.443744	-354.867095	-251.042733	180.082523	354.867095	168.957267	356.648251	172.941241	211.973293	0	0	1	0	0
baf	3	61.000000	79	1	35	8.000000	55.000000	0.759789	1.707895	1782.138456	-420.000000	0.000000	49.000000	1829.319756	0.000000	0.000000	0.000000	0	5.628966	432.386806	222.570391	-353.123188	-255.053686	226.541165	-356.644011	-247.035662	44.361221	0.000000	-420.000000	0	9.615194	0.010686	0.059467	224.555778	-354.883600	-251.044674	180.194557	354.883600	168.955326	356.644011	172.964338	211.946314	0	0	1	0	0
baf	3	61.000000	79	1	35	8.000000	55.000000	0.759789	1.707895	1829.426260	-420.000000	0.000000	50.000000	1876.057074	0.000000	0.000000	0.000000	0	5.639511	432.341167	222.636317	-353.110919	-255.082646	226.440552	-356.604109	-247.093721	44.361221	0.000000	-420.000000	0	9.513017	0.102177	0.045638	224.538435	-354.857514	-251.088184	180.177213	354.857514	168.911816	356.604109	172.906279	211.917354	0	0	1	0	0
baf	3	61.000000	79	1	35	8.000000	55.000000	0.759789	1.707895	1876.155451	-420.000000	0.000000	51.000000	1923.506559	0.000000	0.000000	0.000000	0	5.681158	432.403194	222.714950	-353.184116	-255.131434	226.454417	-356.637618	-247.050261	44.361221	0.000000	-420.000000	0	9.550688	0.037671	0.062026	224.584684	-354.910867	-251.090848	180.223462	354.910867	168.909152	356.637618	172.949739	211.868566	0	0	1	0	0
baf	3	61.000000	79	1	35	8.000000	55.000000	0.759789	1.707895	1923.604508	-420.000000	0.000000	52.000000	1970.576649	0.000000	0.000000	0.000000	0	5.671332	432.401179	222.659669	-353.149957	-255.087637	226.524903	-356.635283	-247.043923	44.361221	0.000000	-420.000000	0	9.580650	0.029962	0.002015	224.592286	-354.892620	-251.065780	180.231065	354.892620	168.934220	356.635283	172.956077	211.912363	0	0	1	0	0
baf	3	61.000000	79	1	35	8.000000	55.000000	0.759789	1.707895	1970.674598	-420.000000	0.000000	53.000000	2017.409778	0.000000	0.000000	0.000000	0	6.045643	432.417502	223.387365	-352.815314	-255.005750	226.763444	-356.495587	-247.078333	44.361221	0.000000	-420.000000	0	9.369432	0.211218	0.016324	225.075405	-354.655450	-251.042042	180.714183	354.655450	168.957958	356.495587	172.921667	211.994250	0	0	1	0	0
baf	3	61.000000	79	1	35	8.000000	55.000000	0.759789	1.707895	2017.507300	-420.000000	0.000000	54.000000	2064.606904	0.000000	0.000000	0.000000	0	8.326692	431.828226	225.683183	-351.227472	-255.585701	228.771894	-355.003109	-247.694125	44.361221	0.000000	-420.000000	0	9.277529	0.091903	0.589276	227.227539	-353.115290	-251.639913	182.866317	353.115290	168.360087	355.003109	172.305875	211.414299	0	0	1	0	0
baf	3	61.000000	79	1	35	8.000000	55.000000	0.759789	1.707895	2064.705709	-420.000000	0.000000	55.000000	2112.556829	2100.944892	0.000000	0.000000	0	14.475283	428.867296	230.029014	-346.653729	-257.122008	233.220967	-349.276301	-249.532606	44.361221	0.000000	-420.000000	0	8.640919	0.636611	2.960931	231.624991	-347.965015	-253.327307	187.263769	347.965015	166.672693	349.276301	170.467394	209.877992	0	0	1	0	0
baf	3	61.000000	79	1	35	8.000000	55.000000	0.759789	1.707895	2112.670604	-420.000000	0.000000	56.000000	2159.456684	2100.944892	0.000000	0.000000	0	24.627682	421.999817	235.422311	-337.195509	-261.643460	237.288413	-339.671682	-251.646899	44.361221	0.000000	-420.000000	0	10.466375	1.825456	6.867478	236.355362	-338.433595	-256.645180	191.994141	338.433595	163.354820	339.671682	168.353101	205.356540	0	0	1	0	0
baf	3	61.000000	79	1	35	8.000000	55.000000	0.759789	1.707895	2159.561477	-420.000000	0.000000	57.000000	2206.637983	2100.944892	0.000000	0.000000	0	40.097097	408.859088	239.033784	-320.433790	-266.208343	239.890481	-322.975526	-253.744777	44.361221	0.000000	-420.000000	0	12.748914	2.282540	13.140729	239.462132	-321.704658	-259.976560	195.100911	321.704658	160.023440	322.975526	166.255223	200.791657	0	0	1	0	0
baf	3	61.000000	79	1	35	8.000000	55.000000	0.759789	1.707895	2206.737216	-420.000000	0.000000	58.000000	2253.530567	2100.944892	0.000000	0.000000	0	61.991252	388.166884	238.629647	-296.402510	-271.555734	238.587496	-299.120186	-256.805526	44.361221	0.000000	-420.000000	0	14.998539	2.249625	20.692204	238.608571	-297.761348	-264.180630	194.247350	297.761348	155.819370	299.120186	163.194474	195.444266	0	0	1	0	0
baf	3	61.000000	79	1	35	8.000000	55.000000	0.759789	1.707895	2253.637926	-420.000000	0.000000	59.000000	2300.841468	2100.944892	0.000000	0.000000	0	89.963047	360.759193	234.750991	-267.520374	-280.936333	232.496709	-270.298702	-262.317899	44.361221	0.000000	-420.000000	0	18.959087	3.960547	27.407691	233.623850	-268.909538	-271.627116	189.262629	268.909538	148.372884	270.298702	157.682101	186.063667	0	0	1	0	0
baf	3	61.000000	79	1	35	8.000000	55.000000	0.759789	1.707895	2300.947972	-420.000000	0.000000	60.000000	2347.600173	2100.944892	0.000000	0.000000	0	123.502329	327.128980	226.437574	-234.673068	-293.917376	221.610266	-237.283168	-270.046305	44.361221	0.000000	-420.000000	0	24.493745	5.534658	33.630212	224.023920	-235.978118	-281.981840	179.662699	235.978118	138.018160	237.283168	149.953695	173.082624	0	0	1	0	0
baf	3	61.000000	79	1	35	8.000000	55.000000	0.759789	1.707895	2347.699833	-420.000000	0.000000	61.000000	2394.615086	2100.944892	0.000000	0.000000	0	161.566712	288.996744	216.431355	-199.642781	-311.090933	205.300578	-200.887496	-278.396293	44.361221	0.000000	-420.000000	0	34.559847	10.066102	38.132236	210.865966	-200.265138	-294.743613	166.504745	200.265138	125.256387	200.887496	141.603707	155.909067	0	0	1	0	0
baf	3	61.000000	79	1	35	8.000000	55.000000	0.759789	1.707895	2394.714747	-420.000000	0.000000	62.000000	2441.111594	2100.944892	0.000000	0.000000	0	201.681647	249.676577	204.827564	-163.171314	-327.929494	187.049534	-163.812055	-287.275702	44.361221	0.000000	-420.000000	0	44.375666	9.815819	39.320167	195.938549	-163.491685	-307.602598	151.577328	163.491685	112.397402	163.812055	132.724298	139.070506	0	0	0	0	0
baf	3	61.000000	79	1	35	8.000000	55.000000	0.759789	1.707895	2441.209972	-420.000000	0.000000	63.000000	2488.726181	2100.944892	0.000000	0.000000	0	240.823812	210.513186	190.345362	-128.662991	-346.102686	166.912321	-129.985367	-298.313422	44.361221	0.000000	-420.000000	0	53.241618	8.865953	39.163391	178.628841	-129.324179	-322.208054	134.267620	129.324179	97.791946	129.985367	121.686578	120.897314	0	0	0	0	0
baf	3	61.000000	79	1	35	8.000000	55.000000	0.759789	1.707895	2488.824131	-420.000000	0.000000	64.000000	2535.638868	2100.944892	0.000000	0.000000	0	277.915686	172.329862	173.658611	-98.414145	-365.848733	143.901543	-98.846057	-308.283732	44.361221	0.000000	-420.000000	0	64.802770	11.561152	38.183325	158.780077	-98.630101	-337.066233	114.418856	98.630101	82.933767	98.846057	111.716268	101.151267	0	0	0	0	0
baf	3	61.000000	79	1	35	8.000000	55.000000	0.759789	1.707895	2535.738101	-420.000000	0.000000	65.000000	2582.387736	2100.944892	0.000000	0.000000	0	311.858224	136.307080	156.625406	-73.201653	-387.162322	119.812440	-72.052961	-318.738815	44.361221	0.000000	-420.000000	0	77.706436	12.903667	36.022782	138.218923	-72.627307	-352.950569	93.857702	72.627307	67.049431	72.052961	101.261185	79.837678	0	0	0	0	0
baf	3	61.000000	79	1	35	8.000000	55.000000	0.759789	1.707895	2582.486968	-420.000000	0.000000	66.000000	2629.459965	2100.944892	0.000000	0.000000	0	343.048951	104.266470	141.647677	-50.234277	-405.375839	98.196440	-48.000560	-329.752128	44.361221	0.000000	-420.000000	0	87.246462	9.540026	32.040610	119.922059	-49.117418	-367.563984	75.560837	49.117418	52.436016	48.000560	90.247872	61.624161	0	0	0	0	0
baf	3	61.000000	79	1	35	8.000000	55.000000	0.759789	1.707895	2629.558342	-420.000000	0.000000	67.000000	2676.464185	2100.944892	0.000000	0.000000	0	370.716996	76.871241	128.855542	-30.051187	-422.063808	80.538966	-27.733636	-342.200350	44.361221	0.000000	-420.000000	0	93.370415	6.123953	27.395228	104.697254	-28.892411	-382.132079	60.336033	28.892411	37.867921	27.733636	77.799650	44.936192	0	0	0	0	0
baf	3	61.000000	79	1	35	8.000000	55.000000	0.759789	1.707895	2676.562990	-420.000000	0.000000	68.000000	2723.305441	2100.944892	0.000000	0.000000	0	393.610821	55.093757	117.917025	-14.729021	-436.871587	65.788674	-11.051670	-353.582220	44.361221	0.000000	-420.000000	0	98.326022	4.955607	21.777484	91.852849	-12.890345	-395.226904	47.491628	12.890345	24.773096	11.051670	66.417780	30.128413	0	0	0	0	0
baf	3	61.000000	79	1	35	8.000000	55.000000	0.759789	1.707895	2723.509467	-420.000000	0.000000	69.000000	2770.517109	2100.944892	0.000000	0.000000	0	411.003738	39.257537	107.866020	-3.675169	-448.295846	54.521520	0.022697	-364.783348	44.361221	0.000000	-420.000000	0	99.164747	0.838725	15.836219	81.193770	-1.826236	-406.539597	36.832549	1.826236	13.460403	0.022697	55.216652	18.704154	0	0	0	0	0
baf	3	61.000000	79	1	35	8.000000	55.000000	0.759789	1.707895	2770.619336	-420.000000	0.000000	70.000000	2817.838703	2100.944892	0.000000	0.000000	0	423.237270	29.500293	100.171808	3.354692	-456.267818	45.720307	7.269885	-373.741381	44.361221	0.000000	-420.000000	0	98.949015	0.215733	9.757244	72.946058	5.312289	-415.004599	28.584836	5.312289	4.995401	7.269885	46.258619	10.732182	0	0	0	0	0
baf	3	61.000000	79	1	35	8.000000	55.000000	0.759789	1.707895	2817.941358	-420.000000	0.000000	71.000000	2865.191949	2100.944892	0.000000	0.000000	0	431.311682	22.877727	92.636099	7.249405	-461.535007	38.183912	10.578063	-380.345880	44.361221	0.000000	-420.000000	0	97.815106	1.133909	6.622566	65.410005	8.913734	-420.940443	21.048784	8.913734	0.940443	10.578063	39.654120	5.464993	0	0	0	0	0
baf	3	61.000000	79	1	35	8.000000	55.000000	0.759789	1.707895	2865.289471	-420.000000	0.000000	72.000000	2911.714121	2100.944892	0.000000	0.000000	0	436.002890	20.650297	87.512809	8.029890	-464.979664	34.980479	12.550276	-386.925202	44.361221	0.000000	-420.000000	0	94.194366	3.620740	2.227430	61.246644	10.290083	-425.952433	16.885423	10.290083	5.952433	12.550276	33.074798	2.020336	0	0	0	0	0
baf	3	61.000000	79	1	35	8.000000	55.000000	0.759789	1.707895	2911.812498	-420.000000	0.000000	73.000000	2958.989093	2100.944892	0.000000	0.000000	0	438.599006	20.418242	83.713785	8.078096	-467.205634	33.640395	11.860143	-394.014844	44.361221	0.000000	-420.000000	0	88.761140	5.433226	0.232055	58.677090	9.969119	-430.610239	14.315869	9.969119	10.610239	11.860143	25.985156	0.205634	0	1	0	0	0
baf	3	61.000000	79	1	35	8.000000	55.000000	0.759789	1.707895	2959.085759	-420.000000	0.000000	74.000000	3006.200333	2100.944892	0.000000	0.000000	0	439.312788	21.731860	81.045050	6.125594	-468.964881	34.341521	10.050293	-401.308207	44.361221	0.000000	-420.000000	0	82.304607	6.456533	1.313618	57.693286	8.087944	-435.136544	13.332065	8.087944	15.136544	10.050293	18.691793	1.964881	0	1	0	0	0
baf	3	61.000000	79	1	35	8.000000	55.000000	0.759789	1.707895	3006.298282	-420.000000	0.000000	75.000000	3053.121146	2100.944892	3041.595183	0.000000	0	439.261878	24.733932	78.441673	3.360081	-472.115705	36.084685	6.658676	-408.882491	44.361221	0.000000	-420.000000	0	76.180277	6.124330	3.002072	57.263179	5.009379	-440.499098	12.901958	5.009379	20.499098	6.658676	11.117509	5.115705	0	1	0	1	0
baf	3	61.000000	79	1	35	8.000000	55.000000	0.759789	1.707895	3053.219524	-420.000000	0.000000	76.000000	3099.719026	2100.944892	3041.595183	0.000000	0	438.585577	28.936638	76.286529	1.561677	-475.406396	38.206180	0.900390	-416.354087	44.361221	0.000000	-420.000000	0	70.268950	5.911327	4.202705	57.246354	1.231034	-445.880241	12.885133	1.231034	25.880241	0.900390	3.645913	8.406396	0	1	0	1	0
baf	3	61.000000	79	1	35	8.000000	55.000000	0.759789	1.707895	3099.821681	-420.000000	0.000000	77.000000	3147.023939	2100.944892	3041.595183	0.000000	0	438.702744	32.235271	76.308560	1.344799	-478.282208	39.997494	-1.427335	-419.989468	44.361221	0.000000	-420.000000	0	68.732975	1.535975	3.298633	58.153027	-0.041268	-449.135838	13.791806	0.041268	29.135838	1.427335	0.010532	11.282208	0	1	0	1	0
baf	3	61.000000	79	1	35	8.000000	55.000000	0.759789	1.707895	3147.124454	-420.000000	0.000000	78.000000	3193.971699	2100.944892	3041.595183	0.000000	0	439.753921	31.961888	73.785645	-0.196060	-479.216470	38.217026	0.022124	-420.317133	44.361221	0.000000	-420.000000	0	68.806295	0.073321	0.273383	56.001335	-0.086968	-449.766802	11.640114	0.086968	29.766802	0.022124	0.317133	12.216470	0	1	0	1	0
baf	3	61.000000	79	1	35	8.000000	55.000000	0.759789	1.707895	3194.070504	-420.000000	0.000000	79.000000	3240.761200	2100.944892	3041.595183	0.000000	0	441.386909	31.676789	70.043753	2.184148	-478.542996	39.098568	0.142809	-421.384374	44.361221	0.000000	-420.000000	0	65.029836	3.776460	0.285099	54.571160	1.163478	-449.963685	10.209939	1.163478	29.963685	0.142809	1.384374	11.542996	0	1	0	1	0
baf	3	61.000000	79	1	35	8.000000	55.000000	0.759789	1.707895	3240.864710	-420.000000	0.000000	80.000000	3287.685863	2100.944892	3041.595183	0.000000	0	442.444918	29.110451	63.509595	3.940771	-474.669410	39.982473	0.504083	-421.471260	44.361221	0.000000	-420.000000	0	58.269885	6.759951	2.566338	51.746034	2.222427	-448.070335	7.384813	2.222427	28.070335	0.504083	1.471260	7.669410	1	1	0	1	0
baf	3	61.000000	79	1	35	8.000000	55.000000	0.759789	1.707895	3287.787663	-420.000000	0.000000	81.000000	3335.415937	2100.944892	3041.595183	0.000000	0	442.260270	25.271844	55.412098	2.389831	-468.237029	41.047739	1.793309	-421.535439	44.361221	0.000000	-420.000000	0	48.864395	9.405489	3.838606	48.229919	2.091570	-444.886234	3.868697	2.091570	24.886234	1.793309	1.535439	1.237029	1	1	0	1	0
baf	3	61.000000	79	1	35	8.000000	55.000000	0.759789	1.707895	3335.514314	-420.000000	0.000000	82.000000	3382.132725	2100.944892	3041.595183	0.000000	0	441.891208	25.252410	56.039787	2.924156	-467.153570	42.851718	1.802937	-422.090534	44.361221	0.000000	-420.000000	0	46.966579	1.897817	0.019434	49.445753	2.363547	-444.622052	5.084532	2.363547	24.622052	1.802937	2.090534	0.153570	1	1	0	1	0
baf	3	61.000000	79	1	35	8.000000	55.000000	0.759789	1.707895	3382.230674	-420.000000	0.000000	83.000000	3429.331989	2100.944892	3041.595183	0.000000	0	441.272713	25.340794	56.326667	3.056066	-466.739960	44.709721	1.314558	-422.228272	44.361221	0.000000	-420.000000	0	46.035603	0.930976	0.088384	50.518194	2.185312	-444.484116	6.156973	2.185312	24.484116	1.314558	2.228272	0.260040	1	1	0	1	0
baf	3	61.000000	79	1	35	8.000000	55.000000	0.759789	1.707895	3429.429510	-420.000000	0.000000	84.000000	3476.207035	2100.944892	3041.595183	0.000000	0	440.755600	25.533279	57.045843	2.571200	-466.818573	45.506937	1.215432	-422.193431	44.361221	0.000000	-420.000000	0	46.112771	0.077168	0.192485	51.276390	1.893316	-444.506002	6.915169	1.893316	24.506002	1.215432	2.193431	0.181427	1	1	0	1	0
baf	3	61.000000	79	1	35	8.000000	55.000000	0.759789	1.707895	3476.305413	-420.000000	0.000000	85.000000	3523.617169	2100.944892	3041.595183	0.000000	0	440.109855	26.302198	58.001553	2.103833	-467.292554	47.040645	0.754837	-422.634553	44.361221	0.000000	-420.000000	0	46.003243	0.109528	0.768919	52.521099	1.429335	-444.963554	8.159878	1.429335	24.963554	0.754837	2.634553	0.292554	1	1	0	1	0
baf	3	61.000000	79	1	35	8.000000	55.000000	0.759789	1.707895	3523.713835	-420.000000	0.000000	86.000000	3570.502481	2100.944892	3041.595183	0.000000	0	441.020727	27.449609	56.646356	1.904232	-470.322395	46.586393	0.711714	-422.559850	44.361221	0.000000	-420.000000	0	48.825052	2.821809	1.147411	51.616375	1.307973	-446.441123	7.255153	1.307973	26.441123	0.711714	2.559850	3.322395	1	1	0	1	0
baf	3	61.000000	79	1	35	8.000000	55.000000	0.759789	1.707895	3570.600858	-420.000000	0.000000	87.000000	3617.722704	2100.944892	3041.595183	0.000000	0	440.777038	28.526269	56.452360	0.593388	-471.969964	47.080934	0.323194	-423.118971	44.361221	0.000000	-420.000000	0	49.742499	0.917447	1.076661	51.766647	0.458291	-447.544467	7.405426	0.458291	27.544467	0.323194	3.118971	4.969964	1	1	0	1	0
baf	3	61.000000	79	1	35	8.000000	55.000000	0.759789	1.707895	3617.828780	-420.000000	0.000000	88.000000	3664.678163	2100.944892	3041.595183	0.000000	0	441.031247	28.875381	55.540513	-0.094786	-472.717893	46.701539	0.434213	-423.427057	44.361221	0.000000	-420.000000	0	50.079874	0.337375	0.349111	51.121026	0.169713	-448.072475	6.759805	0.169713	28.072475	0.434213	3.427057	5.717893	1	1	0	1	0
baf	3	61.000000	79	1	35	8.000000	55.000000	0.759789	1.707895	3664.780390	-420.000000	0.000000	89.000000	3711.723445	2100.944892	3041.595183	0.000000	0	440.765719	28.703745	55.214905	-0.350757	-472.356284	46.838732	0.113663	-423.481365	44.361221	0.000000	-420.000000	0	49.589652	0.490221	0.171635	51.026818	-0.118547	-447.918824	6.665597	0.118547	27.918824	0.113663	3.481365	5.356284	1	1	0	1	0
baf	3	61.000000	79	1	35	8.000000	55.000000	0.759789	1.707895	3711.830377	-420.000000	0.000000	90.000000	3758.755468	2100.944892	3041.595183	0.000000	0	440.404937	28.729827	54.968535	-0.894231	-472.089281	47.233322	-0.174332	-423.756715	44.361221	0.000000	-420.000000	0	48.952923	0.636730	0.026081	51.100929	-0.534282	-447.922998	6.739708	0.534282	27.922998	0.174332	3.756715	5.089281	1	1	0	1	0
baf	3	61.000000	79	1	35	8.000000	55.000000	0.759789	1.707895	3758.856412	-420.000000	0.000000	91.000000	3805.675854	2100.944892	3041.595183	0.000000	0	440.361256	28.690814	55.045463	-0.517328	-471.773837	47.594439	-0.346777	-423.887720	44.361221	0.000000	-420.000000	0	48.462636	0.490287	0.039012	51.319951	-0.432052	-447.830778	6.958730	0.432052	27.830778	0.346777	3.887720	4.773837	1	1	0	1	0
baf	3	61.000000	79	1	35	8.000000	55.000000	0.759789	1.707895	3805.773376	-420.000000	0.000000	92.000000	3852.787434	2100.944892	3041.595183	0.000000	0	440.340072	28.682722	55.072875	-0.319178	-471.739763	47.645365	-0.539807	-423.885536	44.361221	0.000000	-420.000000	0	48.427716	0.034921	0.008093	51.359120	-0.429493	-447.812649	6.997899	0.429493	27.812649	0.539807	3.885536	4.739763	1	1	0	1	0
baf	3	61.000000	79	1	35	8.000000	55.000000	0.759789	1.707895	3852.885383	-420.000000	0.000000	93.000000	3900.057273	2100.944892	3041.595183	0.000000	0	440.475544	28.643460	55.166325	-0.239044	-471.607636	47.488704	-0.278793	-423.956796	44.361221	0.000000	-420.000000	0	48.265412	0.162303	0.039262	51.327514	-0.258918	-447.782216	6.966293	0.258918	27.782216	0.278793	3.956796	4.607636	1	1	0	1	0
baf	3	61.000000	79	1	35	8.000000	55.000000	0.759789	1.707895	3900.155650	-420.000000	0.000000	94.000000	3947.131213	2100.944892	3041.595183	0.000000	0	440.882577	28.842939	55.092366	0.309213	-471.586883	47.674287	0.020738	-424.362307	44.361221	0.000000	-420.000000	0	47.804515	0.460897	0.199479	51.383327	0.164976	-447.974595	7.022105	0.164976	27.974595	0.020738	4.362307	4.586883	1	1	0	1	0
baf	3	61.000000	79	1	35	8.000000	55.000000	0.759789	1.707895	3947.229590	-420.000000	0.000000	95.000000	3994.099932	2100.944892	3041.595183	0.000000	0	441.111505	28.847605	55.060626	0.537867	-471.555078	47.471810	0.213745	-424.457925	44.361221	0.000000	-420.000000	0	47.705734	0.098781	0.004666	51.266218	0.375806	-448.006501	6.904996	0.375806	28.006501	0.213745	4.457925	4.555078	1	1	0	1	0
baf	3	61.000000	79	1	35	8.000000	55.000000	0.759789	1.707895	3994.197881	-420.000000	0.000000	96.000000	4041.007486	2100.944892	3041.595183	0.000000	0	440.963286	28.822573	55.242853	0.531723	-471.424518	47.537715	0.032182	-424.477306	44.361221	0.000000	-420.000000	0	47.577930	0.127804	0.025032	51.390284	0.281952	-447.950912	7.029063	0.281952	27.950912	0.032182	4.477306	4.424518	1	1	0	1	0
baf	3	61.000000	79	1	35	8.000000	55.000000	0.759789	1.707895	4041.103724	-420.000000	0.000000	97.000000	4088.030526	2100.944892	3041.595183	0.000000	0	440.773177	28.824490	55.373562	0.533145	-471.307659	47.784615	-0.211290	-424.503728	44.361221	0.000000	-420.000000	0	47.421032	0.156898	0.001918	51.579089	0.160928	-447.905694	7.217867	0.160928	27.905694	0.211290	4.503728	4.307659	1	1	0	1	0
baf	3	61.000000	79	1	35	8.000000	55.000000	0.759789	1.707895	4088.139596	-420.000000	0.000000	98.000000	4135.272990	2100.944892	3041.595183	0.000000	0	440.821487	28.798787	55.337526	0.543431	-471.310509	47.719150	-0.134210	-424.473385	44.361221	0.000000	-420.000000	0	47.457508	0.036476	0.025703	51.528338	0.204611	-447.891947	7.167117	0.204611	27.891947	0.134210	4.473385	4.310509	1	1	0	1	0
baf	3	61.000000	79	1	35	8.000000	55.000000	0.759789	1.707895	4135.377784	-420.000000	0.000000	99.000000	4182.137772	2100.944892	3041.595183	0.000000	0	440.909044	28.795468	55.442482	0.704446	-471.242125	47.678872	-0.032238	-424.515702	44.361221	0.000000	-420.000000	0	47.372724	0.084785	0.003319	51.560677	0.336104	-447.878914	7.199456	0.336104	27.878914	0.032238	4.515702	4.242125	1	1	0	1	0
baf	3	61.000000	79	1	35	8.000000	55.000000	0.759789	1.707895	4182.241282	-420.000000	0.000000	100.000000	4229.370398	2100.944892	3041.595183	0.000000	0	440.940688	28.702887	55.442561	0.946516	-471.123778	47.639838	-0.110772	-424.450641	44.361221	0.000000	-420.000000	0	47.332674	0.040050	0.092581	51.541200	0.417872	-447.787209	7.179978	0.417872	27.787209	0.110772	4.450641	4.123778	1	1	0	1	0
baf	3	61.000000	79	1	35	8.000000	55.000000	0.759789	1.707895	4229.473053	-420.000000	0.000000	101.000000	4276.448188	2100.944892	3041.595183	0.000000	0	440.816367	28.703378	55.279149	0.927600	-471.125304	47.779134	-0.418492	-424.460307	44.361221	0.000000	-420.000000	0	47.283022	0.049652	0.000491	51.529141	0.254554	-447.792805	7.167920	0.254554	27.792805	0.418492	4.460307	4.125304	1	1	0	1	0
baf	3	61.000000	79	1	35	8.000000	55.000000	0.759789	1.707895	4276.549559	-420.000000	0.000000	102.000000	4323.318102	2100.944892	3041.595183	0.000000	0	440.776660	28.641756	55.339783	0.878288	-471.085800	47.794147	-0.348992	-424.352722	44.361221	0.000000	-420.000000	0	47.354234	0.071212	0.061622	51.566965	0.264648	-447.719261	7.205744	0.264648	27.719261	0.348992	4.352722	4.085800	1	1	0	1	0
baf	3	61.000000	79	1	35	8.000000	55.000000	0.759789	1.707895	4323.416051	-420.000000	0.000000	103.000000	4370.613605	2100.944892	3041.595183	0.000000	0	440.837255	28.725477	55.334746	0.883153	-471.169025	47.839091	-0.275602	-424.431336	44.361221	0.000000	-420.000000	0	47.349119	0.005114	0.083721	51.586918	0.303775	-447.800181	7.225697	0.303775	27.800181	0.275602	4.431336	4.169025	1	1	0	1	0
baf	3	61.000000	79	1	35	8.000000	55.000000	0.759789	1.707895	4370.711126	-420.000000	0.000000	104.000000	4417.523725	2100.944892	3041.595183	0.000000	0	440.922106	28.678218	55.413566	0.917685	-471.149368	47.596018	-0.145046	-424.393780	44.361221	0.000000	-420.000000	0	47.416543	0.067423	0.047259	51.504792	0.386319	-447.771574	7.143571	0.386319	27.771574	0.145046	4.393780	4.149368	1	1	0	1	0
baf	3	61.000000	79	1	35	8.000000	55.000000	0.759789	1.707895	4417.626807	-420.000000	0.000000	105.000000	4464.728122	2100.944892	3041.595183	0.000000	0	440.937694	28.829954	55.375573	0.996045	-471.181794	47.836660	-0.235800	-424.622624	44.361221	0.000000	-420.000000	0	47.181660	0.234883	0.151737	51.606117	0.380123	-447.902209	7.244895	0.380123	27.902209	0.235800	4.622624	4.181794	1	1	0	1	0
baf	3	61.000000	79	1	35	8.000000	55.000000	0.759789	1.707895	4464.826071	-420.000000	0.000000	106.000000	4511.799495	2100.944892	3041.595183	0.000000	0	440.945888	28.757360	55.363763	1.073604	-471.175082	47.756850	-0.264899	-424.502398	44.361221	0.000000	-420.000000	0	47.307464	0.125804	0.072594	51.560306	0.404353	-447.838740	7.199085	0.404353	27.838740	0.264899	4.502398	4.175082	1	1	0	1	0
baf	3	61.000000	79	1	35	8.000000	55.000000	0.759789	1.707895	4511.897017	-420.000000	0.000000	107.000000	4558.842211	2100.944892	3041.595183	0.000000	0	441.097575	28.724386	55.451653	1.385558	-471.002385	47.865975	-0.033341	-424.545014	44.361221	0.000000	-420.000000	0	47.093982	0.213482	0.032974	51.658814	0.676108	-447.773700	7.297593	0.676108	27.773700	0.033341	4.545014	4.002385	1	1	0	1	0
baf	3	61.000000	79	1	35	8.000000	55.000000	0.759789	1.707895	4558.940588	-420.000000	0.000000	108.000000	4605.757036	2100.944892	3041.595183	0.000000	0	441.063555	28.742618	55.758460	1.456506	-470.833068	47.908333	0.009301	-424.656301	44.361221	0.000000	-420.000000	0	46.861634	0.232348	0.018231	51.833397	0.732903	-447.744685	7.472175	0.732903	27.744685	0.009301	4.656301	3.833068	1	1	0	1	0
baf	3	61.000000	79	1	35	8.000000	55.000000	0.759789	1.707895	4605.855414	-420.000000	0.000000	109.000000	4652.921655	2100.944892	3041.595183	0.000000	0	441.168259	28.762324	55.474501	1.529666	-470.948648	47.810300	-0.064905	-424.682973	44.361221	0.000000	-420.000000	0	46.923292	0.061658	0.019706	51.642400	0.732381	-447.815811	7.281179	0.732381	27.815811	0.064905	4.682973	3.948648	1	1	0	1	0
baf	3	61.000000	79	1	35	8.000000	55.000000	0.759789	1.707895	4653.020459	-420.000000	0.000000	110.000000	4700.149576	2100.944892	3041.595183	0.000000	0	441.224824	28.830059	55.269512	1.559076	-471.050737	47.788396	-0.174561	-424.781753	44.361221	0.000000	-420.000000	0	46.901934	0.021358	0.067736	51.528954	0.692257	-447.916245	7.167733	0.692257	27.916245	0.174561	4.781753	4.050737	1	1	0	1	0
baf	3	61.000000	79	1	35	8.000000	55.000000	0.759789	1.707895	4700.306980	-420.000000	0.000000	111.000000	4735.550414	2100.944892	3041.595183	4735.545709	0	441.092947	28.814164	  55.204151    1.406786 -471.081935	  47.789155   -0.375670 -424.741927	44.361221	0.000000	-420.000000	0	46.963344	0.061409	0.015895	0
