subjName	sessionNR	IOD	trialN	textureType	texnum	visualAngle	simulatedDepth	light_intensity	ambient_intensity	time	displayDistance	isRotated	frameN	timTote	startTime	touchTime	endTime	fingersOccluded	distanceToHome	distanceToObject	indexXraw	indexYraw	indexZraw	thumbXraw	thumbYraw	thumbZraw	targetX	targetY	targetZ	failCause	gripAperture	gripApertureVel	distFromObjVel	gripOriginX	gripOriginY	gripOriginZ	distFromObjX	distFromObjY	distFromObjZ	y_dist_thm	z_dist_thm	z_dist_ind	handOnObj	handnearObj	handfarObj	handTouchObj	framesOccluded
at	1	62.500000	8	1	31	8.000000	55.000000	0.720380	1.754900	878.160022	-420.000000	0.000000	30.000000	925.631726	0.000000	0.000000	0.000000	0	8.339237	433.165591	230.930123	-354.769306	-256.167192	233.881367	-351.484762	-251.098449	44.640762	0.000000	-420.000000	0	6.722368	0.166601	0.112845	232.405745	-353.127034	-253.632821	187.764982	353.127034	166.367179	351.484762	168.901551	210.832808	0	0	1	0	0
at	1	62.500000	8	1	31	8.000000	55.000000	0.720380	1.754900	925.839176	-420.000000	0.000000	31.000000	972.868607	0.000000	0.000000	0.000000	0	8.360803	433.179078	230.927926	-354.805525	-256.215205	233.829591	-351.550674	-251.136099	44.640762	0.000000	-420.000000	0	6.694104	0.028263	0.013487	232.378758	-353.178100	-253.675652	187.737996	353.178100	166.324348	351.550674	168.863901	210.784795	0	0	1	0	0
at	1	62.500000	8	1	31	8.000000	55.000000	0.720380	1.754900	972.976823	-420.000000	0.000000	32.000000	1019.294509	0.000000	0.000000	0.000000	0	8.361759	433.165573	230.850341	-354.797780	-256.215026	233.850288	-351.566816	-251.160249	44.640762	0.000000	-420.000000	0	6.707427	0.013323	0.013505	232.350315	-353.182298	-253.687637	187.709552	353.182298	166.312363	351.566816	168.839751	210.784974	0	0	1	0	0
at	1	62.500000	8	1	31	8.000000	55.000000	0.720380	1.754900	1019.396737	-420.000000	0.000000	33.000000	1066.580151	0.000000	0.000000	0.000000	0	8.328911	433.094747	230.622106	-354.791041	-256.201447	233.804969	-351.554917	-251.194519	44.640762	0.000000	-420.000000	0	6.758139	0.050712	0.070826	232.213537	-353.172979	-253.697983	187.572775	353.172979	166.302017	351.554917	168.805481	210.798553	0	0	1	0	0
at	1	62.500000	8	1	31	8.000000	55.000000	0.720380	1.754900	1066.677674	-420.000000	0.000000	34.000000	1113.518903	0.000000	0.000000	0.000000	0	8.376903	433.164942	230.941063	-354.815523	-256.216073	233.744024	-351.576094	-251.202331	44.640762	0.000000	-420.000000	0	6.594551	0.163589	0.070196	232.342544	-353.195809	-253.709202	187.701781	353.195809	166.290798	351.576094	168.797669	210.783927	0	0	1	0	0
at	1	62.500000	8	1	31	8.000000	55.000000	0.720380	1.754900	1113.615570	-420.000000	0.000000	35.000000	1160.669809	0.000000	0.000000	0.000000	0	8.373202	433.239415	231.004952	-354.832127	-256.217816	233.928957	-351.564041	-251.103205	44.640762	0.000000	-420.000000	0	6.737168	0.142618	0.074472	232.466954	-353.198084	-253.660511	187.826192	353.198084	166.339489	351.564041	168.896795	210.782184	0	0	1	0	0
at	1	62.500000	8	1	31	8.000000	55.000000	0.720380	1.754900	1160.771609	-420.000000	0.000000	36.000000	1208.322444	0.000000	0.000000	0.000000	0	8.376320	433.228744	230.970597	-354.814811	-256.219136	233.975727	-351.546532	-251.097543	44.640762	0.000000	-420.000000	0	6.778140	0.040971	0.010670	232.473162	-353.180671	-253.658340	187.832400	353.180671	166.341660	351.546532	168.902457	210.780864	0	0	1	0	0
at	1	62.500000	8	1	31	8.000000	55.000000	0.720380	1.754900	1208.423816	-420.000000	0.000000	37.000000	1255.032788	0.000000	0.000000	0.000000	0	8.325988	433.138324	230.686070	-354.803932	-256.226619	233.838842	-351.581759	-251.137113	44.640762	0.000000	-420.000000	0	6.798929	0.020790	0.090421	232.262456	-353.192845	-253.681866	187.621694	353.192845	166.318134	351.581759	168.862887	210.773381	0	0	1	0	0
at	1	62.500000	8	1	31	8.000000	55.000000	0.720380	1.754900	1255.129455	-420.000000	0.000000	38.000000	1302.184977	0.000000	0.000000	0.000000	0	8.319482	433.113199	230.596872	-354.808663	-256.215702	233.839694	-351.569286	-251.162801	44.640762	0.000000	-420.000000	0	6.822116	0.023186	0.025125	232.218283	-353.188975	-253.689252	187.577521	353.188975	166.310748	351.569286	168.837199	210.784298	0	0	1	0	0
at	1	62.500000	8	1	31	8.000000	55.000000	0.720380	1.754900	1302.337249	-420.000000	0.000000	39.000000	1349.499705	0.000000	0.000000	0.000000	0	8.348788	433.157648	230.777980	-354.814857	-256.243267	233.841925	-351.575728	-251.137380	44.640762	0.000000	-420.000000	0	6.778628	0.043488	0.044449	232.309952	-353.195292	-253.690324	187.669190	353.195292	166.309676	351.575728	168.862620	210.756733	0	0	1	0	0
at	1	62.500000	8	1	31	8.000000	55.000000	0.720380	1.754900	1349.599366	-420.000000	0.000000	40.000000	1395.985917	0.000000	0.000000	0.000000	0	8.351952	433.118432	230.776074	-354.799112	-256.260767	233.726586	-351.578766	-251.164885	44.640762	0.000000	-420.000000	0	6.711496	0.067132	0.039216	232.251330	-353.188939	-253.712826	187.610568	353.188939	166.287174	351.578766	168.835115	210.739233	0	0	1	0	0
at	1	62.500000	8	1	31	8.000000	55.000000	0.720380	1.754900	1396.086862	-420.000000	0.000000	41.000000	1443.654806	0.000000	0.000000	0.000000	0	8.365572	433.076388	230.741895	-354.792150	-256.258735	233.689262	-351.541912	-251.212205	44.640762	0.000000	-420.000000	0	6.687188	0.024308	0.042044	232.215579	-353.167031	-253.735470	187.574816	353.167031	166.264530	351.541912	168.787795	210.741265	0	0	1	0	0
at	1	62.500000	8	1	31	8.000000	55.000000	0.720380	1.754900	1443.751473	-420.000000	0.000000	42.000000	1490.497746	0.000000	0.000000	0.000000	0	8.348409	433.113682	230.836489	-354.759037	-256.235326	233.772995	-351.520765	-251.127315	44.640762	0.000000	-420.000000	0	6.723187	0.035999	0.037295	232.304742	-353.139901	-253.681320	187.663979	353.139901	166.318680	351.520765	168.872685	210.764674	0	0	1	0	0
at	1	62.500000	8	1	31	8.000000	55.000000	0.720380	1.754900	1490.598263	-420.000000	0.000000	43.000000	1537.353946	0.000000	0.000000	0.000000	0	8.318075	433.097278	230.771449	-354.749354	-256.218510	233.741661	-351.526033	-251.111469	44.640762	0.000000	-420.000000	0	6.730068	0.006881	0.016404	232.256555	-353.137694	-253.664990	187.615793	353.137694	166.335010	351.526033	168.888531	210.781490	0	0	1	0	0
at	1	62.500000	8	1	31	8.000000	55.000000	0.720380	1.754900	1537.451896	-420.000000	0.000000	44.000000	1584.430000	0.000000	0.000000	0.000000	0	8.306028	433.088166	230.763769	-354.744693	-256.211663	233.642980	-351.573590	-251.136887	44.640762	0.000000	-420.000000	0	6.640716	0.089353	0.009112	232.203374	-353.159141	-253.674275	187.562612	353.159141	166.325725	351.573590	168.863113	210.788337	0	0	1	0	0
at	1	62.500000	8	1	31	8.000000	55.000000	0.720380	1.754900	1584.526239	-420.000000	0.000000	45.000000	1631.948327	0.000000	0.000000	0.000000	0	8.355149	433.154370	230.963243	-354.739900	-256.207146	233.862396	-351.490755	-251.083201	44.640762	0.000000	-420.000000	0	6.724347	0.083631	0.066204	232.412820	-353.115328	-253.645173	187.772057	353.115328	166.354827	351.490755	168.916799	210.792854	0	0	1	0	0
at	1	62.500000	8	1	31	8.000000	55.000000	0.720380	1.754900	1632.049271	-420.000000	0.000000	46.000000	1678.780574	0.000000	0.000000	0.000000	0	8.309880	433.102574	230.859461	-354.714674	-256.171597	233.705923	-351.525911	-251.115883	44.640762	0.000000	-420.000000	0	6.620483	0.103864	0.051796	232.282692	-353.120292	-253.643740	187.641929	353.120292	166.356260	351.525911	168.884117	210.828403	0	0	1	0	0
at	1	62.500000	8	1	31	8.000000	55.000000	0.720380	1.754900	1678.881518	-420.000000	0.000000	47.000000	1725.406227	0.000000	0.000000	0.000000	0	8.301868	433.093178	230.855677	-354.709389	-256.162860	233.693050	-351.509605	-251.108932	44.640762	0.000000	-420.000000	0	6.620535	0.000052	0.009397	232.274364	-353.109497	-253.635896	187.633601	353.109497	166.364104	351.509605	168.891068	210.837140	0	0	1	0	0
at	1	62.500000	8	1	31	8.000000	55.000000	0.720380	1.754900	1725.503322	-420.000000	0.000000	48.000000	1772.903167	0.000000	0.000000	0.000000	0	8.337653	433.137271	231.029031	-354.683953	-256.146177	233.817714	-351.464287	-251.082111	44.640762	0.000000	-420.000000	0	6.617233	0.003302	0.044094	232.423373	-353.074120	-253.614144	187.782610	353.074120	166.385856	351.464287	168.917889	210.853823	0	0	1	0	0
at	1	62.500000	8	1	31	8.000000	55.000000	0.720380	1.754900	1773.066133	-420.000000	0.000000	49.000000	1820.207629	0.000000	0.000000	0.000000	0	8.317065	433.134281	230.971129	-354.679930	-256.146189	233.812028	-351.486463	-251.064431	44.640762	0.000000	-420.000000	0	6.640271	0.023037	0.002990	232.391579	-353.083197	-253.605310	187.750816	353.083197	166.394690	351.486463	168.935569	210.853811	0	0	1	0	0
at	1	62.500000	8	1	31	8.000000	55.000000	0.720380	1.754900	1820.308146	-420.000000	0.000000	50.000000	1867.424406	0.000000	0.000000	0.000000	0	8.306749	432.966447	230.674561	-354.605065	-256.145430	233.575623	-351.503675	-251.215532	44.640762	0.000000	-420.000000	0	6.506818	0.133453	0.167834	232.125092	-353.054370	-253.680481	187.484329	353.054370	166.319519	351.503675	168.784468	210.854570	0	0	1	0	0
at	1	62.500000	8	1	31	8.000000	55.000000	0.720380	1.754900	1867.520645	-420.000000	0.000000	51.000000	1915.271231	0.000000	0.000000	0.000000	0	9.310112	431.785239	230.981561	-353.115428	-256.795671	233.714726	-350.498635	-251.926535	44.640762	0.000000	-420.000000	0	6.166546	0.340272	1.181208	232.348143	-351.807032	-254.361103	187.707381	351.807032	165.638897	350.498635	168.073465	210.204329	0	0	1	0	0
at	1	62.500000	8	1	31	8.000000	55.000000	0.720380	1.754900	1915.372603	-420.000000	0.000000	52.000000	1962.135557	1950.410172	0.000000	0.000000	0	16.043095	423.347104	230.692250	-343.611653	-258.800267	233.384497	-341.035362	-253.056339	44.640762	0.000000	-420.000000	0	6.846764	0.680218	8.438135	232.038374	-342.323507	-255.928303	187.397611	342.323507	164.071697	341.035362	166.943661	208.199733	0	0	1	0	0
at	1	62.500000	8	1	31	8.000000	55.000000	0.720380	1.754900	1962.252328	-420.000000	0.000000	53.000000	2009.054634	1950.410172	0.000000	0.000000	0	33.680237	406.322477	229.933627	-326.678185	-265.473838	230.810365	-321.336976	-254.395239	44.640762	0.000000	-420.000000	0	12.330147	5.483383	17.024627	230.371996	-324.007580	-259.934538	185.731234	324.007580	160.065462	321.336976	165.604761	201.526162	0	0	1	0	0
at	1	62.500000	8	1	31	8.000000	55.000000	0.720380	1.754900	2009.157717	-420.000000	0.000000	54.000000	2056.166189	1950.410172	0.000000	0.000000	0	60.038420	380.774636	227.163377	-302.735933	-277.037579	221.752801	-294.048796	-255.605629	44.640762	0.000000	-420.000000	0	23.750140	11.419993	25.547841	224.458089	-298.392365	-266.321604	179.817327	298.392365	153.678396	294.048796	164.394371	189.962421	0	0	1	0	0
at	1	62.500000	8	1	31	8.000000	55.000000	0.720380	1.754900	2056.262856	-420.000000	0.000000	55.000000	2103.041637	1950.410172	0.000000	0.000000	0	92.790234	349.069333	222.747801	-273.349558	-293.496961	208.639748	-262.187663	-257.433927	44.640762	0.000000	-420.000000	0	40.300962	16.550822	31.705303	215.693775	-267.768610	-275.465444	171.053012	267.768610	144.534556	262.187663	162.566073	173.503039	0	0	1	0	0
at	1	62.500000	8	1	31	8.000000	55.000000	0.720380	1.754900	2103.143009	-420.000000	0.000000	56.000000	2150.412397	1950.410172	0.000000	0.000000	0	126.995714	315.368103	214.281098	-243.463063	-309.277998	192.637907	-229.809682	-260.634052	44.640762	0.000000	-420.000000	0	54.964316	14.663354	33.701231	203.459502	-236.636372	-284.956025	158.818740	236.636372	135.043975	229.809682	159.365948	157.722002	0	0	1	0	0
at	1	62.500000	8	1	31	8.000000	55.000000	0.720380	1.754900	2150.514197	-420.000000	0.000000	57.000000	2197.457654	1950.410172	0.000000	0.000000	0	161.506564	281.266090	202.526593	-213.755105	-323.198090	177.062584	-198.325077	-267.094393	44.640762	0.000000	-420.000000	0	63.514772	8.550456	34.102012	189.794589	-206.040091	-295.146241	145.153826	206.040091	124.853759	198.325077	152.905607	143.801910	0	0	1	0	0
at	1	62.500000	8	1	31	8.000000	55.000000	0.720380	1.754900	2197.558598	-420.000000	0.000000	58.000000	2244.093144	1950.410172	0.000000	0.000000	0	195.555357	247.772421	189.737579	-184.588840	-337.847671	163.943368	-168.454478	-276.280569	44.640762	0.000000	-420.000000	0	68.674355	5.159583	33.493669	176.840473	-176.521659	-307.064120	132.199711	176.521659	112.935880	168.454478	143.719431	129.152329	0	0	0	0	0
at	1	62.500000	8	1	31	8.000000	55.000000	0.720380	1.754900	2244.253116	-420.000000	0.000000	59.000000	2291.368093	1950.410172	0.000000	0.000000	0	227.099582	216.437439	177.946163	-157.936796	-353.416701	151.361221	-142.549179	-287.896549	44.640762	0.000000	-420.000000	0	72.363168	3.688813	31.334983	164.653692	-150.242988	-320.656625	120.012930	150.242988	99.343375	142.549179	132.103451	113.583299	0	0	0	0	0
at	1	62.500000	8	1	31	8.000000	55.000000	0.720380	1.754900	2291.472031	-420.000000	0.000000	60.000000	2337.906061	1950.410172	0.000000	0.000000	0	256.383327	187.232213	166.171588	-133.398332	-368.610715	139.710134	-119.755867	-300.448032	44.640762	0.000000	-420.000000	0	74.380621	2.017453	29.205226	152.940861	-126.577099	-334.529374	108.300099	126.577099	85.470626	119.755867	119.551968	98.389285	0	0	0	0	0
at	1	62.500000	8	1	31	8.000000	55.000000	0.720380	1.754900	2338.003156	-420.000000	0.000000	61.000000	2385.020610	1950.410172	0.000000	0.000000	0	282.857942	160.584113	154.610468	-113.613906	-384.472513	129.076565	-98.816470	-313.299280	44.640762	0.000000	-420.000000	0	77.049163	2.668542	26.648100	141.843517	-106.215188	-348.885896	97.202754	106.215188	71.114104	98.816470	106.700720	82.527487	0	0	0	0	0
at	1	62.500000	8	1	31	8.000000	55.000000	0.720380	1.754900	2385.117277	-420.000000	0.000000	62.000000	2432.145425	1950.410172	0.000000	0.000000	0	306.390849	137.098784	144.903438	-96.922337	-399.410479	119.503240	-80.564644	-326.511221	44.640762	0.000000	-420.000000	0	78.911634	1.862471	23.485329	132.203339	-88.743490	-362.960850	87.562577	88.743490	57.039150	80.564644	93.488779	67.589521	0	0	0	0	0
at	1	62.500000	8	1	31	8.000000	55.000000	0.720380	1.754900	2432.247225	-420.000000	0.000000	63.000000	2479.052525	1950.410172	0.000000	0.000000	0	327.908631	115.577632	135.017235	-81.462362	-413.343162	109.815274	-65.540754	-339.325679	44.640762	0.000000	-420.000000	0	79.794888	0.883254	21.521151	122.416254	-73.501558	-376.334420	77.775492	73.501558	43.665580	65.540754	80.674321	53.656838	0	0	0	0	0
at	1	62.500000	8	1	31	8.000000	55.000000	0.720380	1.754900	2479.148337	-420.000000	0.000000	64.000000	2526.223962	1950.410172	0.000000	0.000000	0	346.865643	96.269000	125.105358	-69.473525	-426.863226	99.060364	-53.155468	-351.174971	44.640762	0.000000	-420.000000	0	81.690468	1.895580	19.308632	112.082861	-61.314496	-389.019098	67.442099	61.314496	30.980902	53.155468	68.825029	40.136774	0	0	0	0	0
at	1	62.500000	8	1	31	8.000000	55.000000	0.720380	1.754900	2526.321913	-420.000000	0.000000	65.000000	2573.330385	1950.410172	0.000000	0.000000	0	363.275104	79.948953	116.112598	-59.728025	-438.464498	89.455173	-42.701922	-362.127956	44.640762	0.000000	-420.000000	0	82.630346	0.939878	16.320048	102.783886	-51.214974	-400.296227	58.143123	51.214974	19.703773	42.701922	57.872044	28.535502	0	0	0	0	0
at	1	62.500000	8	1	31	8.000000	55.000000	0.720380	1.754900	2573.426624	-420.000000	0.000000	66.000000	2620.666499	1950.410172	0.000000	0.000000	0	377.373094	66.170594	107.142671	-51.387148	-448.412563	80.829704	-34.358620	-371.045547	44.640762	0.000000	-420.000000	0	83.474535	0.844189	13.778359	93.986187	-42.872884	-409.729055	49.345425	42.872884	10.270945	34.358620	48.954453	18.587437	0	0	0	0	0
at	1	62.500000	8	1	31	8.000000	55.000000	0.720380	1.754900	2620.764021	-420.000000	0.000000	67.000000	2667.504734	1950.410172	0.000000	0.000000	0	388.878861	55.128059	99.315807	-45.656213	-456.298641	72.450242	-27.301121	-378.229403	44.640762	0.000000	-420.000000	0	84.578211	1.103676	11.042535	85.883024	-36.478667	-417.264022	41.242262	36.478667	2.735978	27.301121	41.770597	10.701359	0	0	0	0	0
at	1	62.500000	8	1	31	8.000000	55.000000	0.720380	1.754900	2667.605678	-420.000000	0.000000	68.000000	2714.469150	1950.410172	0.000000	0.000000	0	398.728910	45.878858	91.339371	-40.332208	-462.248235	65.182796	-21.794430	-383.952999	44.640762	0.000000	-420.000000	0	84.604725	0.026514	9.249201	78.261084	-31.063319	-423.100617	33.620321	31.063319	3.100617	21.794430	36.047001	4.751765	0	0	0	0	0
at	1	62.500000	8	1	31	8.000000	55.000000	0.720380	1.754900	2714.566672	-420.000000	0.000000	69.000000	2761.655986	1950.410172	0.000000	0.000000	0	407.157297	38.065386	83.308121	-36.314265	-466.778754	57.735255	-17.365091	-388.555257	44.640762	0.000000	-420.000000	0	84.450921	0.153804	7.813472	70.521688	-26.839678	-427.667005	25.880926	26.839678	7.667005	17.365091	31.444743	0.221246	0	0	0	0	0
at	1	62.500000	8	1	31	8.000000	55.000000	0.720380	1.754900	2761.838199	-420.000000	0.000000	70.000000	2808.613558	1950.410172	0.000000	0.000000	0	413.947406	32.250804	75.535209	-33.841389	-470.385203	51.018496	-13.890789	-391.815727	44.640762	0.000000	-420.000000	0	84.689186	0.238265	5.814582	63.276852	-23.866089	-431.100465	18.636090	23.866089	11.100465	13.890789	28.184273	3.385203	0	1	0	0	0
at	1	62.500000	8	1	31	8.000000	55.000000	0.720380	1.754900	2808.714502	-420.000000	0.000000	71.000000	2856.029657	1950.410172	0.000000	0.000000	0	420.056211	27.954967	69.542015	-30.973815	-472.868839	45.506869	-10.290370	-394.685308	44.640762	0.000000	-420.000000	0	84.369175	0.320012	4.295837	57.524442	-20.632093	-433.777073	12.883680	20.632093	13.777073	10.290370	25.314692	5.868839	0	1	0	0	0
at	1	62.500000	8	1	31	8.000000	55.000000	0.720380	1.754900	2856.128035	-420.000000	0.000000	72.000000	2902.481224	1950.410172	0.000000	0.000000	0	425.262367	24.840009	63.938111	-28.607331	-474.372500	41.039765	-6.788984	-396.753530	44.640762	0.000000	-420.000000	0	83.815744	0.553431	3.114958	52.488938	-17.698157	-435.563015	7.848175	17.698157	15.563015	6.788984	23.246470	7.372500	0	1	0	0	0
at	1	62.500000	8	1	31	8.000000	55.000000	0.720380	1.754900	2902.582168	-420.000000	0.000000	73.000000	2949.176169	1950.410172	0.000000	0.000000	0	430.059737	21.945810	59.040380	-25.526140	-475.023318	36.967508	-3.247832	-397.431096	44.640762	0.000000	-420.000000	0	83.690427	0.125318	2.894199	48.003944	-14.386986	-436.227207	3.363182	14.386986	16.227207	3.247832	22.568904	8.023318	0	1	0	0	0
at	1	62.500000	8	1	31	8.000000	55.000000	0.720380	1.754900	2949.276258	-420.000000	0.000000	74.000000	2996.526826	1950.410172	0.000000	0.000000	0	433.921940	20.653058	54.123870	-22.671207	-474.612428	33.563130	-1.403938	-398.914279	44.640762	0.000000	-420.000000	0	81.272692	2.417734	1.292753	43.843500	-12.037572	-436.763353	0.797262	12.037572	16.763353	1.403938	21.085721	7.612428	0	1	0	0	0
at	1	62.500000	8	1	31	8.000000	55.000000	0.720380	1.754900	2996.627770	-420.000000	0.000000	75.000000	3043.258984	1950.410172	0.000000	0.000000	0	436.798728	20.876675	50.632190	-21.260401	-474.404176	29.334858	-0.293906	-400.121099	44.640762	0.000000	-420.000000	0	80.069630	1.203062	0.223617	39.983524	-10.777153	-437.262637	4.657238	10.777153	17.262637	0.293906	19.878901	7.404176	0	1	0	0	0
at	1	62.500000	8	1	31	8.000000	55.000000	0.720380	1.754900	3043.364206	-420.000000	0.000000	76.000000	3090.967651	1950.410172	0.000000	0.000000	0	439.120744	22.099085	48.643928	-20.406933	-474.842144	27.361641	0.960634	-402.561982	44.640762	0.000000	-420.000000	0	78.319412	1.750218	1.222410	38.002785	-9.723150	-438.702063	6.637978	9.723150	18.702063	0.960634	17.438018	7.842144	0	1	0	0	0
at	1	62.500000	8	1	31	8.000000	55.000000	0.720380	1.754900	3091.064318	-420.000000	0.000000	77.000000	3137.891433	1950.410172	3126.012492	0.000000	0	440.048005	24.767861	48.674061	-20.169493	-475.089324	28.342952	0.146996	-408.527978	44.640762	0.000000	-420.000000	0	72.501907	5.817505	2.668776	38.508506	-10.011248	-441.808651	6.132256	10.011248	21.808651	0.146996	11.472022	8.089324	0	1	0	1	0
at	1	62.500000	8	1	31	8.000000	55.000000	0.720380	1.754900	3137.989383	-420.000000	0.000000	78.000000	3184.905037	1950.410172	3126.012492	0.000000	0	440.476505	26.967635	49.393884	-19.908271	-474.904193	28.189158	-1.317284	-413.279153	44.640762	0.000000	-420.000000	0	67.771017	4.730890	2.199775	38.791521	-10.612778	-444.091673	5.849242	10.612778	24.091673	1.317284	6.720847	7.904193	1	1	0	1	0
at	1	62.500000	8	1	31	8.000000	55.000000	0.720380	1.754900	3185.002988	-420.000000	0.000000	79.000000	3231.990501	1950.410172	3126.012492	0.000000	0	440.198163	28.894835	49.430226	-19.575219	-474.296022	31.740640	-2.942243	-418.304615	44.640762	0.000000	-420.000000	0	61.029624	6.741393	1.927199	40.585433	-11.258731	-446.300318	4.055329	11.258731	26.300318	2.942243	1.695385	7.296022	1	1	0	1	0
at	1	62.500000	8	1	31	8.000000	55.000000	0.720380	1.754900	3232.151755	-420.000000	0.000000	80.000000	3278.640535	1950.410172	3126.012492	0.000000	0	440.072857	30.079999	50.545394	-19.487150	-473.969973	33.934450	-3.234343	-421.526901	44.640762	0.000000	-420.000000	0	57.361599	3.668025	1.185165	42.239922	-11.360747	-447.748437	2.400840	11.360747	27.748437	3.234343	1.526901	6.969973	1	1	0	1	0
at	1	62.500000	8	1	31	8.000000	55.000000	0.720380	1.754900	3278.745329	-420.000000	0.000000	81.000000	3325.851751	1950.410172	3126.012492	0.000000	0	440.050086	30.054581	50.781316	-19.463086	-473.568927	33.754007	-3.257210	-421.878101	44.640762	0.000000	-420.000000	0	56.784691	0.576908	0.025418	42.267661	-11.360148	-447.723514	2.373101	11.360148	27.723514	3.257210	1.878101	6.568927	1	1	0	1	0
at	1	62.500000	8	1	31	8.000000	55.000000	0.720380	1.754900	3325.954834	-420.000000	0.000000	82.000000	3372.692553	1950.410172	3126.012492	0.000000	0	440.044425	30.006654	50.725296	-19.193706	-473.480989	34.023306	-3.403723	-421.930255	44.640762	0.000000	-420.000000	0	56.442521	0.342170	0.047927	42.374301	-11.298715	-447.705622	2.266462	11.298715	27.705622	3.403723	1.930255	6.480989	1	1	0	1	0
at	1	62.500000	8	1	31	8.000000	55.000000	0.720380	1.754900	3372.789648	-420.000000	0.000000	83.000000	3419.679638	1950.410172	3126.012492	0.000000	0	440.451795	30.153821	50.440819	-18.936884	-473.481668	33.553082	-3.268712	-422.339155	44.640762	0.000000	-420.000000	0	56.091389	0.351132	0.147167	41.996950	-11.102798	-447.910412	2.643812	11.102798	27.910412	3.268712	2.339155	6.481668	1	1	0	1	0
at	1	62.500000	8	1	31	8.000000	55.000000	0.720380	1.754900	3419.777161	-420.000000	0.000000	84.000000	3467.157759	1950.410172	3126.012492	0.000000	0	440.580783	30.136463	50.338485	-18.865414	-473.449734	33.634365	-3.062273	-422.441412	44.640762	0.000000	-420.000000	0	55.951907	0.139482	0.017358	41.986425	-10.963843	-447.945573	2.654337	10.963843	27.945573	3.062273	2.441412	6.449734	1	1	0	1	0
at	1	62.500000	8	1	31	8.000000	55.000000	0.720380	1.754900	3467.264691	-420.000000	0.000000	85.000000	3513.833884	1950.410172	3126.012492	0.000000	0	440.793432	30.070514	49.901876	-18.562294	-473.401946	33.943437	-2.904301	-422.513849	44.640762	0.000000	-420.000000	0	55.582758	0.369149	0.065950	41.922656	-10.733298	-447.957897	2.718106	10.733298	27.957897	2.904301	2.513849	6.401946	1	1	0	1	0
at	1	62.500000	8	1	31	8.000000	55.000000	0.720380	1.754900	3513.942100	-420.000000	0.000000	86.000000	3560.984790	1950.410172	3126.012492	0.000000	0	440.790905	30.072776	50.096349	-18.594556	-473.346518	33.918860	-2.811794	-422.613480	44.640762	0.000000	-420.000000	0	55.539607	0.043151	0.002262	42.007605	-10.703175	-447.979999	2.633158	10.703175	27.979999	2.811794	2.613480	6.346518	1	1	0	1	0
at	1	62.500000	8	1	31	8.000000	55.000000	0.720380	1.754900	3561.087018	-420.000000	0.000000	87.000000	3607.955622	1950.410172	3126.012492	0.000000	0	440.735545	30.068372	49.985328	-18.551908	-473.299838	34.296049	-2.858979	-422.673373	44.640762	0.000000	-420.000000	0	55.276219	0.263388	0.004404	42.140689	-10.705443	-447.986606	2.500074	10.705443	27.986606	2.858979	2.673373	6.299838	1	1	0	1	0
at	1	62.500000	8	1	31	8.000000	55.000000	0.720380	1.754900	3608.052717	-420.000000	0.000000	88.000000	3655.542814	1950.410172	3126.012492	0.000000	0	440.901762	30.130993	49.695282	-18.484258	-473.304465	34.088570	-2.842436	-422.788804	44.640762	0.000000	-420.000000	0	55.136812	0.139407	0.062622	41.891926	-10.663347	-448.046634	2.748836	10.663347	28.046634	2.842436	2.788804	6.304465	1	1	0	1	0
at	1	62.500000	8	1	31	8.000000	55.000000	0.720380	1.754900	3655.645897	-420.000000	0.000000	89.000000	3702.088054	1950.410172	3126.012492	0.000000	0	440.753324	30.166222	49.842150	-18.642646	-473.288636	34.211377	-2.923354	-422.814658	44.640762	0.000000	-420.000000	0	55.127485	0.009327	0.035229	42.026763	-10.783000	-448.051647	2.613999	10.783000	28.051647	2.923354	2.814658	6.288636	1	1	0	1	0
at	1	62.500000	8	1	31	8.000000	55.000000	0.720380	1.754900	3702.187715	-420.000000	0.000000	90.000000	3749.345893	1950.410172	3126.012492	0.000000	0	440.806517	30.121454	49.969828	-18.613624	-473.215812	33.848713	-2.888806	-422.793198	44.640762	0.000000	-420.000000	0	55.223186	0.095700	0.044768	41.909271	-10.751215	-448.004505	2.731492	10.751215	28.004505	2.888806	2.793198	6.215812	1	1	0	1	0
at	1	62.500000	8	1	31	8.000000	55.000000	0.720380	1.754900	3749.451970	-420.000000	0.000000	91.000000	3796.248715	1950.410172	3126.012492	0.000000	0	440.634760	30.107241	50.814951	-18.629979	-473.246528	33.832443	-2.884130	-422.802127	44.640762	0.000000	-420.000000	0	55.506531	0.283345	0.014213	42.323697	-10.757054	-448.024328	2.317066	10.757054	28.024328	2.884130	2.802127	6.246528	1	1	0	1	0
at	1	62.500000	8	1	31	8.000000	55.000000	0.720380	1.754900	3796.346238	-420.000000	0.000000	92.000000	3843.526230	1950.410172	3126.012492	0.000000	0	440.647498	30.106615	50.706524	-18.656030	-473.231311	33.766618	-2.901197	-422.784746	44.640762	0.000000	-420.000000	0	55.498028	0.008503	0.000626	42.236571	-10.778613	-448.008028	2.404191	10.778613	28.008028	2.901197	2.784746	6.231311	1	1	0	1	0
at	1	62.500000	8	1	31	8.000000	55.000000	0.720380	1.754900	3843.629313	-420.000000	0.000000	93.000000	3890.271220	1950.410172	3126.012492	0.000000	0	440.537989	30.058820	50.822668	-18.668129	-473.179425	33.968513	-2.940102	-422.740622	44.640762	0.000000	-420.000000	0	55.457247	0.040781	0.047796	42.395591	-10.804116	-447.960024	2.245172	10.804116	27.960024	2.940102	2.740622	6.179425	1	1	0	1	0
at	1	62.500000	8	1	31	8.000000	55.000000	0.720380	1.754900	3890.368742	-420.000000	0.000000	94.000000	3937.593646	1950.410172	3126.012492	0.000000	0	440.566986	30.063061	50.747056	-18.684556	-473.202755	33.850110	-2.945967	-422.701878	44.640762	0.000000	-420.000000	0	55.529709	0.072461	0.004242	42.298583	-10.815261	-447.952316	2.342179	10.815261	27.952316	2.945967	2.701878	6.202755	1	1	0	1	0
at	1	62.500000	8	1	31	8.000000	55.000000	0.720380	1.754900	3937.695446	-420.000000	0.000000	95.000000	3984.852341	1950.410172	3126.012492	0.000000	0	440.605931	30.043682	50.676479	-18.668817	-473.144714	33.683201	-2.956090	-422.699983	44.640762	0.000000	-420.000000	0	55.500741	0.028968	0.019379	42.179840	-10.812453	-447.922349	2.460923	10.812453	27.922349	2.956090	2.699983	6.144714	1	1	0	1	0
at	1	62.500000	8	1	31	8.000000	55.000000	0.720380	1.754900	3984.953713	-420.000000	0.000000	96.000000	4032.037466	1950.410172	3126.012492	0.000000	0	440.639889	30.036186	50.945243	-18.666842	-473.154372	33.461925	-2.860306	-422.716124	44.640762	0.000000	-420.000000	0	55.673421	0.172681	0.007497	42.203584	-10.763574	-447.935248	2.437178	10.763574	27.935248	2.860306	2.716124	6.154372	1	1	0	1	0
at	1	62.500000	8	1	31	8.000000	55.000000	0.720380	1.754900	4032.135844	-420.000000	0.000000	97.000000	4078.672529	1950.410172	3126.012492	0.000000	0	440.667870	30.015646	50.861815	-18.505511	-473.170010	33.752217	-2.858469	-422.736615	44.640762	0.000000	-420.000000	0	55.507617	0.165804	0.020540	42.307016	-10.681990	-447.953313	2.333746	10.681990	27.953313	2.858469	2.736615	6.170010	1	1	0	1	0
at	1	62.500000	8	1	31	8.000000	55.000000	0.720380	1.754900	4078.774757	-420.000000	0.000000	98.000000	4126.201549	1950.410172	3126.012492	0.000000	0	440.620344	30.030111	50.774003	-18.565710	-473.166792	33.812596	-2.923668	-422.720547	44.640762	0.000000	-420.000000	0	55.472394	0.035223	0.014465	42.293299	-10.744689	-447.943669	2.347463	10.744689	27.943669	2.923668	2.720547	6.166792	1	1	0	1	0
at	1	62.500000	8	1	31	8.000000	55.000000	0.720380	1.754900	4126.299072	-420.000000	0.000000	99.000000	4172.851583	1950.410172	3126.012492	0.000000	0	440.574166	30.023177	50.930822	-18.548362	-473.143831	33.875892	-2.941287	-422.746560	44.640762	0.000000	-420.000000	0	55.446698	0.025696	0.006934	42.403357	-10.744824	-447.945195	2.237405	10.744824	27.945195	2.941287	2.746560	6.143831	1	1	0	1	0
at	1	62.500000	8	1	31	8.000000	55.000000	0.720380	1.754900	4172.952955	-420.000000	0.000000	100.000000	4220.019599	1950.410172	3126.012492	0.000000	0	440.694842	30.070126	50.714276	-18.539285	-473.164705	33.626680	-2.934595	-422.793431	44.640762	0.000000	-420.000000	0	55.432459	0.014239	0.046948	42.170478	-10.736940	-447.979068	2.470285	10.736940	27.979068	2.934595	2.793431	6.164705	1	1	0	1	0
at	1	62.500000	8	1	31	8.000000	55.000000	0.720380	1.754900	4220.128242	-420.000000	0.000000	101.000000	4266.954929	1950.410172	3126.012492	0.000000	0	440.654667	30.120490	50.741030	-18.644297	-473.192814	33.583508	-2.972071	-422.817334	44.640762	0.000000	-420.000000	0	55.476917	0.044458	0.050365	42.162269	-10.808184	-448.005074	2.478493	10.808184	28.005074	2.972071	2.817334	6.192814	1	1	0	1	0
at	1	62.500000	8	1	31	8.000000	55.000000	0.720380	1.754900	4267.061006	-420.000000	0.000000	102.000000	4314.447164	1950.410172	3126.012492	0.000000	0	440.570897	30.166372	50.719580	-18.726910	-473.184280	33.540343	-3.137516	-422.822599	44.640762	0.000000	-420.000000	0	55.447762	0.029155	0.045882	42.129961	-10.932213	-448.003439	2.510801	10.932213	28.003439	3.137516	2.822599	6.184280	1	1	0	1	0
at	1	62.500000	8	1	31	8.000000	55.000000	0.720380	1.754900	4314.545542	-420.000000	0.000000	103.000000	4349.296105	1950.410172	3126.012492	4349.291400	0	440.559117	30.216480	  50.948417  -18.796568 -473.233487	  33.381733   -3.115884 -422.868839	44.640762	0.000000	-420.000000	0	55.597393	0.149631	0.050108	0
