subjName	sessionNR	IOD	trialN	textureType	texnum	visualAngle	simulatedDepth	light_intensity	ambient_intensity	time	displayDistance	isRotated	frameN	timTote	startTime	touchTime	endTime	fingersOccluded	distanceToHome	distanceToObject	indexXraw	indexYraw	indexZraw	thumbXraw	thumbYraw	thumbZraw	targetX	targetY	targetZ	failCause	gripAperture	gripApertureVel	distFromObjVel	gripOriginX	gripOriginY	gripOriginZ	distFromObjX	distFromObjY	distFromObjZ	y_dist_thm	z_dist_thm	z_dist_ind	handOnObj	handnearObj	handfarObj	handTouchObj	framesOccluded
at	1	62.500000	20	3	35	8.000000	55.000000	0.288284	3.282922	881.345333	-420.000000	0.000000	30.000000	928.739618	0.000000	0.000000	0.000000	0	3.897623	436.850411	231.110878	-356.334302	-252.493558	234.193326	-353.634772	-244.134945	44.640762	0.000000	-420.000000	0	9.308886	0.017930	0.005629	232.652102	-354.984537	-248.314251	188.011340	354.984537	171.685749	353.634772	175.865055	214.506442	0	0	1	0	0
at	1	62.500000	20	3	35	8.000000	55.000000	0.288284	3.282922	928.927820	-420.000000	0.000000	31.000000	975.370832	0.000000	0.000000	0.000000	0	3.944425	436.880843	231.221138	-356.347312	-252.503284	234.198016	-353.637068	-244.127896	44.640762	0.000000	-420.000000	0	9.292703	0.016183	0.030431	232.709577	-354.992190	-248.315590	188.068815	354.992190	171.684410	353.637068	175.872104	214.496716	0	0	1	0	0
at	1	62.500000	20	3	35	8.000000	55.000000	0.288284	3.282922	975.473060	-420.000000	0.000000	32.000000	1023.112862	0.000000	0.000000	0.000000	0	3.909615	436.857225	231.098368	-356.341072	-252.509558	234.226632	-353.639001	-244.129787	44.640762	0.000000	-420.000000	0	9.343864	0.051160	0.023618	232.662500	-354.990037	-248.319672	188.021738	354.990037	171.680328	353.639001	175.870213	214.490442	0	0	1	0	0
at	1	62.500000	20	3	35	8.000000	55.000000	0.288284	3.282922	1023.210385	-420.000000	0.000000	33.000000	1070.001570	0.000000	0.000000	0.000000	0	3.943326	436.884702	231.195758	-356.347382	-252.508533	234.230304	-353.636731	-244.110019	44.640762	0.000000	-420.000000	0	9.332263	0.011601	0.027478	232.713031	-354.992056	-248.309276	188.072268	354.992056	171.690724	353.636731	175.889981	214.491467	0	0	1	0	0
at	1	62.500000	20	3	35	8.000000	55.000000	0.288284	3.282922	1070.098665	-420.000000	0.000000	34.000000	1116.483505	0.000000	0.000000	0.000000	0	3.934710	436.870362	231.201068	-356.349913	-252.509939	234.175896	-353.641519	-244.142948	44.640762	0.000000	-420.000000	0	9.283940	0.048323	0.014340	232.688482	-354.995716	-248.326444	188.047720	354.995716	171.673556	353.641519	175.857052	214.490061	0	0	1	0	0
at	1	62.500000	20	3	35	8.000000	55.000000	0.288284	3.282922	1116.578889	-420.000000	0.000000	35.000000	1164.238795	0.000000	0.000000	0.000000	0	3.897855	436.828655	231.152877	-356.354103	-252.527857	234.054610	-353.667867	-244.214852	44.640762	0.000000	-420.000000	0	9.205540	0.078399	0.041708	232.603743	-355.010985	-248.371355	187.962981	355.010985	171.628645	353.667867	175.785148	214.472143	0	0	1	0	0
at	1	62.500000	20	3	35	8.000000	55.000000	0.288284	3.282922	1164.338884	-420.000000	0.000000	36.000000	1210.951278	0.000000	0.000000	0.000000	0	3.849347	436.812335	231.035999	-356.329041	-252.514742	234.098630	-353.662251	-244.167807	44.640762	0.000000	-420.000000	0	9.282393	0.076852	0.016320	232.567315	-354.995646	-248.341275	187.926552	354.995646	171.658725	353.662251	175.832193	214.485258	0	0	1	0	0
at	1	62.500000	20	3	35	8.000000	55.000000	0.288284	3.282922	1211.050939	-420.000000	0.000000	37.000000	1257.764704	0.000000	0.000000	0.000000	0	3.880695	436.846271	231.033439	-356.345012	-252.532520	234.217135	-353.647011	-244.105780	44.640762	0.000000	-420.000000	0	9.403460	0.121068	0.033936	232.625287	-354.996012	-248.319150	187.984525	354.996012	171.680850	353.647011	175.894220	214.467480	0	0	1	0	0
at	1	62.500000	20	3	35	8.000000	55.000000	0.288284	3.282922	1257.860516	-420.000000	0.000000	38.000000	1305.370716	0.000000	0.000000	0.000000	0	3.976018	436.898459	231.236364	-356.380473	-252.557648	234.223941	-353.646710	-244.117466	44.640762	0.000000	-420.000000	0	9.361398	0.042063	0.052188	232.730152	-355.013592	-248.337557	188.089390	355.013592	171.662443	353.646710	175.882534	214.442352	0	0	1	0	0
at	1	62.500000	20	3	35	8.000000	55.000000	0.288284	3.282922	1305.517000	-420.000000	0.000000	39.000000	1352.480133	0.000000	0.000000	0.000000	0	3.928933	436.884531	231.084509	-356.372406	-252.573368	234.280463	-353.655770	-244.070254	44.640762	0.000000	-420.000000	0	9.481412	0.120015	0.013928	232.682486	-355.014088	-248.321811	188.041724	355.014088	171.678189	353.655770	175.929746	214.426632	0	0	1	0	0
at	1	62.500000	20	3	35	8.000000	55.000000	0.288284	3.282922	1352.580222	-420.000000	0.000000	40.000000	1399.614358	0.000000	0.000000	0.000000	0	3.936025	436.852618	231.225569	-356.381969	-252.610412	234.004863	-353.725134	-244.211557	44.640762	0.000000	-420.000000	0	9.237100	0.244312	0.031913	232.615216	-355.053551	-248.410984	187.974454	355.053551	171.589016	353.725134	175.788443	214.389588	0	0	1	0	0
at	1	62.500000	20	3	35	8.000000	55.000000	0.288284	3.282922	1399.715302	-420.000000	0.000000	41.000000	1446.312297	0.000000	0.000000	0.000000	0	4.032647	436.906801	231.297349	-356.382099	-252.656495	234.221899	-353.684413	-244.122096	44.640762	0.000000	-420.000000	0	9.416287	0.179187	0.054183	232.759624	-355.033256	-248.389295	188.118862	355.033256	171.610705	353.684413	175.877904	214.343505	0	0	1	0	0
at	1	62.500000	20	3	35	8.000000	55.000000	0.288284	3.282922	1446.413242	-420.000000	0.000000	42.000000	1493.810521	0.000000	0.000000	0.000000	0	3.900081	436.804514	230.996748	-356.396899	-252.719705	234.045724	-353.742136	-244.207426	44.640762	0.000000	-420.000000	0	9.423530	0.007243	0.102288	232.521236	-355.069518	-248.463565	187.880473	355.069518	171.536435	353.742136	175.792574	214.280295	0	0	1	0	0
at	1	62.500000	20	3	35	8.000000	55.000000	0.288284	3.282922	1493.906333	-420.000000	0.000000	43.000000	1540.827976	0.000000	0.000000	0.000000	0	3.906002	436.820419	231.048355	-356.400356	-252.744014	234.044723	-353.731965	-244.143645	44.640762	0.000000	-420.000000	0	9.490252	0.066722	0.015906	232.546539	-355.066160	-248.443829	187.905777	355.066160	171.556171	353.731965	175.856355	214.255986	0	0	1	0	0
at	1	62.500000	20	3	35	8.000000	55.000000	0.288284	3.282922	1540.924215	-420.000000	0.000000	44.000000	1587.840725	0.000000	0.000000	0.000000	0	3.722487	436.557702	230.977329	-356.182746	-252.656166	233.543982	-353.664938	-244.354220	44.640762	0.000000	-420.000000	0	9.047064	0.443188	0.262718	232.260656	-354.923842	-248.505193	187.619893	354.923842	171.494807	353.664938	175.645780	214.343834	0	0	1	0	0
at	1	62.500000	20	3	35	8.000000	55.000000	0.288284	3.282922	1587.941669	-420.000000	0.000000	45.000000	1635.540410	0.000000	0.000000	0.000000	0	5.591315	433.926597	231.597897	-352.816776	-252.995346	234.162114	-350.829895	-245.955571	44.640762	0.000000	-420.000000	0	7.751215	1.295849	2.631105	232.880005	-351.823335	-249.475458	188.239243	351.823335	170.524542	350.829895	174.044429	214.004654	0	0	1	0	0
at	1	62.500000	20	3	35	8.000000	55.000000	0.288284	3.282922	1635.635794	-420.000000	0.000000	46.000000	1682.927424	1671.026669	0.000000	0.000000	0	19.335985	425.146755	237.665674	-339.908441	-256.264498	240.226279	-338.235202	-248.918851	44.640762	0.000000	-420.000000	0	7.957070	0.205855	8.779841	238.945976	-339.071821	-252.591675	194.305214	339.071821	167.408325	338.235202	171.081149	210.735502	0	0	1	0	0
at	1	62.500000	20	3	35	8.000000	55.000000	0.288284	3.282922	1683.031363	-420.000000	0.000000	47.000000	1741.666841	1671.026669	0.000000	0.000000	0	43.777965	405.016415	241.417666	-316.054948	-265.905259	242.924992	-313.463486	-251.935732	44.640762	0.000000	-420.000000	0	14.287596	6.330526	20.130341	242.171329	-314.759217	-258.920496	197.530567	314.759217	161.079504	313.463486	168.064268	201.094741	0	0	1	0	0
at	1	62.500000	20	3	35	8.000000	55.000000	0.288284	3.282922	1741.771208	-420.000000	0.000000	48.000000	1788.549988	1671.026669	0.000000	0.000000	0	67.843521	380.198111	238.365793	-295.216158	-279.668977	233.402770	-284.634388	-251.010113	44.640762	0.000000	-420.000000	0	30.950541	16.662945	24.818303	235.884281	-289.925273	-265.339545	191.243519	289.925273	154.660455	284.634388	168.989887	187.331023	0	0	1	0	0
at	1	62.500000	20	3	35	8.000000	55.000000	0.288284	3.282922	1788.699694	-420.000000	0.000000	49.000000	1835.929303	1671.026669	0.000000	0.000000	0	91.656484	356.239209	232.319158	-274.491278	-289.999078	224.665500	-258.875162	-253.453892	44.640762	0.000000	-420.000000	0	40.472116	9.521576	23.958903	228.492329	-266.683220	-271.726485	183.851567	266.683220	148.273515	258.875162	166.546108	177.000922	0	0	1	0	0
at	1	62.500000	20	3	35	8.000000	55.000000	0.288284	3.282922	1836.034952	-420.000000	0.000000	50.000000	1883.133676	1671.026669	0.000000	0.000000	0	118.131063	329.907417	225.571137	-251.162312	-301.707966	213.790446	-232.476747	-257.413359	44.640762	0.000000	-420.000000	0	49.496942	9.024826	26.331791	219.680791	-241.819529	-279.560663	175.040029	241.819529	140.439337	232.476747	162.586641	165.292034	0	0	1	0	0
at	1	62.500000	20	3	35	8.000000	55.000000	0.288284	3.282922	1883.230343	-420.000000	0.000000	51.000000	1929.902191	1671.026669	0.000000	0.000000	0	146.656759	302.273294	219.519817	-226.656207	-315.027115	203.711104	-205.308655	-265.433416	44.640762	0.000000	-420.000000	0	56.259828	6.762886	27.634123	211.615460	-215.982431	-290.230265	166.974698	215.982431	129.769735	205.308655	154.566584	151.972885	0	0	1	0	0
at	1	62.500000	20	3	35	8.000000	55.000000	0.288284	3.282922	1930.003563	-420.000000	0.000000	52.000000	1976.684821	1671.026669	0.000000	0.000000	0	175.886308	274.093754	213.484379	-200.620875	-330.196619	193.967019	-180.475641	-277.332049	44.640762	0.000000	-420.000000	0	59.844971	3.585143	28.179540	203.725699	-190.548258	-303.764334	159.084937	190.548258	116.235666	180.475641	142.667951	136.803381	0	0	1	0	0
at	1	62.500000	20	3	35	8.000000	55.000000	0.288284	3.282922	1976.786193	-420.000000	0.000000	53.000000	2023.469590	1671.026669	0.000000	0.000000	0	205.765324	244.957289	206.372985	-174.506482	-346.651782	181.567286	-155.889021	-289.245159	44.640762	0.000000	-420.000000	0	65.249161	5.404189	29.136464	193.970136	-165.197752	-317.948471	149.329373	165.197752	102.051529	155.889021	130.754841	120.348218	0	0	0	0	0
at	1	62.500000	20	3	35	8.000000	55.000000	0.288284	3.282922	2023.572673	-420.000000	0.000000	54.000000	2070.639316	1671.026669	0.000000	0.000000	0	235.283602	216.240997	197.006113	-149.070255	-361.877149	169.557029	-131.825174	-301.336712	44.640762	0.000000	-420.000000	0	68.673063	3.423902	28.716292	183.281571	-140.447714	-331.606931	138.640808	140.447714	88.393069	131.825174	118.663288	105.122851	0	0	0	0	0
at	1	62.500000	20	3	35	8.000000	55.000000	0.288284	3.282922	2070.736839	-420.000000	0.000000	55.000000	2117.594750	1671.026669	0.000000	0.000000	0	263.913893	188.101988	185.820146	-123.893340	-374.804415	155.786392	-108.869410	-311.302693	44.640762	0.000000	-420.000000	0	71.834626	3.161563	28.139009	170.803269	-116.381375	-343.053554	126.162507	116.381375	76.946446	108.869410	108.697307	92.195585	0	0	0	0	0
at	1	62.500000	20	3	35	8.000000	55.000000	0.288284	3.282922	2117.691845	-420.000000	0.000000	56.000000	2164.996307	1671.026669	0.000000	0.000000	0	291.799774	159.200271	170.676555	-98.001911	-385.160621	138.003611	-89.363518	-320.164448	44.640762	0.000000	-420.000000	0	73.257393	1.422767	28.901717	154.340083	-93.682715	-352.662534	109.699320	93.682715	67.337466	89.363518	99.835552	81.839379	0	0	0	0	0
at	1	62.500000	20	3	35	8.000000	55.000000	0.288284	3.282922	2165.092974	-420.000000	0.000000	57.000000	2211.689541	1671.026669	0.000000	0.000000	0	318.048343	131.506127	153.992405	-73.823162	-394.405798	119.887349	-72.570707	-328.684945	44.640762	0.000000	-420.000000	0	74.053724	0.796331	27.694144	136.939877	-73.196935	-361.545372	92.299114	73.196935	58.454628	72.570707	91.315055	72.594202	0	0	0	0	0
at	1	62.500000	20	3	35	8.000000	55.000000	0.288284	3.282922	2211.790485	-420.000000	0.000000	58.000000	2258.823766	1671.026669	0.000000	0.000000	0	341.892951	106.082531	138.252419	-55.778032	-405.732794	103.420070	-56.149599	-338.021621	44.640762	0.000000	-420.000000	0	76.146133	2.092409	25.423596	120.836245	-55.963816	-371.877208	76.195482	55.963816	48.122792	56.149599	81.978379	61.267206	0	0	0	0	0
at	1	62.500000	20	3	35	8.000000	55.000000	0.288284	3.282922	2258.925566	-420.000000	0.000000	59.000000	2305.894259	1671.026669	0.000000	0.000000	0	363.481300	83.711398	123.790008	-40.849805	-416.958031	90.806142	-40.375094	-347.350802	44.640762	0.000000	-420.000000	0	77.028092	0.881960	22.371133	107.298075	-40.612450	-382.154416	62.657313	40.612450	37.845584	40.375094	72.649198	50.041969	0	0	0	0	0
at	1	62.500000	20	3	35	8.000000	55.000000	0.288284	3.282922	2305.994348	-420.000000	0.000000	60.000000	2353.034044	1671.026669	0.000000	0.000000	0	382.878956	63.618255	110.890513	-27.976218	-427.597130	78.245639	-26.542466	-355.430107	44.640762	0.000000	-420.000000	0	79.220090	2.191997	20.093143	94.568076	-27.259342	-391.513618	49.927314	27.259342	28.486382	26.542466	64.569893	39.402870	0	0	0	0	0
at	1	62.500000	20	3	35	8.000000	55.000000	0.288284	3.282922	2353.130284	-420.000000	0.000000	61.000000	2400.248683	1671.026669	0.000000	0.000000	0	398.855921	47.250628	99.925689	-19.628727	-438.470333	68.535451	-14.174708	-362.562968	44.640762	0.000000	-420.000000	0	82.322667	3.102577	16.367627	84.230570	-16.901717	-400.516650	39.589807	16.901717	19.483350	14.174708	57.437032	28.529667	0	0	0	0	0
at	1	62.500000	20	3	35	8.000000	55.000000	0.288284	3.282922	2400.344494	-420.000000	0.000000	62.000000	2446.821725	1671.026669	0.000000	0.000000	0	412.382486	33.730236	89.637324	-13.165991	-447.915025	60.727663	-3.880615	-369.081953	44.640762	0.000000	-420.000000	0	84.478635	2.155968	13.520392	75.182494	-8.523303	-408.498489	30.541731	8.523303	11.501511	3.880615	50.918047	19.084975	0	0	0	0	0
at	1	62.500000	20	3	35	8.000000	55.000000	0.288284	3.282922	2446.922669	-420.000000	0.000000	63.000000	2493.988030	1671.026669	0.000000	0.000000	0	422.351059	22.776720	80.389015	-10.955781	-457.358854	53.016369	2.876253	-374.708797	44.640762	0.000000	-420.000000	0	88.156785	3.678150	10.953516	66.702692	-4.039764	-416.033826	22.061930	4.039764	3.966174	2.876253	45.291203	9.641146	0	0	0	0	0
at	1	62.500000	20	3	35	8.000000	55.000000	0.288284	3.282922	2494.088974	-420.000000	0.000000	64.000000	2564.566180	1671.026669	0.000000	0.000000	0	434.863606	13.323178	69.227526	-8.218914	-468.225476	43.908369	11.246505	-383.256296	44.640762	0.000000	-420.000000	0	90.772924	2.616139	9.453542	56.567947	1.513795	-425.740886	11.927185	1.513795	5.740886	11.246505	36.743704	1.225476	0	0	0	0	0
at	1	62.500000	20	3	35	8.000000	55.000000	0.288284	3.282922	2564.662420	-420.000000	0.000000	65.000000	2611.625980	1671.026669	0.000000	0.000000	0	441.939427	13.691691	63.353929	-5.621888	-473.499245	38.844570	15.159649	-388.682560	44.640762	0.000000	-420.000000	0	90.699786	0.073138	0.368512	51.099250	4.768880	-431.090903	6.458487	4.768880	11.090903	15.159649	31.317440	6.499245	0	0	0	0	0
at	1	62.500000	20	3	35	8.000000	55.000000	0.288284	3.282922	2611.722220	-420.000000	0.000000	66.000000	2658.737963	1671.026669	0.000000	0.000000	0	447.616826	17.348781	59.695937	-3.046756	-476.739714	34.710785	18.221854	-394.039654	44.640762	0.000000	-420.000000	0	88.971409	1.728377	3.657090	47.203361	7.587549	-435.389684	2.562599	7.587549	15.389684	18.221854	25.960346	9.739714	0	1	0	0	0
at	1	62.500000	20	3	35	8.000000	55.000000	0.288284	3.282922	2658.833775	-420.000000	0.000000	67.000000	2705.724621	1671.026669	0.000000	0.000000	0	452.453716	20.777040	54.236412	-1.134698	-478.491325	29.648004	19.810766	-398.234922	44.640762	0.000000	-420.000000	0	86.512383	2.459025	3.428259	41.942208	9.338034	-438.363124	2.698555	9.338034	18.363124	19.810766	21.765078	11.491325	0	1	0	0	0
at	1	62.500000	20	3	35	8.000000	55.000000	0.288284	3.282922	2705.824282	-420.000000	0.000000	68.000000	2752.602635	1671.026669	0.000000	0.000000	0	456.065791	24.033465	49.278391	-0.095234	-479.203311	24.629598	20.437043	-401.543406	44.640762	0.000000	-420.000000	0	84.024985	2.487398	3.256425	36.953995	10.170905	-440.373359	7.686768	10.170905	20.373359	20.437043	18.456594	12.203311	0	1	0	0	0
at	1	62.500000	20	3	35	8.000000	55.000000	0.288284	3.282922	2752.703580	-420.000000	0.000000	69.000000	2799.638054	1671.026669	0.000000	0.000000	0	458.060345	27.255957	45.750971	0.351326	-478.486002	20.871231	18.322688	-407.442039	44.640762	0.000000	-420.000000	0	77.390025	6.634960	3.222492	33.311101	9.337007	-442.964021	11.329661	9.337007	22.964021	18.322688	12.557961	11.486002	0	1	0	0	0
at	1	62.500000	20	3	35	8.000000	55.000000	0.288284	3.282922	2799.791610	-420.000000	0.000000	70.000000	2846.508797	1671.026669	2834.803943	0.000000	0	458.372829	30.021371	44.273852	-0.411743	-478.228925	19.506196	14.774616	-414.197342	44.640762	0.000000	-420.000000	0	70.314336	7.075689	2.765414	31.890024	7.181437	-446.213133	12.750738	7.181437	26.213133	14.774616	5.802658	11.228925	0	1	0	1	0
at	1	62.500000	20	3	35	8.000000	55.000000	0.288284	3.282922	2846.609314	-420.000000	0.000000	71.000000	2893.583567	1671.026669	2834.803943	0.000000	0	457.998794	32.641405	44.044709	-0.933209	-477.005037	19.841634	10.512061	-422.368154	44.640762	0.000000	-420.000000	0	60.843833	9.470503	2.620035	31.943172	4.789426	-449.686595	12.697591	4.789426	29.686595	10.512061	2.368154	10.005037	0	1	0	1	0
at	1	62.500000	20	3	35	8.000000	55.000000	0.288284	3.282922	2893.683229	-420.000000	0.000000	72.000000	2940.567659	1671.026669	2834.803943	0.000000	0	458.080723	32.772461	43.767520	-0.565868	-475.608744	20.022743	10.162165	-424.008731	44.640762	0.000000	-420.000000	0	57.805418	3.038414	0.131055	31.895131	4.798148	-449.808738	12.745631	4.798148	29.808738	10.162165	4.008731	8.608744	0	1	0	1	0
at	1	62.500000	20	3	35	8.000000	55.000000	0.288284	3.282922	2940.664754	-420.000000	0.000000	73.000000	2987.781014	1671.026669	2834.803943	0.000000	0	458.258772	32.870290	44.029194	0.212565	-475.175800	20.143576	9.880372	-424.736694	44.640762	0.000000	-420.000000	0	56.640027	1.165392	0.097830	32.086385	5.046469	-449.956247	12.554378	5.046469	29.956247	9.880372	4.736694	8.175800	0	1	0	1	0
at	1	62.500000	20	3	35	8.000000	55.000000	0.288284	3.282922	2987.882814	-420.000000	0.000000	74.000000	3034.887436	1671.026669	2834.803943	0.000000	0	458.284913	32.868775	44.361845	0.304727	-474.966221	19.677243	9.818024	-424.881710	44.640762	0.000000	-420.000000	0	56.641774	0.001748	0.001515	32.019544	5.061376	-449.923965	12.621219	5.061376	29.923965	9.818024	4.881710	7.966221	0	1	0	1	0
at	1	62.500000	20	3	35	8.000000	55.000000	0.288284	3.282922	3034.988381	-420.000000	0.000000	75.000000	3081.673488	1671.026669	2834.803943	0.000000	0	458.082213	32.808537	44.790928	-0.085011	-474.787673	19.516640	9.812608	-425.106197	44.640762	0.000000	-420.000000	0	56.612733	0.029041	0.060239	32.153784	4.863799	-449.946935	12.486978	4.863799	29.946935	9.812608	5.106197	7.787673	0	1	0	1	0
at	1	62.500000	20	3	35	8.000000	55.000000	0.288284	3.282922	3081.770583	-420.000000	0.000000	76.000000	3128.649453	1671.026669	2834.803943	0.000000	0	457.904988	32.775862	44.374163	-0.459350	-474.677386	19.791027	9.686457	-425.164560	44.640762	0.000000	-420.000000	0	56.203095	0.409638	0.032675	32.082595	4.613554	-449.920973	12.558168	4.613554	29.920973	9.686457	5.164560	7.677386	0	1	0	1	0
at	1	62.500000	20	3	35	8.000000	55.000000	0.288284	3.282922	3128.746120	-420.000000	0.000000	77.000000	3175.887616	1671.026669	2834.803943	0.000000	0	457.469047	32.432736	44.482387	-0.577425	-474.519873	20.893070	9.472803	-425.119892	44.640762	0.000000	-420.000000	0	55.658073	0.545022	0.343126	32.687728	4.447689	-449.819883	11.953034	4.447689	29.819883	9.472803	5.119892	7.519873	0	1	0	1	0
at	1	62.500000	20	3	35	8.000000	55.000000	0.288284	3.282922	3175.983000	-420.000000	0.000000	78.000000	3222.907637	1671.026669	2834.803943	0.000000	0	457.580737	32.550114	44.305101	-0.562756	-474.460607	20.512120	9.416185	-425.214802	44.640762	0.000000	-420.000000	0	55.595274	0.062800	0.117378	32.408611	4.426714	-449.837704	12.232151	4.426714	29.837704	9.416185	5.214802	7.460607	0	1	0	1	0
at	1	62.500000	20	3	35	8.000000	55.000000	0.288284	3.282922	3223.013714	-420.000000	0.000000	79.000000	3270.103883	1671.026669	2834.803943	0.000000	0	457.815542	32.776038	44.176182	-0.543227	-474.475381	19.892835	9.487779	-425.369411	44.640762	0.000000	-420.000000	0	55.692893	0.097619	0.225924	32.034508	4.472276	-449.922396	12.606254	4.472276	29.922396	9.487779	5.369411	7.475381	0	1	0	1	0
at	1	62.500000	20	3	35	8.000000	55.000000	0.288284	3.282922	3270.211243	-420.000000	0.000000	80.000000	3317.274465	1671.026669	2834.803943	0.000000	0	457.921861	32.861700	43.838374	-0.499654	-474.432930	19.679588	9.438019	-425.365982	44.640762	0.000000	-420.000000	0	55.587496	0.105397	0.085662	31.758981	4.469182	-449.899456	12.881781	4.469182	29.899456	9.438019	5.365982	7.432930	0	1	0	1	0
at	1	62.500000	20	3	35	8.000000	55.000000	0.288284	3.282922	3317.379259	-420.000000	0.000000	81.000000	3364.063939	1671.026669	2834.803943	0.000000	0	457.794376	32.831858	44.208971	-0.671491	-474.476076	19.760136	9.447375	-425.473811	44.640762	0.000000	-420.000000	0	55.689847	0.102351	0.029842	31.984554	4.387942	-449.974944	12.656209	4.387942	29.974944	9.447375	5.473811	7.476076	0	1	0	1	0
at	1	62.500000	20	3	35	8.000000	55.000000	0.288284	3.282922	3364.166167	-420.000000	0.000000	82.000000	3411.412885	1671.026669	2834.803943	0.000000	0	457.699462	32.821264	43.815498	-0.843512	-474.429186	19.903688	9.285951	-425.439282	44.640762	0.000000	-420.000000	0	55.447194	0.242653	0.010594	31.859593	4.221220	-449.934234	12.781169	4.221220	29.934234	9.285951	5.439282	7.429186	0	1	0	1	0
at	1	62.500000	20	3	35	8.000000	55.000000	0.288284	3.282922	3411.510407	-420.000000	0.000000	83.000000	3458.177978	1671.026669	2834.803943	0.000000	0	457.411887	32.713035	43.674826	-1.191010	-474.369690	20.313212	9.074433	-425.452228	44.640762	0.000000	-420.000000	0	55.173023	0.274171	0.108228	31.994019	3.941711	-449.910959	12.646743	3.941711	29.910959	9.074433	5.452228	7.369690	0	1	0	1	0
at	1	62.500000	20	3	35	8.000000	55.000000	0.288284	3.282922	3458.274645	-420.000000	0.000000	84.000000	3505.304076	1671.026669	2834.803943	0.000000	0	457.206628	32.708980	43.655042	-1.601019	-474.367308	20.224497	8.889083	-425.475258	44.640762	0.000000	-420.000000	0	55.221964	0.048941	0.004055	31.939770	3.644032	-449.921283	12.700993	3.644032	29.921283	8.889083	5.475258	7.367308	0	1	0	1	0
at	1	62.500000	20	3	35	8.000000	55.000000	0.288284	3.282922	3505.405448	-420.000000	0.000000	85.000000	3552.466103	1671.026669	2834.803943	0.000000	0	457.191654	32.701873	43.717958	-1.575223	-474.339493	20.237750	8.857125	-425.520568	44.640762	0.000000	-420.000000	0	55.167395	0.054568	0.007107	31.977854	3.640951	-449.930030	12.662908	3.640951	29.930030	8.857125	5.520568	7.339493	0	1	0	1	0
at	1	62.500000	20	3	35	8.000000	55.000000	0.288284	3.282922	3552.568331	-420.000000	0.000000	86.000000	3599.400578	1671.026669	2834.803943	0.000000	0	457.196184	32.663583	43.795897	-1.451586	-474.329129	20.393355	8.875351	-425.528237	44.640762	0.000000	-420.000000	0	55.098563	0.068832	0.038290	32.094626	3.711883	-449.928683	12.546137	3.711883	29.928683	8.875351	5.528237	7.329129	0	1	0	1	0
at	1	62.500000	20	3	35	8.000000	55.000000	0.288284	3.282922	3599.498101	-420.000000	0.000000	87.000000	3646.402206	1671.026669	2834.803943	0.000000	0	457.212981	32.657034	43.767629	-1.413933	-474.309510	20.377292	8.877690	-425.509976	44.640762	0.000000	-420.000000	0	55.085569	0.012994	0.006549	32.072460	3.731879	-449.909743	12.568302	3.731879	29.909743	8.877690	5.509976	7.309510	0	1	0	1	0
at	1	62.500000	20	3	35	8.000000	55.000000	0.288284	3.282922	3646.499729	-420.000000	0.000000	88.000000	3693.426077	1671.026669	2834.803943	0.000000	0	457.139841	32.609265	43.670131	-1.461097	-474.261497	20.394307	8.761015	-425.439979	44.640762	0.000000	-420.000000	0	55.043584	0.041985	0.047769	32.032219	3.649959	-449.850738	12.608544	3.649959	29.850738	8.761015	5.439979	7.261497	0	1	0	1	0
at	1	62.500000	20	3	35	8.000000	55.000000	0.288284	3.282922	3693.522316	-420.000000	0.000000	89.000000	3740.799831	1671.026669	2834.803943	0.000000	0	457.015722	32.521191	44.067845	-1.539792	-474.239850	20.274075	8.710064	-425.401703	44.640762	0.000000	-420.000000	0	55.284425	0.240840	0.088073	32.170960	3.585136	-449.820777	12.469802	3.585136	29.820777	8.710064	5.401703	7.239850	0	1	0	1	0
at	1	62.500000	20	3	35	8.000000	55.000000	0.288284	3.282922	3740.901631	-420.000000	0.000000	90.000000	3787.707786	1671.026669	2834.803943	0.000000	0	457.110777	32.615879	43.605382	-1.463171	-474.233528	20.338864	8.634498	-425.447094	44.640762	0.000000	-420.000000	0	54.985542	0.298882	0.094688	31.972123	3.585663	-449.840311	12.668639	3.585663	29.840311	8.634498	5.447094	7.233528	0	1	0	1	0
at	1	62.500000	20	3	35	8.000000	55.000000	0.288284	3.282922	3787.811297	-420.000000	0.000000	91.000000	3834.818486	1671.026669	2834.803943	0.000000	0	457.115580	32.611086	43.533689	-1.377122	-474.233867	20.619661	8.637836	-425.513841	44.640762	0.000000	-420.000000	0	54.763062	0.222480	0.004793	32.076675	3.630357	-449.873854	12.564087	3.630357	29.873854	8.637836	5.513841	7.233867	0	1	0	1	0
at	1	62.500000	20	3	35	8.000000	55.000000	0.288284	3.282922	3834.920286	-420.000000	0.000000	92.000000	3881.683241	1671.026669	2834.803943	0.000000	0	457.236594	32.689516	43.530684	-1.336611	-474.223710	20.268483	8.706206	-425.532097	44.640762	0.000000	-420.000000	0	54.889537	0.126475	0.078430	31.899584	3.684797	-449.877903	12.741179	3.684797	29.877903	8.706206	5.532097	7.223710	0	1	0	1	0
at	1	62.500000	20	3	35	8.000000	55.000000	0.288284	3.282922	3881.779480	-420.000000	0.000000	93.000000	3928.797362	1671.026669	2834.803943	0.000000	0	457.081966	32.608215	43.804317	-1.457716	-474.231616	20.301851	8.614361	-425.502516	44.640762	0.000000	-420.000000	0	55.030335	0.140798	0.081301	32.053084	3.578322	-449.867066	12.587679	3.578322	29.867066	8.614361	5.502516	7.231616	0	1	0	1	0
at	1	62.500000	20	3	35	8.000000	55.000000	0.288284	3.282922	3928.894457	-420.000000	0.000000	94.000000	3976.289598	1671.026669	2834.803943	0.000000	0	456.957760	32.524231	43.868958	-1.519311	-474.182723	20.352973	8.486696	-425.439208	44.640762	0.000000	-420.000000	0	55.036824	0.006488	0.083984	32.110966	3.483692	-449.810965	12.529797	3.483692	29.810965	8.486696	5.439208	7.182723	0	1	0	1	0
at	1	62.500000	20	3	35	8.000000	55.000000	0.288284	3.282922	3976.386693	-420.000000	0.000000	95.000000	4023.171461	1671.026669	2834.803943	0.000000	0	456.880585	32.479518	43.930478	-1.620289	-474.117866	19.984856	8.334497	-425.305633	44.640762	0.000000	-420.000000	0	55.273183	0.236359	0.044712	31.957667	3.357104	-449.711749	12.683095	3.357104	29.711749	8.334497	5.305633	7.117866	0	1	0	1	0
at	1	62.500000	20	3	35	8.000000	55.000000	0.288284	3.282922	4023.267701	-420.000000	0.000000	96.000000	4058.374563	1671.026669	2834.803943	4058.367292	0	456.801131	32.467298	  44.073638   -1.735852 -474.144146	  19.898342    8.268453 -425.297033	44.640762	0.000000	-420.000000	0	55.412738	0.139555	0.012221	0
