subjName	sessionNR	IOD	trialN	textureType	texnum	visualAngle	simulatedDepth	light_intensity	ambient_intensity	time	displayDistance	isRotated	frameN	timTote	startTime	touchTime	endTime	fingersOccluded	distanceToHome	distanceToObject	indexXraw	indexYraw	indexZraw	thumbXraw	thumbYraw	thumbZraw	targetX	targetY	targetZ	failCause	gripAperture	gripApertureVel	distFromObjVel	gripOriginX	gripOriginY	gripOriginZ	distFromObjX	distFromObjY	distFromObjZ	y_dist_thm	z_dist_thm	z_dist_ind	handOnObj	handnearObj	handfarObj	handTouchObj	framesOccluded
at	1	62.500000	60	3	14	8.000000	25.000000	0.218021	3.244807	885.682951	-420.000000	0.000000	30.000000	932.761144	0.000000	0.000000	0.000000	0	8.972858	440.571962	233.997126	-354.759670	-243.496142	238.222597	-352.323948	-236.218269	44.640762	0.000000	-420.000000	0	8.760981	0.024305	0.020709	236.109862	-353.541809	-239.857205	191.469099	353.541809	180.142795	352.323948	183.781731	193.503858	0	0	1	0	0
at	1	62.500000	60	3	14	8.000000	25.000000	0.218021	3.244807	933.044301	-420.000000	0.000000	31.000000	979.556178	0.000000	0.000000	0.000000	0	8.977033	440.577349	234.107991	-354.758598	-243.512932	238.179516	-352.332059	-236.260997	44.640762	0.000000	-420.000000	0	8.663484	0.097496	0.005387	236.143753	-353.545328	-239.886964	191.502991	353.545328	180.113036	352.332059	183.739003	193.487068	0	0	1	0	0
at	1	62.500000	60	3	14	8.000000	25.000000	0.218021	3.244807	979.660117	-420.000000	0.000000	32.000000	1026.673721	0.000000	0.000000	0.000000	0	9.082884	440.624451	234.090471	-354.770443	-243.510471	238.386081	-352.282837	-236.160709	44.640762	0.000000	-420.000000	0	8.869016	0.205532	0.047103	236.238276	-353.526640	-239.835590	191.597514	353.526640	180.164410	352.282837	183.839291	193.489529	0	0	1	0	0
at	1	62.500000	60	3	14	8.000000	25.000000	0.218021	3.244807	1026.781510	-420.000000	0.000000	33.000000	1074.065868	0.000000	0.000000	0.000000	0	9.043435	440.608574	234.122021	-354.770050	-243.497781	238.277769	-352.300908	-236.204126	44.640762	0.000000	-420.000000	0	8.750103	0.118912	0.015878	236.199895	-353.535479	-239.850953	191.559133	353.535479	180.149047	352.300908	183.795874	193.502219	0	0	1	0	0
at	1	62.500000	60	3	14	8.000000	25.000000	0.218021	3.244807	1074.162963	-420.000000	0.000000	34.000000	1121.087172	0.000000	0.000000	0.000000	0	8.988660	440.581965	233.869491	-354.797013	-243.485186	238.323230	-352.287603	-236.153560	44.640762	0.000000	-420.000000	0	8.937879	0.187775	0.026608	236.096361	-353.542308	-239.819373	191.455598	353.542308	180.180627	352.287603	183.846440	193.514814	0	0	1	0	0
at	1	62.500000	60	3	14	8.000000	25.000000	0.218021	3.244807	1121.182984	-420.000000	0.000000	35.000000	1168.709438	0.000000	0.000000	0.000000	0	9.100976	440.644599	234.110307	-354.774738	-243.490051	238.356683	-352.299302	-236.113153	44.640762	0.000000	-420.000000	0	8.864430	0.073449	0.062633	236.233495	-353.537020	-239.801602	191.592733	353.537020	180.198398	352.299302	183.886847	193.509949	0	0	1	0	0
at	1	62.500000	60	3	14	8.000000	25.000000	0.218021	3.244807	1168.807388	-420.000000	0.000000	36.000000	1215.395829	0.000000	0.000000	0.000000	0	8.718647	440.435396	233.910715	-354.726476	-243.596952	237.977900	-352.394428	-236.506961	44.640762	0.000000	-420.000000	0	8.499907	0.364523	0.209203	235.944307	-353.560452	-240.051957	191.303545	353.560452	179.948043	352.394428	183.493039	193.403048	0	0	1	0	0
at	1	62.500000	60	3	14	8.000000	25.000000	0.218021	3.244807	1215.498056	-420.000000	0.000000	37.000000	1262.697724	0.000000	0.000000	0.000000	0	9.192567	440.608748	233.878304	-354.694703	-243.725510	239.056673	-352.180420	-236.160803	44.640762	0.000000	-420.000000	0	9.505888	1.005981	0.173353	236.467488	-353.437561	-239.943157	191.826726	353.437561	180.056843	352.180420	183.839197	193.274490	0	0	1	0	0
at	1	62.500000	60	3	14	8.000000	25.000000	0.218021	3.244807	1262.794391	-420.000000	0.000000	38.000000	1309.795592	0.000000	0.000000	0.000000	0	8.798051	440.327901	233.942010	-354.621356	-243.791234	238.400096	-352.156294	-236.647110	44.640762	0.000000	-420.000000	0	8.774370	0.731518	0.280848	236.171053	-353.388825	-240.219172	191.530291	353.388825	179.780828	352.156294	183.352890	193.208766	0	0	1	0	0
at	1	62.500000	60	3	14	8.000000	25.000000	0.218021	3.244807	1309.994059	-420.000000	0.000000	39.000000	1356.779255	0.000000	0.000000	0.000000	0	9.170031	439.866461	233.732324	-353.971053	-243.783073	238.782745	-351.292501	-236.126128	44.640762	0.000000	-420.000000	0	9.555637	0.781267	0.461439	236.257535	-352.631777	-239.954601	191.616772	352.631777	180.045399	351.292501	183.873872	193.216927	0	0	1	0	0
at	1	62.500000	60	3	14	8.000000	25.000000	0.218021	3.244807	1356.880628	-420.000000	0.000000	40.000000	1404.619664	0.000000	0.000000	0.000000	0	9.066040	435.854727	231.197603	-350.248724	-243.231823	235.137823	-348.041493	-236.076480	44.640762	0.000000	-420.000000	0	8.461450	1.094187	4.011734	233.167713	-349.145109	-239.654151	188.526951	349.145109	180.345849	348.041493	183.923520	193.768177	0	0	1	0	0
at	1	62.500000	60	3	14	8.000000	25.000000	0.218021	3.244807	1404.720608	-420.000000	0.000000	41.000000	1453.747114	1439.892486	0.000000	0.000000	0	14.958732	428.010172	227.314937	-342.111595	-243.541613	232.134759	-340.119544	-235.477739	44.640762	0.000000	-420.000000	0	9.603385	1.141935	7.844556	229.724848	-341.115569	-239.509676	185.084085	341.115569	180.490324	340.119544	184.522261	193.458387	0	0	1	0	0
at	1	62.500000	60	3	14	8.000000	25.000000	0.218021	3.244807	1453.878856	-420.000000	0.000000	42.000000	1498.846196	1439.892486	0.000000	0.000000	0	25.631619	417.078439	225.090149	-330.298128	-245.893513	228.835513	-328.947431	-235.989687	44.640762	0.000000	-420.000000	0	10.674170	1.070784	10.931733	226.962831	-329.622780	-240.941600	182.322069	329.622780	179.058400	328.947431	184.010313	191.106487	0	0	1	0	0
at	1	62.500000	60	3	14	8.000000	25.000000	0.218021	3.244807	1498.950135	-420.000000	0.000000	43.000000	1557.548401	1439.892486	0.000000	0.000000	0	43.740893	398.401760	220.940652	-312.481860	-252.484381	222.725414	-310.678162	-239.695216	44.640762	0.000000	-420.000000	0	13.038461	2.364292	18.676679	221.833033	-311.580011	-246.089799	177.192270	311.580011	173.910201	310.678162	180.304784	184.515619	0	0	1	0	0
at	1	62.500000	60	3	14	8.000000	25.000000	0.218021	3.244807	1628.995701	-420.000000	0.000000	44.000000	1675.104227	1439.892486	0.000000	0.000000	0	95.133878	344.657402	209.823664	-268.088104	-287.480278	203.295544	-264.666705	-258.485088	44.640762	0.000000	-420.000000	0	29.917275	16.878814	53.744358	206.559604	-266.377405	-272.982683	161.918842	266.377405	147.017317	264.666705	161.514912	149.519722	0	0	1	0	0
at	1	62.500000	60	3	14	8.000000	25.000000	0.218021	3.244807	1675.214582	-420.000000	0.000000	45.000000	1721.996357	1439.892486	0.000000	0.000000	0	119.360635	319.513154	202.176339	-250.667459	-304.672679	191.631743	-244.242924	-269.466622	44.640762	0.000000	-420.000000	0	37.308573	7.391297	25.144247	196.904041	-247.455192	-287.069650	152.263279	247.455192	132.930350	244.242924	150.533378	132.327321	0	0	1	0	0
at	1	62.500000	60	3	14	8.000000	25.000000	0.218021	3.244807	1722.147346	-420.000000	0.000000	46.000000	1769.160523	1439.892486	0.000000	0.000000	0	145.066452	293.067457	193.393886	-232.931032	-322.829735	177.997815	-224.318245	-282.881803	44.640762	0.000000	-420.000000	0	43.669856	6.361283	26.445698	185.695851	-228.624639	-302.855769	141.055088	228.624639	117.144231	224.318245	137.118197	114.170265	0	0	1	0	0
at	1	62.500000	60	3	14	8.000000	25.000000	0.218021	3.244807	1769.295686	-420.000000	0.000000	47.000000	1816.521445	1439.892486	0.000000	0.000000	0	171.888453	266.020646	183.234223	-214.584460	-341.132402	165.038844	-204.530116	-298.033617	44.640762	0.000000	-420.000000	0	47.850465	4.180609	27.046811	174.136534	-209.557288	-319.583009	129.495771	209.557288	100.416991	204.530116	121.966383	95.867598	0	0	1	0	0
at	1	62.500000	60	3	14	8.000000	25.000000	0.218021	3.244807	1816.619823	-420.000000	0.000000	48.000000	1863.366096	1439.892486	0.000000	0.000000	0	199.206688	238.862391	171.416237	-196.426610	-359.218868	152.074433	-185.157583	-314.166164	44.640762	0.000000	-420.000000	0	50.307479	2.457015	27.158255	161.745335	-190.792096	-336.692516	117.104573	190.792096	83.307484	185.157583	105.833836	77.781132	0	0	0	0	0
at	1	62.500000	60	3	14	8.000000	25.000000	0.218021	3.244807	1863.528634	-420.000000	0.000000	49.000000	1910.178240	1439.892486	0.000000	0.000000	0	226.342686	212.290036	159.097506	-178.754381	-376.808346	138.567528	-166.448202	-330.226522	44.640762	0.000000	-420.000000	0	52.371637	2.064158	26.572355	148.832517	-172.601292	-353.517434	104.191755	172.601292	66.482566	166.448202	89.773478	60.191654	0	0	0	0	0
at	1	62.500000	60	3	14	8.000000	25.000000	0.218021	3.244807	1910.288594	-420.000000	0.000000	50.000000	1956.922802	1439.892486	0.000000	0.000000	0	252.510489	186.736852	145.413214	-161.228165	-392.266609	124.052259	-149.191485	-344.505516	44.640762	0.000000	-420.000000	0	53.687001	1.315364	25.553183	134.732736	-155.209825	-368.386063	90.091974	155.209825	51.613937	149.191485	75.494484	44.733391	0	0	0	0	0
at	1	62.500000	60	3	14	8.000000	25.000000	0.218021	3.244807	1957.024602	-420.000000	0.000000	51.000000	2004.570731	1439.892486	0.000000	0.000000	0	277.054682	162.751305	130.845868	-144.471610	-405.008481	109.118858	-133.151389	-356.429491	44.640762	0.000000	-420.000000	0	54.407064	0.720063	23.985547	119.982363	-138.811500	-380.718986	75.341601	138.811500	39.281014	133.151389	63.570509	31.991519	0	0	0	0	0
at	1	62.500000	60	3	14	8.000000	25.000000	0.218021	3.244807	2004.668254	-420.000000	0.000000	52.000000	2051.613850	1439.892486	0.000000	0.000000	0	299.728266	140.628713	115.644903	-128.953097	-415.349019	94.063301	-118.301303	-365.757718	44.640762	0.000000	-420.000000	0	55.122803	0.715739	22.122592	104.854102	-123.627200	-390.553369	60.213340	123.627200	29.446631	118.301303	54.242282	21.650981	0	0	0	0	0
at	1	62.500000	60	3	14	8.000000	25.000000	0.218021	3.244807	2051.716505	-420.000000	0.000000	53.000000	2098.711290	1439.892486	0.000000	0.000000	0	320.204489	120.965866	100.658754	-114.541315	-423.350406	79.262636	-105.515852	-373.172918	44.640762	0.000000	-420.000000	0	55.290443	0.167640	19.662847	89.960695	-110.028583	-398.261662	45.319933	110.028583	21.738338	105.515852	46.827082	13.649594	0	0	0	0	0
at	1	62.500000	60	3	14	8.000000	25.000000	0.218021	3.244807	2098.808812	-420.000000	0.000000	54.000000	2145.789482	1439.892486	0.000000	0.000000	0	339.029765	103.292527	87.206018	-101.013450	-429.912789	65.901288	-93.014611	-379.155586	44.640762	0.000000	-420.000000	0	55.625234	0.334791	17.673340	76.553653	-97.014030	-404.534188	31.912891	97.014030	15.465812	93.014611	40.844414	7.087211	0	0	0	0	0
at	1	62.500000	60	3	14	8.000000	25.000000	0.218021	3.244807	2145.890426	-420.000000	0.000000	55.000000	2192.687600	1439.892486	0.000000	0.000000	0	355.776635	88.279186	75.850642	-88.979629	-435.903324	54.171042	-81.681201	-384.399484	44.640762	0.000000	-420.000000	0	56.355281	0.730047	15.013340	65.010842	-85.330415	-410.151404	20.370079	85.330415	9.848596	81.681201	35.600516	1.096676	0	0	0	0	0
at	1	62.500000	60	3	14	8.000000	25.000000	0.218021	3.244807	2192.789827	-420.000000	0.000000	56.000000	2239.542516	1439.892486	0.000000	0.000000	0	370.077175	75.889875	68.082764	-78.304642	-441.552022	45.415494	-71.265967	-389.544324	44.640762	0.000000	-420.000000	0	57.167724	0.812443	12.389312	56.749129	-74.785305	-415.548173	12.108367	74.785305	4.451827	71.265967	30.455676	4.552022	0	0	0	0	0
at	1	62.500000	60	3	14	8.000000	25.000000	0.218021	3.244807	2239.651588	-420.000000	0.000000	57.000000	2286.468009	1439.892486	0.000000	0.000000	0	382.113802	65.824456	62.823102	-68.934031	-446.985273	39.961712	-62.005798	-394.979054	44.640762	0.000000	-420.000000	0	57.230153	0.062430	10.065418	51.392407	-65.469915	-420.982164	6.751645	65.469915	0.982164	62.005798	25.020946	9.985273	0	0	0	0	0
at	1	62.500000	60	3	14	8.000000	25.000000	0.218021	3.244807	2286.565531	-420.000000	0.000000	58.000000	2333.403339	1439.892486	0.000000	0.000000	0	392.503244	57.092251	60.022273	-60.277910	-451.610802	36.125775	-53.112324	-399.948008	44.640762	0.000000	-420.000000	0	57.371008	0.140854	8.732206	48.074024	-56.695117	-425.779405	3.433262	56.695117	5.779405	53.112324	20.051992	14.610802	0	0	0	0	0
at	1	62.500000	60	3	14	8.000000	25.000000	0.218021	3.244807	2333.505566	-420.000000	0.000000	59.000000	2380.967005	1439.892486	0.000000	0.000000	0	401.064274	49.641479	57.954722	-52.221108	-454.927435	35.730432	-45.006091	-404.683421	44.640762	0.000000	-420.000000	0	55.411519	1.959489	7.450771	46.842577	-48.613600	-429.805428	2.201815	48.613600	9.805428	45.006091	15.316579	17.927435	0	0	0	0	0
at	1	62.500000	60	3	14	8.000000	25.000000	0.218021	3.244807	2381.067522	-420.000000	0.000000	60.000000	2427.612762	1439.892486	0.000000	0.000000	0	408.626418	42.997251	55.653620	-44.754533	-456.623132	34.864525	-37.612265	-408.059570	44.640762	0.000000	-420.000000	0	53.306829	2.104690	6.644229	45.259073	-41.183399	-432.341351	0.618310	41.183399	12.341351	37.612265	11.940430	19.623132	0	0	0	0	0
at	1	62.500000	60	3	14	8.000000	25.000000	0.218021	3.244807	2427.718411	-420.000000	0.000000	61.000000	2474.447147	1439.892486	0.000000	0.000000	0	414.625472	37.835627	53.431301	-38.871698	-456.926683	34.035889	-31.497413	-410.840832	44.640762	0.000000	-420.000000	0	50.541743	2.765086	5.161624	43.733595	-35.184556	-433.883758	0.907167	35.184556	13.883758	31.497413	9.159168	19.926683	0	0	0	0	0
at	1	62.500000	60	3	14	8.000000	25.000000	0.218021	3.244807	2474.548092	-420.000000	0.000000	62.000000	2521.295220	1439.892486	0.000000	0.000000	0	419.041845	33.340255	51.781228	-33.697323	-455.714695	35.077279	-26.303788	-413.272995	44.640762	0.000000	-420.000000	0	46.205889	4.335854	4.495372	43.429253	-30.000555	-434.493845	1.211509	30.000555	14.493845	26.303788	6.727005	18.714695	0	1	0	0	0
at	1	62.500000	60	3	14	8.000000	25.000000	0.218021	3.244807	2521.391887	-420.000000	0.000000	63.000000	2568.914064	1439.892486	0.000000	0.000000	0	422.235420	29.871971	49.632760	-30.202702	-453.076191	35.072308	-22.305804	-415.053004	44.640762	0.000000	-420.000000	0	41.474456	4.731433	3.468284	42.352534	-26.254253	-434.064597	2.288228	26.254253	14.064597	22.305804	4.946996	16.076191	0	1	0	0	0
at	1	62.500000	60	3	14	8.000000	25.000000	0.218021	3.244807	2569.014581	-420.000000	0.000000	64.000000	2615.531163	1439.892486	0.000000	0.000000	0	424.061850	27.229065	45.358142	-28.089647	-447.047905	35.264018	-19.877761	-417.238533	44.640762	0.000000	-420.000000	0	32.525760	8.948696	2.642907	40.311080	-23.983704	-432.143219	4.329683	23.983704	12.143219	19.877761	2.761467	10.047905	0	1	0	0	0
at	1	62.500000	60	3	14	8.000000	25.000000	0.218021	3.244807	2615.634673	-420.000000	0.000000	65.000000	2662.254338	1439.892486	0.000000	0.000000	0	424.950993	27.036436	43.510049	-27.346426	-444.641268	34.819556	-19.682492	-419.694136	44.640762	0.000000	-420.000000	0	27.506726	5.019034	0.192628	39.164802	-23.514459	-432.167702	5.475960	23.514459	12.167702	19.682492	0.305864	7.641268	0	1	0	0	0
at	1	62.500000	60	3	14	8.000000	25.000000	0.218021	3.244807	2662.350578	-420.000000	0.000000	66.000000	2709.732886	1439.892486	0.000000	0.000000	0	425.694146	28.049243	43.382286	-27.133731	-444.494013	34.097866	-20.289276	-423.052787	44.640762	0.000000	-420.000000	0	24.346934	3.159792	1.012807	38.740076	-23.711504	-433.773400	5.900687	23.711504	13.773400	20.289276	3.052787	7.494013	0	1	0	0	0
at	1	62.500000	60	3	14	8.000000	25.000000	0.218021	3.244807	2709.834259	-420.000000	0.000000	67.000000	2756.615606	1439.892486	0.000000	0.000000	0	424.801797	30.695285	42.991143	-27.698593	-444.283562	37.125437	-23.451346	-428.404197	44.640762	0.000000	-420.000000	0	17.452789	6.894145	2.646042	40.058290	-25.574970	-436.343880	4.582472	25.574970	16.343880	23.451346	8.404197	7.283562	0	1	0	0	0
at	1	62.500000	60	3	14	8.000000	25.000000	0.218021	3.244807	2756.717406	-420.000000	0.000000	68.000000	2803.979522	1439.892486	0.000000	0.000000	0	423.063993	33.132222	43.851619	-28.901611	-444.309192	42.309904	-25.880062	-432.841993	44.640762	0.000000	-420.000000	0	11.958399	5.494390	2.436937	43.080762	-27.390836	-438.575593	1.560001	27.390836	18.575593	25.880062	12.841993	7.309192	0	1	0	0	0
at	1	62.500000	60	3	14	8.000000	25.000000	0.218021	3.244807	2804.076617	-420.000000	0.000000	69.000000	2850.535455	1439.892486	0.000000	0.000000	0	422.850764	33.279923	44.897421	-29.504922	-444.541783	44.483788	-24.793563	-433.953381	44.640762	0.000000	-420.000000	0	11.596648	0.361751	0.147700	44.690605	-27.149242	-439.247582	0.049842	27.149242	19.247582	24.793563	13.953381	7.541783	0	1	0	0	0
at	1	62.500000	60	3	14	8.000000	25.000000	0.218021	3.244807	2850.730072	-420.000000	0.000000	70.000000	2897.711170	1439.892486	0.000000	0.000000	0	423.337164	33.208476	44.670217	-29.146127	-444.586636	44.613704	-24.412724	-434.690087	44.640762	0.000000	-420.000000	0	10.970414	0.626234	0.071447	44.641961	-26.779426	-439.638362	0.001198	26.779426	19.638362	24.412724	14.690087	7.586636	0	1	0	0	0
at	1	62.500000	60	3	14	8.000000	25.000000	0.218021	3.244807	2897.812114	-420.000000	0.000000	71.000000	2944.648638	1439.892486	0.000000	0.000000	0	423.979487	32.977351	44.602428	-28.477517	-444.727538	44.325059	-24.012093	-435.206636	44.640762	0.000000	-420.000000	0	10.519721	0.450694	0.231125	44.463744	-26.244805	-439.967087	0.177019	26.244805	19.967087	24.012093	15.206636	7.727538	0	1	0	0	0
at	1	62.500000	60	3	14	8.000000	25.000000	0.218021	3.244807	2944.745733	-420.000000	0.000000	72.000000	2991.579263	1439.892486	0.000000	0.000000	0	424.269430	32.604948	45.051990	-27.906101	-444.767903	44.463604	-23.565069	-435.269510	44.640762	0.000000	-420.000000	0	10.459934	0.059787	0.372403	44.757797	-25.735585	-440.018706	0.117035	25.735585	20.018706	23.565069	15.269510	7.767903	0	1	0	0	0
at	1	62.500000	60	3	14	8.000000	25.000000	0.218021	3.244807	2991.681491	-420.000000	0.000000	73.000000	3038.920082	1439.892486	0.000000	0.000000	0	424.276478	32.076109	45.741453	-27.307099	-444.452921	45.000256	-23.175963	-435.105079	44.640762	0.000000	-420.000000	0	10.246844	0.213090	0.528839	45.370855	-25.241531	-439.779000	0.730092	25.241531	19.779000	23.175963	15.105079	7.452921	0	1	0	0	0
at	1	62.500000	60	3	14	8.000000	25.000000	0.218021	3.244807	3039.020599	-420.000000	0.000000	74.000000	3085.799807	1439.892486	0.000000	0.000000	0	424.285186	32.006544	45.568322	-27.163435	-444.277828	45.349259	-23.172501	-435.235363	44.640762	0.000000	-420.000000	0	9.886441	0.360403	0.069565	45.458790	-25.167968	-439.756596	0.818028	25.167968	19.756596	23.172501	15.235363	7.277828	0	1	0	0	0
at	1	62.500000	60	3	14	8.000000	25.000000	0.218021	3.244807	3085.900752	-420.000000	0.000000	75.000000	3132.918634	1439.892486	0.000000	0.000000	0	424.242177	32.105655	45.446826	-27.193894	-444.149967	45.466767	-23.314691	-435.464568	44.640762	0.000000	-420.000000	0	9.512348	0.374092	0.099111	45.456797	-25.254293	-439.807267	0.816035	25.254293	19.807267	23.314691	15.464568	7.149967	0	1	0	0	0
at	1	62.500000	60	3	14	8.000000	25.000000	0.218021	3.244807	3133.020862	-420.000000	0.000000	76.000000	3180.223096	1439.892486	0.000000	0.000000	0	424.155342	32.244913	45.622520	-27.363252	-444.111386	45.451284	-23.371474	-435.659371	44.640762	0.000000	-420.000000	0	9.348806	0.163542	0.139259	45.536902	-25.367363	-439.885378	0.896140	25.367363	19.885378	23.371474	15.659371	7.111386	0	1	0	0	0
at	1	62.500000	60	3	14	8.000000	25.000000	0.218021	3.244807	3180.319763	-420.000000	0.000000	77.000000	3227.108809	1439.892486	0.000000	0.000000	0	424.286794	32.521100	45.678261	-27.505542	-444.209164	45.143329	-23.420612	-436.221550	44.640762	0.000000	-420.000000	0	8.987479	0.361327	0.276187	45.410795	-25.463077	-440.215357	0.770033	25.463077	20.215357	23.420612	16.221550	7.209164	0	1	0	0	0
at	1	62.500000	60	3	14	8.000000	25.000000	0.218021	3.244807	3227.208898	-420.000000	0.000000	78.000000	3274.225069	1439.892486	0.000000	0.000000	0	424.395077	32.587768	45.680090	-27.481234	-444.236739	45.031784	-23.393755	-436.476158	44.640762	0.000000	-420.000000	0	8.795135	0.192344	0.066668	45.355937	-25.437495	-440.356448	0.715174	25.437495	20.356448	23.393755	16.476158	7.236739	0	1	0	0	0
at	1	62.500000	60	3	14	8.000000	25.000000	0.218021	3.244807	3274.326442	-420.000000	0.000000	79.000000	3321.169810	1439.892486	0.000000	0.000000	0	424.383415	32.522126	45.494751	-27.490236	-444.152769	45.178686	-23.343438	-436.402809	44.640762	0.000000	-420.000000	0	8.795323	0.000189	0.065642	45.336718	-25.416837	-440.277789	0.695956	25.416837	20.277789	23.343438	16.402809	7.152769	0	1	0	0	0
at	1	62.500000	60	3	14	8.000000	25.000000	0.218021	3.244807	3321.269043	-420.000000	0.000000	80.000000	3368.426365	1439.892486	0.000000	0.000000	0	424.185096	32.611113	45.678438	-27.601324	-444.151789	45.176812	-23.561919	-436.268314	44.640762	0.000000	-420.000000	0	8.872294	0.076970	0.088987	45.427625	-25.581621	-440.210051	0.786863	25.581621	20.210051	23.561919	16.268314	7.151789	0	1	0	0	0
at	1	62.500000	60	3	14	8.000000	25.000000	0.218021	3.244807	3368.524744	-420.000000	0.000000	81.000000	3415.744087	1439.892486	0.000000	0.000000	0	424.076349	32.152842	45.386220	-27.623480	-444.129922	43.833760	-23.728133	-434.577042	44.640762	0.000000	-420.000000	0	10.432707	1.560413	0.458270	44.609990	-25.675807	-439.353482	0.030772	25.675807	19.353482	23.728133	14.577042	7.129922	0	1	0	0	0
at	1	62.500000	60	3	14	8.000000	25.000000	0.218021	3.244807	3415.840754	-420.000000	0.000000	82.000000	3463.546855	1439.892486	0.000000	0.000000	0	426.969008	28.672517	45.941286	-26.246980	-448.822974	35.880022	-19.197506	-425.347141	44.640762	0.000000	-420.000000	0	26.496015	16.063308	3.480326	40.910654	-22.722243	-437.085058	3.730108	22.722243	17.085058	19.197506	5.347141	11.822974	0	1	0	0	0
at	1	62.500000	60	3	14	8.000000	25.000000	0.218021	3.244807	3463.643950	-420.000000	0.000000	83.000000	3510.150694	1439.892486	0.000000	0.000000	0	430.774266	26.045967	45.985806	-23.541408	-456.232896	26.749789	-15.261932	-414.330195	44.640762	0.000000	-420.000000	0	46.844535	20.348520	2.626550	36.367798	-19.401670	-435.281546	8.272965	19.401670	15.281546	15.261932	5.669805	19.232896	0	1	0	0	0
at	1	62.500000	60	3	14	8.000000	25.000000	0.218021	3.244807	3510.255060	-420.000000	0.000000	84.000000	3557.213915	1439.892486	3545.540714	0.000000	0	433.525370	22.916460	44.681828	-20.983160	-457.424623	20.477243	-10.742130	-405.208753	44.640762	0.000000	-420.000000	0	58.457144	11.612609	3.129507	32.579536	-15.862645	-431.316688	12.061227	15.862645	11.316688	10.742130	14.791247	20.424623	0	1	0	1	0
at	1	62.500000	60	3	14	8.000000	25.000000	0.218021	3.244807	3557.321704	-420.000000	0.000000	85.000000	3604.589381	1439.892486	3545.540714	0.000000	0	436.069322	21.497226	42.351843	-18.152423	-454.762426	16.506380	-7.399567	-401.670513	44.640762	0.000000	-420.000000	0	60.019690	1.562546	1.419233	29.429111	-12.775995	-428.216469	15.211651	12.775995	8.216469	7.399567	18.329487	17.762426	0	1	0	0	0
at	1	62.500000	60	3	14	8.000000	25.000000	0.218021	3.244807	3604.686475	-420.000000	0.000000	86.000000	3651.588443	1439.892486	3545.540714	0.000000	0	438.466247	22.227148	39.647566	-16.406268	-451.116010	14.376906	-5.554073	-404.722803	44.640762	0.000000	-420.000000	0	53.932421	6.087269	0.729921	27.012236	-10.980170	-427.919407	17.628526	10.980170	7.919407	5.554073	15.277197	14.116010	0	1	0	0	0
at	1	62.500000	60	3	14	8.000000	25.000000	0.218021	3.244807	3651.685965	-420.000000	0.000000	87.000000	3698.393315	1439.892486	3545.540714	0.000000	0	438.959045	23.118400	39.398601	-15.615453	-447.841773	15.009767	-7.133302	-412.262924	44.640762	0.000000	-420.000000	0	43.961536	9.970885	0.891252	27.204184	-11.374377	-430.052348	17.436578	11.374377	10.052348	7.133302	7.737076	10.841773	0	1	0	1	0
at	1	62.500000	60	3	14	8.000000	25.000000	0.218021	3.244807	3698.496826	-420.000000	0.000000	88.000000	3745.219146	1439.892486	3545.540714	0.000000	0	439.179762	22.795770	39.838172	-15.143223	-446.427022	18.570876	-7.301372	-418.507269	44.640762	0.000000	-420.000000	0	35.962551	7.998984	0.322630	29.204524	-11.222298	-432.467145	15.436238	11.222298	12.467145	7.301372	1.492731	9.427022	0	1	0	1	0
at	1	62.500000	60	3	14	8.000000	25.000000	0.218021	3.244807	3745.316241	-420.000000	0.000000	89.000000	3792.007336	1439.892486	3545.540714	0.000000	0	438.941092	21.741391	40.895034	-15.849402	-445.761659	23.234098	-5.671215	-422.433597	44.640762	0.000000	-420.000000	0	30.979068	4.983484	1.054379	32.064566	-10.760308	-434.097628	12.576196	10.760308	14.097628	5.671215	2.433597	8.761659	0	1	0	1	0
at	1	62.500000	60	3	14	8.000000	25.000000	0.218021	3.244807	3792.114269	-420.000000	0.000000	90.000000	3839.150116	1439.892486	3545.540714	0.000000	0	439.116546	22.231190	40.792902	-16.719997	-445.605969	22.531380	-5.116633	-423.139228	44.640762	0.000000	-420.000000	0	31.190955	0.211887	0.489799	31.662141	-10.918315	-434.372598	12.978621	10.918315	14.372598	5.116633	3.139228	8.605969	0	1	0	1	0
at	1	62.500000	60	3	14	8.000000	25.000000	0.218021	3.244807	3839.255338	-420.000000	0.000000	91.000000	3886.158160	1439.892486	3545.540714	0.000000	0	439.016286	21.925432	39.907042	-16.530444	-445.562166	23.818782	-5.098132	-422.757599	44.640762	0.000000	-420.000000	0	30.159213	1.031742	0.305758	31.862912	-10.814288	-434.159882	12.777851	10.814288	14.159882	5.098132	2.757599	8.562166	0	1	0	1	0
at	1	62.500000	60	3	14	8.000000	25.000000	0.218021	3.244807	3886.256111	-420.000000	0.000000	92.000000	3933.412578	1439.892486	3545.540714	0.000000	0	439.193043	18.938959	41.788195	-16.139236	-446.072210	26.750841	-1.289748	-420.398836	44.640762	0.000000	-420.000000	0	33.252841	3.093628	2.986473	34.269518	-8.714492	-433.235523	10.371244	8.714492	13.235523	1.289748	0.398836	9.072210	0	1	0	1	0
at	1	62.500000	60	3	14	8.000000	25.000000	0.218021	3.244807	3933.510100	-420.000000	0.000000	93.000000	3980.352185	1439.892486	3545.540714	0.000000	0	439.698145	15.769373	43.914520	-14.281694	-446.239409	30.527825	2.184695	-418.823588	44.640762	0.000000	-420.000000	0	34.669479	1.416638	3.169586	37.221172	-6.048500	-432.531499	7.419590	6.048500	12.531499	2.184695	1.176412	9.239409	0	1	0	1	0
at	1	62.500000	60	3	14	8.000000	25.000000	0.218021	3.244807	3980.450991	-420.000000	0.000000	94.000000	4027.580511	1439.892486	3545.540714	0.000000	0	440.477434	13.888033	45.924417	-11.749066	-446.272400	34.240609	4.634270	-418.981887	44.640762	0.000000	-420.000000	0	33.907185	0.762294	1.881339	40.082513	-3.557398	-432.627144	4.558249	3.557398	12.627144	4.634270	1.018113	9.272400	0	1	0	1	0
at	1	62.500000	60	3	14	8.000000	25.000000	0.218021	3.244807	4027.682311	-420.000000	0.000000	95.000000	4074.585133	1439.892486	3545.540714	0.000000	0	441.270963	13.104452	47.617627	-9.530923	-446.601505	37.493939	6.795093	-419.128503	44.640762	0.000000	-420.000000	0	33.523033	0.384152	0.783582	42.555783	-1.367915	-432.865004	2.084979	1.367915	12.865004	6.795093	0.871497	9.601505	0	1	0	1	0
at	1	62.500000	60	3	14	8.000000	25.000000	0.218021	3.244807	4074.686078	-420.000000	0.000000	96.000000	4121.539283	1439.892486	3545.540714	0.000000	0	441.810837	13.040579	48.918196	-7.367777	-446.596661	38.970117	7.275205	-419.447095	44.640762	0.000000	-420.000000	0	32.411111	1.111921	0.063873	43.944157	-0.046286	-433.021878	0.696606	0.046286	13.021878	7.275205	0.552905	9.596661	0	1	0	1	0
at	1	62.500000	60	3	14	8.000000	25.000000	0.218021	3.244807	4121.640228	-420.000000	0.000000	97.000000	4168.524658	1439.892486	3545.540714	0.000000	0	442.098782	12.664130	49.545102	-5.813037	-445.323405	39.010226	7.187989	-419.957079	44.640762	0.000000	-420.000000	0	30.388498	2.022614	0.376449	44.277664	0.687476	-432.640242	0.363098	0.687476	12.640242	7.187989	0.042921	8.323405	0	1	0	1	0
at	1	62.500000	60	3	14	8.000000	25.000000	0.218021	3.244807	4168.620897	-420.000000	0.000000	98.000000	4215.621670	1439.892486	3545.540714	0.000000	0	442.306809	12.489438	48.889269	-5.304426	-444.526783	38.717743	6.917259	-420.343661	44.640762	0.000000	-420.000000	0	28.942235	1.446263	0.174692	43.803506	0.806416	-432.435222	0.837256	0.806416	12.435222	6.917259	0.343661	7.526783	1	1	0	1	0
at	1	62.500000	60	3	14	8.000000	25.000000	0.218021	3.244807	4215.718338	-420.000000	0.000000	99.000000	4262.734509	1439.892486	3545.540714	0.000000	0	442.303739	12.514071	48.678495	-5.111715	-444.301419	39.149483	6.801813	-420.627253	44.640762	0.000000	-420.000000	0	28.163813	0.778422	0.024633	43.913989	0.845049	-432.464336	0.726773	0.845049	12.464336	6.801813	0.627253	7.301419	1	1	0	1	0
at	1	62.500000	60	3	14	8.000000	25.000000	0.218021	3.244807	4262.830320	-420.000000	0.000000	100.000000	4309.946581	1439.892486	3545.540714	0.000000	0	442.383501	12.508501	48.588881	-5.033304	-444.161008	39.037185	6.832914	-420.736205	44.640762	0.000000	-420.000000	0	27.942145	0.221668	0.005571	43.813033	0.899805	-432.448607	0.827730	0.899805	12.448607	6.832914	0.736205	7.161008	1	1	0	1	0
at	1	62.500000	60	3	14	8.000000	25.000000	0.218021	3.244807	4310.052230	-420.000000	0.000000	101.000000	4356.715096	1439.892486	3545.540714	0.000000	0	442.421143	12.555332	48.471261	-5.053163	-444.112320	39.079756	6.860824	-420.873339	44.640762	0.000000	-420.000000	0	27.752364	0.189781	0.046832	43.775508	0.903830	-432.492830	0.865254	0.903830	12.492830	6.860824	0.873339	7.112320	1	1	0	1	0
at	1	62.500000	60	3	14	8.000000	25.000000	0.218021	3.244807	4356.821173	-420.000000	0.000000	102.000000	4403.894232	1439.892486	3545.540714	0.000000	0	442.314217	12.564889	48.778427	-5.107418	-444.110944	39.057171	6.772919	-420.921858	44.640762	0.000000	-420.000000	0	27.809692	0.057328	0.009557	43.917799	0.832750	-432.516401	0.722963	0.832750	12.516401	6.772919	0.921858	7.110944	1	1	0	1	0
at	1	62.500000	60	3	14	8.000000	25.000000	0.218021	3.244807	4403.991327	-420.000000	0.000000	103.000000	4451.069092	1439.892486	3545.540714	0.000000	0	442.374672	12.597224	48.691800	-5.101622	-444.120386	38.920965	6.774597	-420.963007	44.640762	0.000000	-420.000000	0	27.798885	0.010807	0.032335	43.806382	0.836488	-432.541697	0.834380	0.836488	12.541697	6.774597	0.963007	7.120386	1	1	0	1	0
at	1	62.500000	60	3	14	8.000000	25.000000	0.218021	3.244807	4451.165759	-420.000000	0.000000	104.000000	4498.058744	1439.892486	3545.540714	0.000000	0	442.318618	12.546292	48.747858	-5.092063	-444.042007	38.932487	6.710340	-420.947094	44.640762	0.000000	-420.000000	0	27.731088	0.067797	0.050932	43.840173	0.809139	-432.494551	0.800590	0.809139	12.494551	6.710340	0.947094	7.042007	1	1	0	1	0
at	1	62.500000	60	3	14	8.000000	25.000000	0.218021	3.244807	4498.155411	-420.000000	0.000000	105.000000	4545.132659	1439.892486	3545.540714	0.000000	0	442.262799	12.550137	48.803764	-5.202263	-444.051734	38.856146	6.662456	-420.953504	44.640762	0.000000	-420.000000	0	27.807461	0.076373	0.003845	43.829955	0.730097	-432.502619	0.810807	0.730097	12.502619	6.662456	0.953504	7.051734	1	1	0	1	0
at	1	62.500000	60	3	14	8.000000	25.000000	0.218021	3.244807	4545.229753	-420.000000	0.000000	106.000000	4592.199730	1439.892486	3545.540714	0.000000	0	442.028855	12.545938	49.529123	-5.371209	-444.134927	38.827170	6.591973	-420.910152	44.640762	0.000000	-420.000000	0	28.231891	0.424430	0.004199	44.178147	0.610382	-432.522539	0.462615	0.610382	12.522539	6.591973	0.910152	7.134927	1	1	0	1	0
at	1	62.500000	60	3	14	8.000000	25.000000	0.218021	3.244807	4592.300247	-420.000000	0.000000	107.000000	4639.348070	1439.892486	3545.540714	0.000000	0	441.833400	12.524150	49.929481	-5.427427	-444.142852	39.087626	6.517986	-420.880299	44.640762	0.000000	-420.000000	0	28.308746	0.076855	0.021788	44.508553	0.545280	-432.511576	0.132209	0.545280	12.511576	6.517986	0.880299	7.142852	1	1	0	1	0
at	1	62.500000	60	3	14	8.000000	25.000000	0.218021	3.244807	4639.448159	-420.000000	0.000000	108.000000	4686.374507	1439.892486	3545.540714	0.000000	0	441.844846	12.485257	49.817685	-5.463766	-444.096891	38.987966	6.514223	-420.846979	44.640762	0.000000	-420.000000	0	28.307481	0.001265	0.038893	44.402825	0.525229	-432.471935	0.237937	0.525229	12.471935	6.514223	0.846979	7.096891	1	1	0	1	0
at	1	62.500000	60	3	14	8.000000	25.000000	0.218021	3.244807	4686.471601	-420.000000	0.000000	109.000000	4733.513009	1439.892486	3545.540714	0.000000	0	441.729427	12.495106	49.873717	-5.618039	-444.088172	39.108616	6.457430	-420.886146	44.640762	0.000000	-420.000000	0	28.284949	0.022532	0.009849	44.491166	0.419695	-432.487159	0.149596	0.419695	12.487159	6.457430	0.886146	7.088172	1	1	0	1	0
at	1	62.500000	60	3	14	8.000000	25.000000	0.218021	3.244807	4733.610104	-420.000000	0.000000	110.000000	4780.169886	1439.892486	3545.540714	0.000000	0	441.641562	12.472525	49.834163	-5.793393	-444.047248	39.077512	6.397963	-420.887732	44.640762	0.000000	-420.000000	0	28.296605	0.011657	0.022580	44.455838	0.302285	-432.467490	0.184925	0.302285	12.467490	6.397963	0.887732	7.047248	1	1	0	1	0
at	1	62.500000	60	3	14	8.000000	25.000000	0.218021	3.244807	4780.325580	-420.000000	0.000000	111.000000	4827.598390	1439.892486	3545.540714	0.000000	0	441.436973	12.408151	50.023338	-5.904943	-443.992083	39.067368	6.157183	-420.822204	44.640762	0.000000	-420.000000	0	28.326162	0.029556	0.064374	44.545353	0.126120	-432.407144	0.095409	0.126120	12.407144	6.157183	0.822204	6.992083	1	1	0	1	0
at	1	62.500000	60	3	14	8.000000	25.000000	0.218021	3.244807	4827.703612	-420.000000	0.000000	112.000000	4874.827571	1439.892486	3545.540714	0.000000	0	441.346618	12.427554	49.835418	-6.037438	-444.014265	39.163510	5.996298	-420.839202	44.640762	0.000000	-420.000000	0	28.209643	0.116519	0.019402	44.499464	-0.020570	-432.426734	0.141299	0.020570	12.426734	5.996298	0.839202	7.014265	1	1	0	1	0
at	1	62.500000	60	3	14	8.000000	25.000000	0.218021	3.244807	4874.931937	-420.000000	0.000000	113.000000	4921.253901	1439.892486	3545.540714	0.000000	0	441.380208	12.423410	49.758692	-6.031460	-443.989921	39.145523	6.029495	-420.854035	44.640762	0.000000	-420.000000	0	28.166916	0.042727	0.004143	44.452108	-0.000982	-432.421978	0.188655	0.000982	12.421978	6.029495	0.854035	6.989921	1	1	0	1	0
at	1	62.500000	60	3	14	8.000000	25.000000	0.218021	3.244807	4921.355274	-420.000000	0.000000	114.000000	4968.787627	1439.892486	3545.540714	0.000000	0	441.399193	12.432870	49.867402	-6.005099	-444.012338	39.083196	6.064344	-420.851128	44.640762	0.000000	-420.000000	0	28.256189	0.089272	0.009459	44.475299	0.029623	-432.431733	0.165464	0.029623	12.431733	6.064344	0.851128	7.012338	1	1	0	1	0
at	1	62.500000	60	3	14	8.000000	25.000000	0.218021	3.244807	4968.885150	-420.000000	0.000000	115.000000	5004.200317	1439.892486	3545.540714	5004.196039	0	441.454136	12.436606	  49.746310   -6.004286 -444.003786	  39.031090    6.107552 -420.864102	44.640762	0.000000	-420.000000	0	28.230436	0.025753	0.003737	0
