subjName	sessionNR	IOD	trialN	textureType	texnum	visualAngle	simulatedDepth	light_intensity	ambient_intensity	time	displayDistance	isRotated	frameN	timTote	startTime	touchTime	endTime	fingersOccluded	distanceToHome	distanceToObject	indexXraw	indexYraw	indexZraw	thumbXraw	thumbYraw	thumbZraw	targetX	targetY	targetZ	failCause	gripAperture	gripApertureVel	distFromObjVel	gripOriginX	gripOriginY	gripOriginZ	distFromObjX	distFromObjY	distFromObjZ	y_dist_thm	z_dist_thm	z_dist_ind	handOnObj	handnearObj	handfarObj	handTouchObj	framesOccluded
at	1	62.500000	15	3	26	8.000000	55.000000	0.295511	3.267650	884.528078	-420.000000	0.000000	30.000000	931.870180	0.000000	0.000000	0.000000	0	1.960275	437.285871	228.973299	-355.716883	-248.735217	232.036903	-353.551106	-239.650732	44.640762	0.000000	-420.000000	0	9.828739	0.060952	0.026776	230.505101	-354.633995	-244.192975	185.864338	354.633995	175.807025	353.551106	180.349268	218.264783	0	0	1	0	0
at	1	62.500000	15	3	26	8.000000	55.000000	0.295511	3.267650	932.070358	-420.000000	0.000000	31.000000	978.065536	0.000000	0.000000	0.000000	0	1.906148	437.249464	228.948954	-355.712524	-248.733067	231.966041	-353.551549	-239.725453	44.640762	0.000000	-420.000000	0	9.742163	0.086576	0.036407	230.457498	-354.632037	-244.229260	185.816735	354.632037	175.770740	353.551549	180.274547	218.266933	0	0	1	0	0
at	1	62.500000	15	3	26	8.000000	55.000000	0.295511	3.267650	978.168191	-420.000000	0.000000	32.000000	1025.706194	0.000000	0.000000	0.000000	0	2.018236	437.342713	229.205388	-355.739360	-248.745352	232.055751	-353.541407	-239.648966	44.640762	0.000000	-420.000000	0	9.782628	0.040465	0.093250	230.630570	-354.640384	-244.197159	185.989807	354.640384	175.802841	353.541407	180.351034	218.254648	0	0	1	0	0
at	1	62.500000	15	3	26	8.000000	55.000000	0.295511	3.267650	1025.803289	-420.000000	0.000000	33.000000	1072.809195	0.000000	0.000000	0.000000	0	1.919317	437.268977	229.007540	-355.720833	-248.721188	231.954709	-353.564064	-239.732218	44.640762	0.000000	-420.000000	0	9.702527	0.080101	0.073736	230.481124	-354.642449	-244.226703	185.840362	354.642449	175.773297	353.564064	180.267782	218.278812	0	0	1	0	0
at	1	62.500000	15	3	26	8.000000	55.000000	0.295511	3.267650	1072.905862	-420.000000	0.000000	34.000000	1119.995175	0.000000	0.000000	0.000000	0	1.993166	437.312580	229.019981	-355.739871	-248.719660	232.061299	-353.538610	-239.629730	44.640762	0.000000	-420.000000	0	9.834734	0.132207	0.043603	230.540640	-354.639240	-244.174695	185.899877	354.639240	175.825305	353.538610	180.370270	218.280340	0	0	1	0	0
at	1	62.500000	15	3	26	8.000000	55.000000	0.295511	3.267650	1120.091842	-420.000000	0.000000	35.000000	1166.694398	0.000000	0.000000	0.000000	0	1.937668	437.264992	228.843084	-355.737057	-248.703139	232.026707	-353.543017	-239.662636	44.640762	0.000000	-420.000000	0	9.832597	0.002137	0.047589	230.434896	-354.640037	-244.182888	185.794133	354.640037	175.817112	353.543017	180.337364	218.296861	0	0	1	0	0
at	1	62.500000	15	3	26	8.000000	55.000000	0.295511	3.267650	1166.791065	-420.000000	0.000000	36.000000	1213.932561	0.000000	0.000000	0.000000	0	1.932205	437.271124	228.963755	-355.727798	-248.705362	231.961103	-353.558101	-239.699858	44.640762	0.000000	-420.000000	0	9.736056	0.096541	0.006133	230.462429	-354.642950	-244.202610	185.821667	354.642950	175.797390	353.558101	180.300142	218.294638	0	0	1	0	0
at	1	62.500000	15	3	26	8.000000	55.000000	0.295511	3.267650	1214.028801	-420.000000	0.000000	37.000000	1261.165164	0.000000	0.000000	0.000000	0	1.990646	437.301107	228.910389	-355.737401	-248.699604	232.068981	-353.542577	-239.602150	44.640762	0.000000	-420.000000	0	9.877127	0.141071	0.029983	230.489685	-354.639989	-244.150877	185.848923	354.639989	175.849123	353.542577	180.397850	218.300396	0	0	1	0	0
at	1	62.500000	15	3	26	8.000000	55.000000	0.295511	3.267650	1261.267392	-420.000000	0.000000	38.000000	1308.054727	0.000000	0.000000	0.000000	0	1.976550	437.309734	228.931113	-355.769510	-248.709904	232.036350	-353.550924	-239.617952	44.640762	0.000000	-420.000000	0	9.860437	0.016691	0.008627	230.483731	-354.660217	-244.163928	185.842969	354.660217	175.836072	353.550924	180.382048	218.290096	0	0	1	0	0
at	1	62.500000	15	3	26	8.000000	55.000000	0.295511	3.267650	1308.285702	-420.000000	0.000000	39.000000	1354.783036	0.000000	0.000000	0.000000	0	1.948855	437.279531	228.973743	-355.743652	-248.746206	232.007043	-353.529279	-239.650154	44.640762	0.000000	-420.000000	0	9.840860	0.019576	0.030203	230.490393	-354.636466	-244.198180	185.849631	354.636466	175.801820	353.529279	180.349846	218.253794	0	0	1	0	0
at	1	62.500000	15	3	26	8.000000	55.000000	0.295511	3.267650	1354.883125	-420.000000	0.000000	40.000000	1402.651247	0.000000	0.000000	0.000000	0	2.000303	437.317959	229.193721	-355.729787	-248.794744	232.071411	-353.509772	-239.643835	44.640762	0.000000	-420.000000	0	9.846253	0.005393	0.038428	230.632566	-354.619779	-244.219289	185.991804	354.619779	175.780711	353.509772	180.356165	218.205256	0	0	1	0	0
at	1	62.500000	15	3	26	8.000000	55.000000	0.295511	3.267650	1402.748342	-420.000000	0.000000	41.000000	1449.614379	0.000000	0.000000	0.000000	0	1.978868	437.304225	229.093067	-355.719313	-248.825744	232.099256	-353.527689	-239.619157	44.640762	0.000000	-420.000000	0	9.929836	0.083582	0.013734	230.596162	-354.623501	-244.222450	185.955399	354.623501	175.777550	353.527689	180.380843	218.174256	0	0	1	0	0
at	1	62.500000	15	3	26	8.000000	55.000000	0.295511	3.267650	1449.711046	-420.000000	0.000000	42.000000	1496.294354	0.000000	0.000000	0.000000	0	1.855135	437.240742	229.020957	-355.673859	-248.882233	231.983332	-353.603033	-239.739991	44.640762	0.000000	-420.000000	0	9.830797	0.099039	0.063483	230.502144	-354.638446	-244.311112	185.861382	354.638446	175.688888	353.603033	180.260009	218.117767	0	0	1	0	0
at	1	62.500000	15	3	26	8.000000	55.000000	0.295511	3.267650	1496.391021	-420.000000	0.000000	43.000000	1543.707887	0.000000	0.000000	0.000000	0	1.841980	437.281913	229.235845	-355.695705	-248.967433	231.965819	-353.654649	-239.807038	44.640762	0.000000	-420.000000	0	9.774022	0.056775	0.041171	230.600832	-354.675177	-244.387235	185.960069	354.675177	175.612765	353.654649	180.192962	218.032567	0	0	1	0	0
at	1	62.500000	15	3	26	8.000000	55.000000	0.295511	3.267650	1543.804127	-420.000000	0.000000	44.000000	1590.671875	0.000000	0.000000	0.000000	0	1.644386	437.166131	228.968468	-355.680638	-248.996201	231.769661	-353.719201	-239.964253	44.640762	0.000000	-420.000000	0	9.657640	0.116382	0.115782	230.369065	-354.699920	-244.480227	185.728303	354.699920	175.519773	353.719201	180.035747	218.003799	0	0	1	0	0
at	1	62.500000	15	3	26	8.000000	55.000000	0.295511	3.267650	1590.772392	-420.000000	0.000000	45.000000	1637.564432	0.000000	0.000000	0.000000	0	1.736799	437.223363	229.208800	-355.680815	-249.038800	231.861967	-353.676016	-239.901771	44.640762	0.000000	-420.000000	0	9.723364	0.065724	0.057232	230.535384	-354.678415	-244.470286	185.894621	354.678415	175.529714	353.676016	180.098229	217.961200	0	0	1	0	0
at	1	62.500000	15	3	26	8.000000	55.000000	0.295511	3.267650	1637.660672	-420.000000	0.000000	46.000000	1684.752124	0.000000	0.000000	0.000000	0	1.724691	437.194723	229.162726	-355.692654	-249.052720	231.840196	-353.621432	-239.872310	44.640762	0.000000	-420.000000	0	9.784618	0.061253	0.028640	230.501461	-354.657043	-244.462515	185.860698	354.657043	175.537485	353.621432	180.127690	217.947280	0	0	1	0	0
at	1	62.500000	15	3	26	8.000000	55.000000	0.295511	3.267650	1684.849218	-420.000000	0.000000	47.000000	1731.793103	0.000000	0.000000	0.000000	0	1.570063	437.125927	229.371226	-355.684197	-249.099578	231.551394	-353.659142	-240.142346	44.640762	0.000000	-420.000000	0	9.438537	0.346081	0.068796	230.461310	-354.671670	-244.620962	185.820548	354.671670	175.379038	353.659142	179.857654	217.900422	0	0	1	0	0
at	1	62.500000	15	3	26	8.000000	55.000000	0.295511	3.267650	1731.888487	-420.000000	0.000000	48.000000	1779.223746	0.000000	0.000000	0.000000	0	1.355615	437.080827	229.530371	-355.863156	-249.532589	231.997867	-353.685330	-240.993624	44.640762	0.000000	-420.000000	0	9.151251	0.287286	0.045100	230.764119	-354.774243	-245.263107	186.123357	354.774243	174.736893	353.685330	179.006376	217.467411	0	0	1	0	0
at	1	62.500000	15	3	26	8.000000	55.000000	0.295511	3.267650	1779.384145	-420.000000	0.000000	49.000000	1825.946493	0.000000	0.000000	0.000000	0	1.287365	436.396243	229.452891	-355.347306	-249.903994	232.195766	-353.340399	-242.430681	44.640762	0.000000	-420.000000	0	8.209839	0.941412	0.684584	230.824329	-354.343853	-246.167337	186.183566	354.343853	173.832663	353.340399	177.569319	217.096006	0	0	1	0	0
at	1	62.500000	15	3	26	8.000000	55.000000	0.295511	3.267650	1826.050432	-420.000000	0.000000	50.000000	1874.209500	0.000000	0.000000	0.000000	0	2.134969	434.694150	228.946177	-354.140354	-250.441936	231.650491	-351.787705	-243.687195	44.640762	0.000000	-420.000000	0	7.646881	0.562958	1.702093	230.298334	-352.964029	-247.064565	185.657571	352.964029	172.935435	351.787705	176.312805	216.558064	0	0	1	0	0
at	1	62.500000	15	3	26	8.000000	55.000000	0.295511	3.267650	1874.304884	-420.000000	0.000000	51.000000	1921.022499	1909.356569	0.000000	0.000000	0	6.313007	430.519436	228.303958	-350.072807	-251.265382	230.799979	-347.227567	-244.653942	44.640762	0.000000	-420.000000	0	7.618179	0.028702	4.174714	229.551969	-348.650187	-247.959662	184.911206	348.650187	172.040338	347.227567	175.346058	215.734618	0	0	1	0	0
at	1	62.500000	15	3	26	8.000000	55.000000	0.295511	3.267650	1921.137131	-420.000000	0.000000	52.000000	1968.109674	1909.356569	0.000000	0.000000	0	19.890913	419.243407	230.419229	-336.602694	-255.913870	230.926425	-333.991651	-245.070429	44.640762	0.000000	-420.000000	0	11.164901	3.546721	11.276029	230.672827	-335.297173	-250.492150	186.032064	335.297173	169.507850	333.991651	174.929571	211.086130	0	0	1	0	0
at	1	62.500000	15	3	26	8.000000	55.000000	0.295511	3.267650	1968.210618	-420.000000	0.000000	53.000000	2014.944059	1909.356569	0.000000	0.000000	0	43.651040	399.033785	232.419355	-314.308993	-261.603618	227.781966	-308.988050	-245.483261	44.640762	0.000000	-420.000000	0	17.597833	6.432932	20.209622	230.100661	-311.648521	-253.543440	185.459898	311.648521	166.456560	308.988050	174.516739	205.396382	0	0	1	0	0
at	1	62.500000	15	3	26	8.000000	55.000000	0.295511	3.267650	2015.042010	-420.000000	0.000000	54.000000	2062.523552	1909.356569	0.000000	0.000000	0	73.856206	372.344503	230.556724	-287.074309	-269.160212	221.027345	-276.466792	-245.693651	44.640762	0.000000	-420.000000	0	27.459206	9.861373	26.689281	225.792034	-281.770551	-257.426932	181.151272	281.770551	162.573068	276.466792	174.306349	197.839788	0	0	1	0	0
at	1	62.500000	15	3	26	8.000000	55.000000	0.295511	3.267650	2062.634334	-420.000000	0.000000	55.000000	2109.115842	1909.356569	0.000000	0.000000	0	105.506334	343.216677	226.089788	-257.877952	-279.439662	209.974183	-244.424021	-246.513505	44.640762	0.000000	-420.000000	0	39.049364	11.590158	29.127826	218.031985	-251.150987	-262.976584	173.391223	251.150987	157.023416	244.424021	173.486495	187.560338	0	0	1	0	0
at	1	62.500000	15	3	26	8.000000	55.000000	0.295511	3.267650	2109.213365	-420.000000	0.000000	56.000000	2156.203444	1909.356569	0.000000	0.000000	0	137.010052	313.291171	220.164278	-228.717427	-292.271770	196.208308	-214.431833	-249.004942	44.640762	0.000000	-420.000000	0	51.478005	12.428642	29.925506	208.186293	-221.574630	-270.638356	163.545531	221.574630	149.361644	214.431833	170.995058	174.728230	0	0	1	0	0
at	1	62.500000	15	3	26	8.000000	55.000000	0.295511	3.267650	2156.300967	-420.000000	0.000000	57.000000	2203.260250	1909.356569	0.000000	0.000000	0	167.792942	283.567518	212.646476	-200.772965	-307.119055	184.547611	-186.335948	-255.430604	44.640762	0.000000	-420.000000	0	60.577798	9.099793	29.723654	198.597044	-193.554456	-281.274829	153.956281	193.554456	138.725171	186.335948	164.569396	159.880945	0	0	1	0	0
at	1	62.500000	15	3	26	8.000000	55.000000	0.295511	3.267650	2203.356917	-420.000000	0.000000	58.000000	2250.868828	1909.356569	0.000000	0.000000	0	196.351922	254.406300	203.401368	-175.991590	-324.292014	172.488478	-162.392637	-266.224423	44.640762	0.000000	-420.000000	0	67.174275	6.596477	29.161217	187.944923	-169.192113	-295.258219	143.304161	169.192113	124.741781	162.392637	153.775577	142.707986	0	0	1	0	0
at	1	62.500000	15	3	26	8.000000	55.000000	0.295511	3.267650	2250.970200	-420.000000	0.000000	59.000000	2296.869566	1909.356569	0.000000	0.000000	0	222.975235	226.428807	194.147868	-153.806689	-342.478549	160.121384	-142.233052	-280.215226	44.640762	0.000000	-420.000000	0	71.892086	4.717811	27.977493	177.134626	-148.019870	-311.346887	132.493863	148.019870	108.653113	142.233052	139.784774	124.521451	0	0	0	0	0
at	1	62.500000	15	3	26	8.000000	55.000000	0.295511	3.267650	2296.970083	-420.000000	0.000000	60.000000	2343.903702	1909.356569	0.000000	0.000000	0	246.581997	200.758323	183.277306	-137.842751	-361.324814	148.774174	-124.465233	-295.719215	44.640762	0.000000	-420.000000	0	75.322763	3.430677	25.670484	166.025740	-131.153992	-328.522014	121.384978	131.153992	91.477986	124.465233	124.280785	105.675186	0	0	0	0	0
at	1	62.500000	15	3	26	8.000000	55.000000	0.295511	3.267650	2344.001653	-420.000000	0.000000	61.000000	2391.025951	1909.356569	0.000000	0.000000	0	267.305223	177.170161	170.552369	-125.480131	-379.769764	135.454699	-111.673306	-310.746628	44.640762	0.000000	-420.000000	0	78.655376	3.332612	23.588163	153.003534	-118.576719	-345.258196	108.362772	118.576719	74.741804	111.673306	109.253372	87.230236	0	0	0	0	0
at	1	62.500000	15	3	26	8.000000	55.000000	0.295511	3.267650	2391.122618	-420.000000	0.000000	62.000000	2438.120397	1909.356569	0.000000	0.000000	0	287.962988	154.744653	157.911625	-113.522028	-396.735540	123.228613	-98.660735	-325.144437	44.640762	0.000000	-420.000000	0	80.926234	2.270858	22.425508	140.570119	-106.091381	-360.939989	95.929357	106.091381	59.060011	98.660735	94.855563	70.264460	0	0	0	0	0
at	1	62.500000	15	3	26	8.000000	55.000000	0.295511	3.267650	2438.216209	-420.000000	0.000000	63.000000	2485.263176	1909.356569	0.000000	0.000000	0	308.013343	133.731799	145.615978	-102.891499	-412.410611	111.668625	-85.101394	-338.312211	44.640762	0.000000	-420.000000	0	83.423519	2.497285	21.012854	128.642301	-93.996447	-375.361411	84.001539	93.996447	44.638589	85.101394	81.687789	54.589389	0	0	0	0	0
at	1	62.500000	15	3	26	8.000000	55.000000	0.295511	3.267650	2485.359844	-420.000000	0.000000	64.000000	2532.508184	1909.356569	0.000000	0.000000	0	326.652496	114.572329	133.881703	-92.208224	-427.307193	99.569705	-74.534289	-350.088869	44.640762	0.000000	-420.000000	0	86.326999	2.903480	19.159471	116.725704	-83.371257	-388.698031	72.084942	83.371257	31.301969	74.534289	69.911131	39.692807	0	0	0	0	0
at	1	62.500000	15	3	26	8.000000	55.000000	0.295511	3.267650	2532.604851	-420.000000	0.000000	65.000000	2579.203984	1909.356569	0.000000	0.000000	0	343.424999	97.939690	123.706588	-81.276205	-439.556631	88.837890	-65.354186	-359.522658	44.640762	0.000000	-420.000000	0	88.739921	2.412922	16.632639	106.272239	-73.315195	-399.539644	61.631477	73.315195	20.460356	65.354186	60.477342	27.443369	0	0	0	0	0
at	1	62.500000	15	3	26	8.000000	55.000000	0.295511	3.267650	2579.305357	-420.000000	0.000000	66.000000	2626.482782	1909.356569	0.000000	0.000000	0	358.498061	83.188720	112.832065	-73.071830	-449.749086	81.151107	-53.860097	-365.607392	44.640762	0.000000	-420.000000	0	91.938015	3.198094	14.750971	96.991586	-63.465963	-407.678239	52.350824	63.465963	12.321761	53.860097	54.392608	17.250914	0	0	0	0	0
at	1	62.500000	15	3	26	8.000000	55.000000	0.295511	3.267650	2626.579022	-420.000000	0.000000	67.000000	2673.706831	1909.356569	0.000000	0.000000	0	371.078625	71.377597	104.103335	-66.632987	-458.353256	75.418749	-43.414569	-370.456481	44.640762	0.000000	-420.000000	0	95.329657	3.391642	11.811123	89.761042	-55.023778	-414.404868	45.120280	55.023778	5.595132	43.414569	49.543519	8.646744	0	0	0	0	0
at	1	62.500000	15	3	26	8.000000	55.000000	0.295511	3.267650	2673.803926	-420.000000	0.000000	68.000000	2720.747383	1909.356569	0.000000	0.000000	0	381.662410	61.564330	96.435256	-60.534953	-465.035431	68.579804	-36.547685	-375.210034	44.640762	0.000000	-420.000000	0	97.056258	1.726601	9.813266	82.507530	-48.541319	-420.122732	37.866767	48.541319	0.122732	36.547685	44.789966	1.964569	0	0	0	0	0
at	1	62.500000	15	3	26	8.000000	55.000000	0.295511	3.267650	2720.904788	-420.000000	0.000000	69.000000	2767.990251	1909.356569	0.000000	0.000000	0	390.550471	53.395500	89.381252	-56.029453	-470.227343	61.645730	-30.636917	-378.759105	44.640762	0.000000	-420.000000	0	98.896303	1.840045	8.168831	75.513491	-43.333185	-424.493224	30.872729	43.333185	4.493224	30.636917	41.240895	3.227343	0	0	0	0	0
at	1	62.500000	15	3	26	8.000000	55.000000	0.295511	3.267650	2768.091196	-420.000000	0.000000	70.000000	2814.601361	1909.356569	0.000000	0.000000	0	397.959040	47.306127	82.893996	-52.508499	-474.184417	55.786636	-26.359016	-382.877880	44.640762	0.000000	-420.000000	0	98.769875	0.126428	6.089372	69.340316	-39.433758	-428.531149	24.699554	39.433758	8.531149	26.359016	37.122120	7.184417	0	0	0	0	0
at	1	62.500000	15	3	26	8.000000	55.000000	0.295511	3.267650	2814.698028	-420.000000	0.000000	71.000000	2861.636780	1909.356569	0.000000	0.000000	0	404.508597	42.015148	75.980719	-49.047492	-476.504274	50.071210	-23.020200	-386.195407	44.640762	0.000000	-420.000000	0	97.490584	1.279291	5.290980	63.025965	-36.033846	-431.349840	18.385202	36.033846	11.349840	23.020200	33.804593	9.504274	0	0	0	0	0
at	1	62.500000	15	3	26	8.000000	55.000000	0.295511	3.267650	2861.737725	-420.000000	0.000000	72.000000	2908.998130	1909.356569	0.000000	0.000000	0	410.248480	37.685922	70.656328	-45.455424	-477.359154	45.288694	-19.743417	-389.456586	44.640762	0.000000	-420.000000	0	95.034129	2.456455	4.329225	57.972511	-32.599421	-433.407870	13.331749	32.599421	13.407870	19.743417	30.543414	10.359154	0	0	0	0	0
at	1	62.500000	15	3	26	8.000000	55.000000	0.295511	3.267650	2909.094798	-420.000000	0.000000	73.000000	2955.480066	1909.356569	0.000000	0.000000	0	416.062965	33.317527	64.513854	-41.244754	-477.740183	40.065417	-16.646974	-391.496048	44.640762	0.000000	-420.000000	0	92.956053	2.078076	4.368395	52.289635	-28.945864	-434.618115	7.648873	28.945864	14.618115	16.646974	28.503952	10.740183	0	1	0	0	0
at	1	62.500000	15	3	26	8.000000	55.000000	0.295511	3.267650	2955.576305	-420.000000	0.000000	74.000000	3002.651931	1909.356569	0.000000	0.000000	0	421.934184	29.183068	58.889868	-36.643943	-477.206257	35.471763	-12.711412	-393.532113	44.640762	0.000000	-420.000000	0	90.125113	2.830940	4.134458	47.180816	-24.677678	-435.369185	2.540053	24.677678	15.369185	12.711412	26.467887	10.206257	0	1	0	0	0
at	1	62.500000	15	3	26	8.000000	55.000000	0.295511	3.267650	3002.748170	-420.000000	0.000000	75.000000	3049.989756	1909.356569	0.000000	0.000000	0	427.249710	26.712660	53.850766	-32.536796	-476.389308	30.874771	-9.602563	-396.134257	44.640762	0.000000	-420.000000	0	86.572216	3.552897	2.470408	42.362768	-21.069680	-436.261782	2.277994	21.069680	16.261782	9.602563	23.865743	9.389308	0	1	0	0	0
at	1	62.500000	15	3	26	8.000000	55.000000	0.295511	3.267650	3050.085568	-420.000000	0.000000	76.000000	3096.688979	1909.356569	0.000000	0.000000	0	431.966934	25.993911	48.675273	-29.288580	-475.780336	26.127455	-7.236373	-398.264134	44.640762	0.000000	-420.000000	0	83.686710	2.885506	0.718749	37.401364	-18.262477	-437.022235	7.239399	18.262477	17.022235	7.236373	21.735866	8.780336	0	1	0	0	0
at	1	62.500000	15	3	26	8.000000	55.000000	0.295511	3.267650	3096.785218	-420.000000	0.000000	77.000000	3143.491712	1909.356569	0.000000	0.000000	0	435.124187	26.724458	45.601965	-27.998224	-476.210393	22.668148	-5.337288	-399.901251	44.640762	0.000000	-420.000000	0	82.840589	0.846121	0.730547	34.135057	-16.667756	-438.055822	10.505706	16.667756	18.055822	5.337288	20.098749	9.210393	0	1	0	0	0
at	1	62.500000	15	3	26	8.000000	55.000000	0.295511	3.267650	3143.590946	-420.000000	0.000000	78.000000	3191.024582	1909.356569	0.000000	0.000000	0	437.088539	27.961035	44.590436	-27.264612	-476.471101	20.447722	-4.566870	-402.596709	44.640762	0.000000	-420.000000	0	80.965944	1.874645	1.236576	32.519079	-15.915741	-439.533905	12.121683	15.915741	19.533905	4.566870	17.403291	9.471101	0	1	0	0	0
at	1	62.500000	15	3	26	8.000000	55.000000	0.295511	3.267650	3191.121249	-420.000000	0.000000	79.000000	3238.048452	1909.356569	3225.962491	0.000000	0	438.288347	29.597848	44.551645	-27.094202	-476.061831	21.417659	-4.220922	-408.435740	44.640762	0.000000	-420.000000	0	75.044363	5.921581	1.636813	32.984652	-15.657562	-442.248785	11.656110	15.657562	22.248785	4.220922	11.564260	9.061831	0	1	0	1	0
at	1	62.500000	15	3	26	8.000000	55.000000	0.295511	3.267650	3238.150680	-420.000000	0.000000	80.000000	3284.984638	1909.356569	3225.962491	0.000000	0	439.081549	30.195391	44.913050	-26.810610	-475.431750	26.266062	-2.446265	-414.200745	44.640762	0.000000	-420.000000	0	68.487718	6.556645	0.597543	35.589556	-14.628437	-444.816248	9.051206	14.628437	24.816248	2.446265	5.799255	8.431750	0	1	0	1	0
at	1	62.500000	15	3	26	8.000000	55.000000	0.295511	3.267650	3285.086010	-420.000000	0.000000	81.000000	3331.667607	1909.356569	3225.962491	0.000000	0	438.788711	31.647186	47.615516	-26.690366	-474.780254	30.362567	-2.610483	-420.173090	44.640762	0.000000	-420.000000	0	62.124451	6.363267	1.451795	38.989042	-14.650424	-447.476672	5.651721	14.650424	27.476672	2.610483	0.173090	7.780254	1	1	0	1	0
at	1	62.500000	15	3	26	8.000000	55.000000	0.295511	3.267650	3331.765557	-420.000000	0.000000	82.000000	3378.789000	1909.356569	3225.962491	0.000000	0	439.368729	31.641752	48.502526	-25.801660	-474.151630	30.318828	-2.061441	-421.696684	44.640762	0.000000	-420.000000	0	60.380181	1.744270	0.005434	39.410677	-13.931550	-447.924157	5.230085	13.931550	27.924157	2.061441	1.696684	7.151630	1	1	0	1	0
at	1	62.500000	15	3	26	8.000000	55.000000	0.295511	3.267650	3378.890800	-420.000000	0.000000	83.000000	3425.661026	1909.356569	3225.962491	0.000000	0	439.501505	31.575611	48.843224	-25.009569	-473.756750	30.729763	-2.257789	-422.370893	44.640762	0.000000	-420.000000	0	59.044452	1.335729	0.066141	39.786494	-13.633679	-448.063821	4.854269	13.633679	28.063821	2.257789	2.370893	6.756750	1	1	0	1	0
at	1	62.500000	15	3	26	8.000000	55.000000	0.295511	3.267650	3425.763254	-420.000000	0.000000	84.000000	3473.026653	1909.356569	3225.962491	0.000000	0	439.665996	31.634576	48.583742	-25.122278	-473.641068	30.032558	-2.210953	-422.413664	44.640762	0.000000	-420.000000	0	59.104333	0.059881	0.058965	39.308150	-13.666616	-448.027366	5.332612	13.666616	28.027366	2.210953	2.413664	6.641068	1	1	0	1	0
at	1	62.500000	15	3	26	8.000000	55.000000	0.295511	3.267650	3473.128453	-420.000000	0.000000	85.000000	3520.014166	1909.356569	3225.962491	0.000000	0	439.387734	31.635655	48.944761	-25.321880	-473.610291	30.384590	-2.320557	-422.426382	44.640762	0.000000	-420.000000	0	59.104427	0.000094	0.001080	39.664675	-13.821218	-448.018337	4.976087	13.821218	28.018337	2.320557	2.426382	6.610291	1	1	0	1	0
at	1	62.500000	15	3	26	8.000000	55.000000	0.295511	3.267650	3520.111689	-420.000000	0.000000	86.000000	3566.799363	1909.356569	3225.962491	0.000000	0	439.407832	31.612135	48.768118	-25.167332	-473.549073	30.952726	-2.273021	-422.601874	44.640762	0.000000	-420.000000	0	58.627253	0.477174	0.023520	39.860422	-13.720177	-448.075473	4.780340	13.720177	28.075473	2.273021	2.601874	6.549073	1	1	0	1	0
at	1	62.500000	15	3	26	8.000000	55.000000	0.295511	3.267650	3566.896458	-420.000000	0.000000	87.000000	3614.169695	1909.356569	3225.962491	0.000000	0	439.504430	31.652501	48.718364	-25.197550	-473.506647	30.994289	-2.094252	-422.806028	44.640762	0.000000	-420.000000	0	58.467580	0.159673	0.040365	39.856327	-13.645901	-448.156338	4.784436	13.645901	28.156338	2.094252	2.806028	6.506647	1	1	0	1	0
at	1	62.500000	15	3	26	8.000000	55.000000	0.295511	3.267650	3614.267646	-420.000000	0.000000	88.000000	3660.809463	1909.356569	3225.962491	0.000000	0	439.437923	31.709727	48.944940	-25.300519	-473.502726	31.034566	-2.088980	-422.935867	44.640762	0.000000	-420.000000	0	58.451384	0.016197	0.057226	39.989753	-13.694749	-448.219297	4.651009	13.694749	28.219297	2.088980	2.935867	6.502726	1	1	0	1	0
at	1	62.500000	15	3	26	8.000000	55.000000	0.295511	3.267650	3660.906986	-420.000000	0.000000	89.000000	3708.206743	1909.356569	3225.962491	0.000000	0	439.254039	31.692466	49.042722	-25.416034	-473.435650	31.273142	-2.203257	-422.906530	44.640762	0.000000	-420.000000	0	58.376219	0.075165	0.017261	40.157932	-13.809646	-448.171090	4.482830	13.809646	28.171090	2.203257	2.906530	6.435650	1	1	0	1	0
at	1	62.500000	15	3	26	8.000000	55.000000	0.295511	3.267650	3708.307687	-420.000000	0.000000	90.000000	3755.401278	1909.356569	3225.962491	0.000000	0	439.434109	31.754840	48.689652	-25.444590	-473.442567	30.818196	-2.166151	-422.909910	44.640762	0.000000	-420.000000	0	58.436496	0.060277	0.062374	39.753924	-13.805370	-448.176239	4.886839	13.805370	28.176239	2.166151	2.909910	6.442567	1	1	0	1	0
at	1	62.500000	15	3	26	8.000000	55.000000	0.295511	3.267650	3755.500511	-420.000000	0.000000	91.000000	3802.458511	1909.356569	3225.962491	0.000000	0	439.434011	31.804661	48.468145	-25.464382	-473.515472	31.079806	-2.184069	-422.937753	44.640762	0.000000	-420.000000	0	58.330378	0.106118	0.049821	39.773976	-13.824226	-448.226612	4.866786	13.824226	28.226612	2.184069	2.937753	6.515472	1	1	0	1	0
at	1	62.500000	15	3	26	8.000000	55.000000	0.295511	3.267650	3802.555606	-420.000000	0.000000	92.000000	3849.635937	1909.356569	3225.962491	0.000000	0	439.447280	31.833436	48.599490	-25.487779	-473.586723	31.040758	-2.131423	-422.961452	44.640762	0.000000	-420.000000	0	58.452943	0.122565	0.028775	39.820124	-13.809601	-448.274087	4.820638	13.809601	28.274087	2.131423	2.961452	6.586723	1	1	0	1	0
at	1	62.500000	15	3	26	8.000000	55.000000	0.295511	3.267650	3849.733032	-420.000000	0.000000	93.000000	3896.430116	1909.356569	3225.962491	0.000000	0	439.411745	31.901493	48.296182	-25.629830	-473.599722	31.120600	-2.209592	-422.955335	44.640762	0.000000	-420.000000	0	58.381179	0.071764	0.068057	39.708391	-13.919711	-448.277529	4.932372	13.919711	28.277529	2.209592	2.955335	6.599722	1	1	0	1	0
at	1	62.500000	15	3	26	8.000000	55.000000	0.295511	3.267650	3896.527211	-420.000000	0.000000	94.000000	3943.474945	1909.356569	3225.962491	0.000000	0	439.512240	32.023492	48.135256	-25.855401	-473.661805	30.666149	-2.124789	-422.988811	44.640762	0.000000	-420.000000	0	58.617949	0.236770	0.121999	39.400703	-13.990095	-448.325308	5.240059	13.990095	28.325308	2.124789	2.988811	6.661805	1	1	0	1	0
at	1	62.500000	15	3	26	8.000000	55.000000	0.295511	3.267650	3943.572468	-420.000000	0.000000	95.000000	3990.408992	1909.356569	3225.962491	0.000000	0	439.514181	32.193970	47.828163	-26.216241	-473.710277	30.453305	-2.116452	-423.052952	44.640762	0.000000	-420.000000	0	58.726912	0.108963	0.170478	39.140734	-14.166346	-448.381615	5.500029	14.166346	28.381615	2.116452	3.052952	6.710277	1	1	0	1	0
at	1	62.500000	15	3	26	8.000000	55.000000	0.295511	3.267650	3990.505231	-420.000000	0.000000	96.000000	4037.585562	1909.356569	3225.962491	0.000000	0	439.349752	32.467224	47.349631	-26.748083	-473.770981	30.335951	-2.397915	-423.084339	44.640762	0.000000	-420.000000	0	58.749738	0.022826	0.273254	38.842791	-14.572999	-448.427660	5.797972	14.572999	28.427660	2.397915	3.084339	6.770981	1	1	0	1	0
at	1	62.500000	15	3	26	8.000000	55.000000	0.295511	3.267650	4037.682657	-420.000000	0.000000	97.000000	4084.952900	1909.356569	3225.962491	0.000000	0	439.088278	32.703928	47.374006	-27.461682	-473.807581	30.038425	-2.538551	-423.089679	44.640762	0.000000	-420.000000	0	59.109985	0.360247	0.236703	38.706215	-15.000116	-448.448630	5.934547	15.000116	28.448630	2.538551	3.089679	6.807581	1	1	0	1	0
at	1	62.500000	15	3	26	8.000000	55.000000	0.295511	3.267650	4085.050423	-420.000000	0.000000	98.000000	4131.905340	1909.356569	3225.962491	0.000000	0	438.745347	32.823364	47.155907	-28.005748	-473.815039	30.242345	-2.796074	-422.925850	44.640762	0.000000	-420.000000	0	59.256272	0.146287	0.119436	38.699126	-15.400911	-448.370444	5.941636	15.400911	28.370444	2.796074	2.925850	6.815039	1	1	0	1	0
at	1	62.500000	15	3	26	8.000000	55.000000	0.295511	3.267650	4132.002435	-420.000000	0.000000	99.000000	4179.144786	1909.356569	3225.962491	0.000000	0	438.767797	32.786301	46.772652	-28.044715	-473.751880	30.157790	-2.828345	-422.764234	44.640762	0.000000	-420.000000	0	59.259253	0.002981	0.037062	38.465221	-15.436530	-448.258057	6.175542	15.436530	28.258057	2.828345	2.764234	6.751880	1	1	0	1	0
at	1	62.500000	15	3	26	8.000000	55.000000	0.295511	3.267650	4179.250436	-420.000000	0.000000	100.000000	4225.797814	1909.356569	3225.962491	0.000000	0	438.725602	32.679383	46.581988	-27.957310	-473.665120	30.401590	-2.869112	-422.639946	44.640762	0.000000	-420.000000	0	59.116760	0.142493	0.106919	38.491789	-15.413211	-448.152533	6.148973	15.413211	28.152533	2.869112	2.639946	6.665120	1	1	0	1	0
at	1	62.500000	15	3	26	8.000000	55.000000	0.295511	3.267650	4225.898331	-420.000000	0.000000	101.000000	4272.845210	1909.356569	3225.962491	0.000000	0	438.701267	32.591945	46.843761	-27.902478	-473.583953	30.338498	-2.815193	-422.620780	44.640762	0.000000	-420.000000	0	59.152688	0.035928	0.087438	38.591129	-15.358836	-448.102366	6.049633	15.358836	28.102366	2.815193	2.620780	6.583953	1	1	0	1	0
at	1	62.500000	15	3	26	8.000000	55.000000	0.295511	3.267650	4272.942732	-420.000000	0.000000	102.000000	4320.263448	1909.356569	3225.962491	0.000000	0	438.625807	32.562329	46.854785	-27.906758	-473.554351	30.520826	-2.863691	-422.594110	44.640762	0.000000	-420.000000	0	59.083835	0.068853	0.029616	38.687806	-15.385225	-448.074231	5.952957	15.385225	28.074231	2.863691	2.594110	6.554351	1	1	0	1	0
at	1	62.500000	15	3	26	8.000000	55.000000	0.295511	3.267650	4320.361826	-420.000000	0.000000	103.000000	4355.492213	1909.356569	3225.962491	4355.487936	0	438.708275	32.532584	  47.067853  -27.835841 -473.534870	  30.260980   -2.758128 -422.631118	44.640762	0.000000	-420.000000	0	59.182385	0.098550	0.029745	0
