subjName	sessionNR	IOD	trialN	textureType	texnum	visualAngle	simulatedDepth	light_intensity	ambient_intensity	time	displayDistance	isRotated	frameN	timTote	startTime	touchTime	endTime	fingersOccluded	distanceToHome	distanceToObject	indexXraw	indexYraw	indexZraw	thumbXraw	thumbYraw	thumbZraw	targetX	targetY	targetZ	failCause	gripAperture	gripApertureVel	distFromObjVel	gripOriginX	gripOriginY	gripOriginZ	distFromObjX	distFromObjY	distFromObjZ	y_dist_thm	z_dist_thm	z_dist_ind	handOnObj	handnearObj	handfarObj	handTouchObj	framesOccluded
at	2	62.500000	40	2	24	8.000000	45.000000	0.533630	2.493614	881.048916	-420.000000	0.000000	30.000000	928.395295	0.000000	0.000000	0.000000	0	4.611905	436.139202	229.155563	-357.085759	-252.266110	235.888371	-351.542172	-244.597813	44.789642	0.000000	-420.000000	0	11.613132	0.030913	0.010996	232.521967	-354.313965	-248.431961	187.732324	354.313965	171.568039	351.542172	175.402187	204.733890	0	0	1	0	0
at	2	62.500000	40	2	24	8.000000	45.000000	0.533630	2.493614	928.591196	-420.000000	0.000000	31.000000	975.524387	0.000000	0.000000	0.000000	0	4.653998	436.168702	229.380513	-357.088170	-252.266579	235.806551	-351.548345	-244.621731	44.789642	0.000000	-420.000000	0	11.420479	0.192653	0.029500	232.593532	-354.318258	-248.444155	187.803890	354.318258	171.555845	351.548345	175.378269	204.733421	0	0	1	0	0
at	2	62.500000	40	2	24	8.000000	45.000000	0.533630	2.493614	975.634742	-420.000000	0.000000	32.000000	1022.397696	0.000000	0.000000	0.000000	0	4.636506	436.125780	229.338394	-357.106468	-252.276522	235.644374	-351.561512	-244.671440	44.789642	0.000000	-420.000000	0	11.329131	0.091348	0.042922	232.491384	-354.333990	-248.473981	187.701742	354.333990	171.526019	351.561512	175.328560	204.723478	0	0	1	0	0
at	2	62.500000	40	2	24	8.000000	45.000000	0.533630	2.493614	1022.503346	-420.000000	0.000000	33.000000	1069.973767	0.000000	0.000000	0.000000	0	4.610488	436.106741	229.178689	-357.083050	-252.265981	235.813447	-351.502219	-244.618200	44.789642	0.000000	-420.000000	0	11.560892	0.231762	0.019039	232.496068	-354.292635	-248.442091	187.706426	354.292635	171.557909	351.502219	175.381800	204.734019	0	0	1	0	0
at	2	62.500000	40	2	24	8.000000	45.000000	0.533630	2.493614	1070.075139	-420.000000	0.000000	34.000000	1116.885572	0.000000	0.000000	0.000000	0	4.667508	436.113088	229.368415	-357.064536	-252.309234	235.742104	-351.507375	-244.644644	44.789642	0.000000	-420.000000	0	11.412795	0.148098	0.006347	232.555260	-354.285955	-248.476939	187.765617	354.285955	171.523061	351.507375	175.355356	204.690766	0	0	1	0	0
at	2	62.500000	40	2	24	8.000000	45.000000	0.533630	2.493614	1116.986089	-420.000000	0.000000	35.000000	1163.989000	0.000000	0.000000	0.000000	0	4.571539	436.017593	229.161603	-357.032834	-252.286072	235.478871	-351.553939	-244.669829	44.789642	0.000000	-420.000000	0	11.310761	0.102034	0.095495	232.320237	-354.293387	-248.477950	187.530595	354.293387	171.522050	351.553939	175.330171	204.713928	0	0	1	0	0
at	2	62.500000	40	2	24	8.000000	45.000000	0.533630	2.493614	1164.089945	-420.000000	0.000000	36.000000	1211.089862	0.000000	0.000000	0.000000	0	4.545639	435.922052	229.298177	-357.010714	-252.279923	234.915270	-351.622200	-244.790379	44.789642	0.000000	-420.000000	0	10.801902	0.508858	0.095541	232.106724	-354.316457	-248.535151	187.317082	354.316457	171.464849	351.622200	175.209621	204.720077	0	0	1	0	0
at	2	62.500000	40	2	24	8.000000	45.000000	0.533630	2.493614	1211.189524	-420.000000	0.000000	37.000000	1257.874631	0.000000	0.000000	0.000000	0	4.568573	435.834897	229.354695	-356.934353	-252.347323	234.708053	-351.612246	-244.823150	44.789642	0.000000	-420.000000	0	10.658163	0.143739	0.087154	232.031374	-354.273299	-248.585237	187.241732	354.273299	171.414763	351.612246	175.176850	204.652677	0	0	1	0	0
at	2	62.500000	40	2	24	8.000000	45.000000	0.533630	2.493614	1257.978570	-420.000000	0.000000	38.000000	1305.265067	0.000000	0.000000	0.000000	0	4.647809	435.788148	229.164288	-356.805390	-252.505815	235.241141	-351.459471	-244.694702	44.789642	0.000000	-420.000000	0	11.248133	0.589969	0.046750	232.202714	-354.132431	-248.600259	187.413072	354.132431	171.399741	351.459471	175.305298	204.494185	0	0	1	0	0
at	2	62.500000	40	2	24	8.000000	45.000000	0.533630	2.493614	1305.415628	-420.000000	0.000000	39.000000	1352.383894	0.000000	0.000000	0.000000	0	5.027328	434.717759	228.527627	-356.352649	-252.813407	233.423626	-351.190614	-245.660946	44.789642	0.000000	-420.000000	0	10.088364	1.159768	1.070389	230.975626	-353.771632	-249.237176	186.185984	353.771632	170.762824	351.190614	174.339054	204.186593	0	0	1	0	0
at	2	62.500000	40	2	24	8.000000	45.000000	0.533630	2.493614	1352.488260	-420.000000	0.000000	40.000000	1399.604092	0.000000	0.000000	0.000000	0	5.743773	432.503194	227.310212	-354.395835	-252.918931	230.280504	-350.038533	-245.648995	44.789642	0.000000	-420.000000	0	8.981129	1.107235	2.214564	228.795358	-352.217184	-249.283963	184.005715	352.217184	170.716037	350.038533	174.351005	204.081069	0	0	1	0	0
at	2	62.500000	40	2	24	8.000000	45.000000	0.533630	2.493614	1399.703326	-420.000000	0.000000	41.000000	1446.822153	0.000000	0.000000	0.000000	1	5.743773	432.503194	227.310212	-354.395835	-252.918931	230.280504	-350.038533	-245.648995	44.789642	0.000000	-420.000000	0	8.981129	0.000000	0.000000	228.795358	-352.217184	-249.283963	184.005715	352.217184	170.716037	350.038533	174.351005	204.081069	0	0	1	0	0
at	2	62.500000	40	2	24	8.000000	45.000000	0.533630	2.493614	1446.920103	-420.000000	0.000000	42.000000	1493.965360	0.000000	0.000000	0.000000	1	5.743773	432.503194	227.310212	-354.395835	-252.918931	230.280504	-350.038533	-245.648995	44.789642	0.000000	-420.000000	0	8.981129	0.000000	0.000000	228.795358	-352.217184	-249.283963	184.005715	352.217184	170.716037	350.038533	174.351005	204.081069	0	0	1	0	0
at	2	62.500000	40	2	24	8.000000	45.000000	0.533630	2.493614	1494.068443	-420.000000	0.000000	43.000000	1541.255279	1529.623995	0.000000	0.000000	0	43.987987	394.095873	217.165873	-318.727631	-265.100493	211.408890	-310.740585	-243.089232	44.789642	0.000000	-420.000000	0	24.112888	15.131758	38.407322	214.287381	-314.734108	-254.094863	169.497739	314.734108	165.905137	310.740585	176.910768	191.899507	0	0	1	0	0
at	2	62.500000	40	2	24	8.000000	45.000000	0.533630	2.493614	1541.361784	-420.000000	0.000000	44.000000	1600.219683	1529.623995	0.000000	0.000000	0	69.712347	368.860033	211.877700	-294.595516	-276.407008	203.964325	-287.746801	-249.489593	44.789642	0.000000	-420.000000	0	28.880332	4.767444	25.235840	207.921013	-291.171158	-262.948301	163.131371	291.171158	157.051699	287.746801	170.510407	180.592992	0	0	1	0	0
at	2	62.500000	40	2	24	8.000000	45.000000	0.533630	2.493614	1600.327043	-420.000000	0.000000	45.000000	1647.022844	1529.623995	0.000000	0.000000	0	94.479221	344.888380	208.647146	-271.659543	-288.652403	199.190462	-265.442873	-258.048071	44.789642	0.000000	-420.000000	0	32.629755	3.749423	23.971653	203.918804	-268.551208	-273.350237	159.129162	268.551208	146.649763	265.442873	161.951929	168.347597	0	0	1	0	0
at	2	62.500000	40	2	24	8.000000	45.000000	0.533630	2.493614	1647.130204	-420.000000	0.000000	46.000000	1693.649352	1529.623995	0.000000	0.000000	0	121.627460	319.017362	204.387047	-246.618701	-302.726527	195.547696	-241.717135	-268.394487	44.789642	0.000000	-420.000000	0	35.788944	3.159188	25.871018	199.967371	-244.167918	-285.560507	155.177729	244.167918	134.439493	241.717135	151.605513	154.273473	0	0	1	0	0
at	2	62.500000	40	2	24	8.000000	45.000000	0.533630	2.493614	1693.759707	-420.000000	0.000000	47.000000	1741.173240	1529.623995	0.000000	0.000000	1	121.627460	319.017362	204.387047	-246.618701	-302.726527	195.547696	-241.717135	-268.394487	44.789642	0.000000	-420.000000	0	35.788944	0.000000	0.000000	199.967371	-244.167918	-285.560507	155.177729	244.167918	134.439493	241.717135	151.605513	154.273473	0	0	1	0	1
at	2	62.500000	40	2	24	8.000000	45.000000	0.533630	2.493614	1741.277179	-420.000000	0.000000	48.000000	1787.975974	1529.623995	0.000000	0.000000	1	121.627460	319.017362	204.387047	-246.618701	-302.726527	195.547696	-241.717135	-268.394487	44.789642	0.000000	-420.000000	0	35.788944	0.000000	0.000000	199.967371	-244.167918	-285.560507	155.177729	244.167918	134.439493	241.717135	151.605513	154.273473	0	0	1	0	2
at	2	62.500000	40	2	24	8.000000	45.000000	0.533630	2.493614	1788.132095	-420.000000	0.000000	49.000000	1835.088812	1529.623995	0.000000	0.000000	0	215.697232	228.055722	182.955538	-162.692625	-348.095416	164.579796	-164.210963	-305.812213	44.789642	0.000000	-420.000000	0	46.128543	10.339599	90.961640	173.767667	-163.451794	-326.953814	128.978024	163.451794	93.046186	164.210963	114.187787	108.904584	0	0	0	0	2
at	2	62.500000	40	2	24	8.000000	45.000000	0.533630	2.493614	1835.197456	-420.000000	0.000000	50.000000	1882.050234	1529.623995	0.000000	0.000000	0	247.806144	197.480769	173.414131	-134.901638	-362.773131	153.802703	-136.359911	-316.167303	44.789642	0.000000	-420.000000	0	50.584957	4.456414	30.574953	163.608417	-135.630775	-339.470217	118.818775	135.630775	80.529783	136.359911	103.832697	94.226869	0	0	0	0	2
at	2	62.500000	40	2	24	8.000000	45.000000	0.533630	2.493614	1882.155455	-420.000000	0.000000	51.000000	1929.023204	1529.623995	0.000000	0.000000	0	278.041947	168.881300	162.922075	-108.527523	-374.733688	142.709426	-109.885829	-324.907408	44.789642	0.000000	-420.000000	0	53.787120	3.202163	28.599469	152.815750	-109.206676	-349.820548	108.026108	109.206676	70.179452	109.885829	95.092592	82.266312	0	0	0	0	2
at	2	62.500000	40	2	24	8.000000	45.000000	0.533630	2.493614	1929.123293	-420.000000	0.000000	52.000000	1976.136470	1529.623995	0.000000	0.000000	0	305.453768	142.468103	150.030833	-84.502494	-382.944144	128.961579	-85.838488	-329.402972	44.789642	0.000000	-420.000000	0	57.553066	3.765946	26.413197	139.496206	-85.170491	-356.173558	94.706564	85.170491	63.826442	85.838488	90.597028	74.055856	0	0	0	0	2
at	2	62.500000	40	2	24	8.000000	45.000000	0.533630	2.493614	1976.236559	-420.000000	0.000000	53.000000	2023.036299	1529.623995	0.000000	0.000000	0	329.942755	118.721571	133.665225	-63.136719	-386.580241	112.652661	-64.390529	-328.723901	44.789642	0.000000	-420.000000	0	61.566679	4.013613	23.746533	123.158943	-63.763624	-357.652071	78.369301	63.763624	62.347929	64.390529	91.276099	70.419759	0	0	0	0	2
at	2	62.500000	40	2	24	8.000000	45.000000	0.533630	2.493614	2023.140237	-420.000000	0.000000	54.000000	2069.987027	1529.623995	0.000000	0.000000	0	351.675193	98.817531	117.902327	-44.052191	-388.485342	94.707528	-46.940321	-326.440843	44.789642	0.000000	-420.000000	0	66.301281	4.734602	19.904039	106.304928	-45.496256	-357.463092	61.515285	45.496256	62.536908	46.940321	93.559157	68.514658	0	0	0	0	2
at	2	62.500000	40	2	24	8.000000	45.000000	0.533630	2.493614	2070.087116	-420.000000	0.000000	55.000000	2117.167875	1529.623995	0.000000	0.000000	0	371.606154	82.190574	105.118687	-26.760732	-392.404237	78.605770	-32.122146	-326.390750	44.789642	0.000000	-420.000000	0	71.340452	5.039171	16.626957	91.862228	-29.441439	-359.397493	47.072586	29.441439	60.602507	32.122146	93.609250	64.595763	0	0	0	0	2
at	2	62.500000	40	2	24	8.000000	45.000000	0.533630	2.493614	2117.268391	-420.000000	0.000000	56.000000	2164.158382	1529.623995	0.000000	0.000000	0	388.968489	67.254422	96.363280	-13.067494	-400.570020	66.637782	-19.756957	-331.613343	44.789642	0.000000	-420.000000	0	75.388179	4.047727	14.936152	81.500531	-16.412225	-366.091682	36.710889	16.412225	53.908318	19.756957	88.386657	56.429980	0	0	0	0	2
at	2	62.500000	40	2	24	8.000000	45.000000	0.533630	2.493614	2164.258899	-420.000000	0.000000	57.000000	2211.034257	1529.623995	0.000000	0.000000	0	403.704371	52.814784	90.454312	-2.929111	-412.210722	57.577647	-10.214786	-340.794285	44.789642	0.000000	-420.000000	0	78.957353	3.569174	14.439638	74.015979	-6.571948	-376.502504	29.226337	6.571948	43.497496	10.214786	79.205715	44.789278	0	0	0	0	2
at	2	62.500000	40	2	24	8.000000	45.000000	0.533630	2.493614	2211.134346	-420.000000	0.000000	58.000000	2258.322893	1529.623995	0.000000	0.000000	0	416.445288	40.734550	88.213125	5.261127	-424.182719	51.478734	-1.445678	-351.697187	44.789642	0.000000	-420.000000	0	81.538635	2.581281	12.080235	69.845930	1.907725	-387.939953	25.056287	1.907725	32.060047	1.445678	68.302813	32.817281	0	0	0	0	2
at	2	62.500000	40	2	24	8.000000	45.000000	0.533630	2.493614	2258.428115	-420.000000	0.000000	59.000000	2305.456690	1529.623995	0.000000	0.000000	0	427.658025	32.068674	86.146177	11.871022	-435.316218	48.051401	6.670857	-362.505516	44.789642	0.000000	-420.000000	0	82.338643	0.800008	8.665876	67.098789	9.270939	-398.910867	22.309147	9.270939	21.089133	6.670857	57.494484	21.683782	0	0	0	0	2
at	2	62.500000	40	2	24	8.000000	45.000000	0.533630	2.493614	2305.564051	-420.000000	0.000000	60.000000	2352.476711	1529.623995	0.000000	0.000000	0	437.071775	26.991931	83.892643	16.693469	-444.912527	44.361725	13.074877	-372.014962	44.789642	0.000000	-420.000000	0	83.005076	0.666433	5.076744	64.127184	14.884173	-408.463744	19.337542	14.884173	11.536256	13.074877	47.985038	12.087473	0	0	0	0	2
at	2	62.500000	40	2	24	8.000000	45.000000	0.533630	2.493614	2352.580650	-420.000000	0.000000	61.000000	2399.706748	1529.623995	0.000000	0.000000	0	444.023517	25.356074	82.255967	19.469367	-452.859452	41.898626	17.157353	-381.245342	44.789642	0.000000	-420.000000	0	82.235279	0.769797	1.635857	62.077296	18.313360	-417.052397	17.287654	18.313360	2.947603	17.157353	38.754658	4.140548	0	0	0	0	2
at	2	62.500000	40	2	24	8.000000	45.000000	0.533630	2.493614	2399.805554	-420.000000	0.000000	62.000000	2446.536856	1529.623995	0.000000	0.000000	0	449.293709	25.574771	80.266822	20.157113	-459.841969	39.646713	19.961165	-389.465692	44.789642	0.000000	-420.000000	0	81.257936	0.977343	0.218697	59.956767	20.059139	-424.653830	15.167125	20.059139	4.653830	19.961165	30.534308	2.841969	0	0	0	0	2
at	2	62.500000	40	2	24	8.000000	45.000000	0.533630	2.493614	2446.635234	-420.000000	0.000000	63.000000	2493.913604	1529.623995	0.000000	0.000000	0	452.828434	26.431894	78.177002	18.717054	-466.303864	37.308539	20.883284	-397.260073	44.789642	0.000000	-420.000000	0	80.261877	0.996059	0.857123	57.742771	19.800169	-431.781969	12.953128	19.800169	11.781969	20.883284	22.739927	9.303864	0	1	0	0	2
at	2	62.500000	40	2	24	8.000000	45.000000	0.533630	2.493614	2494.011982	-420.000000	0.000000	64.000000	2540.723609	1529.623995	0.000000	0.000000	0	454.965366	28.424883	76.177277	16.568532	-472.555835	36.089395	19.564818	-405.014888	44.789642	0.000000	-420.000000	0	78.598954	1.662924	1.992989	56.133336	18.066675	-438.785362	11.343694	18.066675	18.785362	19.564818	14.985112	15.555835	0	1	0	0	2
at	2	62.500000	40	2	24	8.000000	45.000000	0.533630	2.493614	2540.826692	-420.000000	0.000000	65.000000	2587.978454	1529.623995	0.000000	0.000000	0	455.623410	30.506286	74.230789	13.499637	-477.643961	34.276152	15.822835	-412.400723	44.789642	0.000000	-420.000000	0	76.540514	2.058440	2.081403	54.253470	14.661236	-445.022342	9.463828	14.661236	25.022342	15.822835	7.599277	20.643961	0	1	0	0	2
at	2	62.500000	40	2	24	8.000000	45.000000	0.533630	2.493614	2588.082821	-420.000000	0.000000	66.000000	2634.874005	1529.623995	2623.259403	0.000000	0	455.413836	33.885355	73.297423	10.249753	-481.878605	33.342537	10.986440	-420.176424	44.789642	0.000000	-420.000000	0	73.512548	3.027966	3.379069	53.319980	10.618097	-451.027515	8.530338	10.618097	31.027515	10.986440	0.176424	24.878605	0	1	0	1	2
at	2	62.500000	40	2	24	8.000000	45.000000	0.533630	2.493614	2634.973667	-420.000000	0.000000	67.000000	2681.648509	1529.623995	2623.259403	0.000000	0	455.770740	36.479952	72.253963	6.809490	-485.166087	32.850206	10.504005	-423.988584	44.789642	0.000000	-420.000000	0	72.862832	0.649716	2.594597	52.552085	8.656747	-454.577336	7.762442	8.656747	34.577336	10.504005	3.988584	28.166087	0	1	0	1	2
at	2	62.500000	40	2	24	8.000000	45.000000	0.533630	2.493614	2681.748598	-420.000000	0.000000	68.000000	2728.574429	1529.623995	2623.259403	0.000000	0	456.339300	36.172515	69.370798	5.768230	-484.975823	31.885745	10.924654	-424.441700	44.789642	0.000000	-420.000000	0	71.386959	1.475873	0.307438	50.628272	8.346442	-454.708761	5.838629	8.346442	34.708761	10.924654	4.441700	27.975823	0	1	0	1	2
at	2	62.500000	40	2	24	8.000000	45.000000	0.533630	2.493614	2728.673662	-420.000000	0.000000	69.000000	2775.902416	1529.623995	2623.259403	0.000000	0	456.380831	32.525750	60.679327	5.218158	-478.329268	31.870708	10.935310	-424.614657	44.789642	0.000000	-420.000000	0	61.219946	10.167013	3.646765	46.275017	8.076734	-451.471962	1.485375	8.076734	31.471962	10.935310	4.614657	21.329268	0	1	0	1	2
at	2	62.500000	40	2	24	8.000000	45.000000	0.533630	2.493614	2776.059821	-420.000000	0.000000	70.000000	2822.927142	1529.623995	2623.259403	0.000000	0	454.106533	26.199512	50.866951	1.936656	-465.768217	32.270927	10.686210	-424.678084	44.789642	0.000000	-420.000000	0	45.943073	15.276873	6.326237	41.568939	6.311433	-445.223151	3.220703	6.311433	25.223151	10.686210	4.678084	8.768217	0	1	0	1	2
at	2	62.500000	40	2	24	8.000000	45.000000	0.533630	2.493614	2823.035785	-420.000000	0.000000	71.000000	2869.770937	1529.623995	2623.259403	0.000000	0	454.652688	25.887540	50.484682	3.361715	-464.431489	31.686346	10.794828	-424.816546	44.789642	0.000000	-420.000000	0	44.474401	1.468671	0.311972	41.085514	7.078272	-444.624017	3.704128	7.078272	24.624017	10.794828	4.816546	7.431489	0	1	0	1	2
at	2	62.500000	40	2	24	8.000000	45.000000	0.533630	2.493614	2869.871026	-420.000000	0.000000	72.000000	2916.466310	1529.623995	2623.259403	0.000000	0	454.898395	26.030472	49.485338	4.013769	-464.236173	32.780062	10.731155	-425.154475	44.789642	0.000000	-420.000000	0	43.029858	1.444543	0.142932	41.132700	7.372462	-444.695324	3.656943	7.372462	24.695324	10.731155	5.154475	7.236173	0	1	0	1	2
at	2	62.500000	40	2	24	8.000000	45.000000	0.533630	2.493614	2916.565544	-420.000000	0.000000	73.000000	2963.706185	1529.623995	2623.259403	0.000000	0	454.932421	26.088990	49.422803	3.922723	-464.297854	32.427209	10.624352	-425.211565	44.789642	0.000000	-420.000000	0	43.145104	0.115246	0.058518	40.925006	7.273537	-444.754709	3.864636	7.273537	24.754709	10.624352	5.211565	7.297854	0	1	0	1	2
at	2	62.500000	40	2	24	8.000000	45.000000	0.533630	2.493614	2963.805846	-420.000000	0.000000	74.000000	3010.822017	1529.623995	2623.259403	0.000000	0	454.545720	25.925092	50.288440	3.800693	-464.252456	32.727111	10.430860	-425.172456	44.789642	0.000000	-420.000000	0	43.354420	0.209316	0.163898	41.507776	7.115776	-444.712456	3.281867	7.115776	24.712456	10.430860	5.172456	7.252456	0	1	0	1	2
at	2	62.500000	40	2	24	8.000000	45.000000	0.533630	2.493614	3010.922534	-420.000000	0.000000	75.000000	3057.875401	1529.623995	2623.259403	0.000000	0	454.603617	25.883656	49.465381	3.846550	-464.124318	32.853311	10.246126	-425.155849	44.789642	0.000000	-420.000000	0	42.842235	0.512186	0.041436	41.159346	7.046338	-444.640084	3.630296	7.046338	24.640084	10.246126	5.155849	7.124318	0	1	0	1	2
at	2	62.500000	40	2	24	8.000000	45.000000	0.533630	2.493614	3057.975490	-420.000000	0.000000	76.000000	3105.041706	1529.623995	2623.259403	0.000000	0	454.545926	25.951152	50.034853	3.830897	-464.269849	32.887772	10.315624	-425.221705	44.789642	0.000000	-420.000000	0	43.137358	0.295123	0.067496	41.461313	7.073261	-444.745777	3.328330	7.073261	24.745777	10.315624	5.221705	7.269849	0	1	0	1	2
at	2	62.500000	40	2	24	8.000000	45.000000	0.533630	2.493614	3105.147783	-420.000000	0.000000	77.000000	3152.083541	1529.623995	2623.259403	0.000000	0	454.477371	25.949791	50.101062	3.778526	-464.304968	33.061315	10.293162	-425.236706	44.789642	0.000000	-420.000000	0	43.117543	0.019814	0.001361	41.581189	7.035844	-444.770837	3.208453	7.035844	24.770837	10.293162	5.236706	7.304968	0	1	0	1	2
at	2	62.500000	40	2	24	8.000000	45.000000	0.533630	2.493614	3152.189190	-420.000000	0.000000	78.000000	3199.096290	1529.623995	2623.259403	0.000000	0	454.487108	25.924965	50.068054	3.843514	-464.264533	32.985798	10.233478	-425.209422	44.789642	0.000000	-420.000000	0	43.103791	0.013752	0.024826	41.526926	7.038496	-444.736978	3.262716	7.038496	24.736978	10.233478	5.209422	7.264533	0	1	0	1	2
at	2	62.500000	40	2	24	8.000000	45.000000	0.533630	2.493614	3199.196807	-420.000000	0.000000	79.000000	3246.179188	1529.623995	2623.259403	0.000000	0	454.437242	25.885580	50.105683	3.746753	-464.249916	32.837929	10.177024	-425.170215	44.789642	0.000000	-420.000000	0	43.205865	0.102074	0.039385	41.471806	6.961889	-444.710065	3.317836	6.961889	24.710065	10.177024	5.170215	7.249916	0	1	0	1	2
at	2	62.500000	40	2	24	8.000000	45.000000	0.533630	2.493614	3246.285265	-420.000000	0.000000	80.000000	3293.131199	1529.623995	2623.259403	0.000000	0	454.256071	25.792604	50.181021	3.712939	-464.171460	33.152342	10.007175	-425.161903	44.789642	0.000000	-420.000000	0	43.027188	0.178677	0.092976	41.666682	6.860057	-444.666681	3.122961	6.860057	24.666681	10.007175	5.161903	7.171460	0	1	0	1	2
at	2	62.500000	40	2	24	8.000000	45.000000	0.533630	2.493614	3293.245403	-420.000000	0.000000	81.000000	3340.312047	1529.623995	2623.259403	0.000000	0	454.107049	25.719020	50.481246	3.632866	-464.162145	33.039879	9.846036	-425.107419	44.789642	0.000000	-420.000000	0	43.221249	0.194062	0.073584	41.760563	6.739451	-444.634782	3.029080	6.739451	24.634782	9.846036	5.107419	7.162145	0	1	0	1	2
at	2	62.500000	40	2	24	8.000000	45.000000	0.533630	2.493614	3340.417269	-420.000000	0.000000	82.000000	3387.338911	1529.623995	2623.259403	0.000000	0	454.050615	25.673910	50.434587	3.488006	-464.144524	32.765077	9.713972	-425.065301	44.789642	0.000000	-420.000000	0	43.337743	0.116493	0.045110	41.599832	6.600989	-444.604913	3.189810	6.600989	24.604913	9.713972	5.065301	7.144524	0	1	0	1	2
at	2	62.500000	40	2	24	8.000000	45.000000	0.533630	2.493614	3387.443278	-420.000000	0.000000	83.000000	3434.344817	1529.623995	2623.259403	0.000000	0	453.997167	25.651086	50.503422	3.364946	-464.177683	32.582987	9.650333	-425.019450	44.789642	0.000000	-420.000000	0	43.520286	0.182543	0.022825	41.543204	6.507640	-444.598566	3.246438	6.507640	24.598566	9.650333	5.019450	7.177683	0	1	0	1	2
at	2	62.500000	40	2	24	8.000000	45.000000	0.533630	2.493614	3434.445334	-420.000000	0.000000	84.000000	3481.458938	1529.623995	2623.259403	0.000000	0	454.093316	25.743654	50.385305	3.395282	-464.251529	32.596793	9.722912	-425.097565	44.789642	0.000000	-420.000000	0	43.468413	0.051873	0.092569	41.491049	6.559097	-444.674547	3.298593	6.559097	24.674547	9.722912	5.097565	7.251529	0	1	0	1	2
at	2	62.500000	40	2	24	8.000000	45.000000	0.533630	2.493614	3481.559027	-420.000000	0.000000	85.000000	3528.380581	1529.623995	2623.259403	0.000000	0	454.279331	25.847265	50.206733	3.499732	-464.326108	32.301157	9.777969	-425.131171	44.789642	0.000000	-420.000000	0	43.546170	0.077757	0.103611	41.253945	6.638851	-444.728640	3.535698	6.638851	24.728640	9.777969	5.131171	7.326108	0	1	0	1	2
at	2	62.500000	40	2	24	8.000000	45.000000	0.533630	2.493614	3528.480670	-420.000000	0.000000	86.000000	3575.758185	1529.623995	2623.259403	0.000000	0	454.237599	25.780634	50.184133	3.496689	-464.287056	32.072785	9.617784	-425.037966	44.789642	0.000000	-420.000000	0	43.657529	0.111358	0.066631	41.128459	6.557236	-444.662511	3.661183	6.557236	24.662511	9.617784	5.037966	7.287056	0	1	0	1	2
at	2	62.500000	40	2	24	8.000000	45.000000	0.533630	2.493614	3575.859129	-420.000000	0.000000	87.000000	3622.954859	1529.623995	2623.259403	0.000000	0	454.192327	25.705274	50.077624	3.392455	-464.250565	31.683760	9.435725	-424.916118	44.789642	0.000000	-420.000000	0	43.841237	0.183708	0.075359	40.880692	6.414090	-444.583342	3.908951	6.414090	24.583342	9.435725	4.916118	7.250565	0	1	0	1	2
at	2	62.500000	40	2	24	8.000000	45.000000	0.533630	2.493614	3623.060080	-420.000000	0.000000	88.000000	3669.595482	1529.623995	2623.259403	0.000000	0	453.980150	25.644038	50.103193	3.243234	-464.271825	31.976900	9.207903	-424.913520	44.789642	0.000000	-420.000000	0	43.740324	0.100913	0.061236	41.040046	6.225569	-444.592672	3.749596	6.225569	24.592672	9.207903	4.913520	7.271825	0	1	0	1	2
at	2	62.500000	40	2	24	8.000000	45.000000	0.533630	2.493614	3669.695999	-420.000000	0.000000	89.000000	3716.798999	1529.623995	2623.259403	0.000000	0	453.858701	25.608006	50.178897	3.194187	-464.271383	31.950954	8.975728	-424.916816	44.789642	0.000000	-420.000000	0	43.754612	0.014289	0.036033	41.064925	6.084958	-444.594099	3.724717	6.084958	24.594099	8.975728	4.916816	7.271383	0	1	0	1	2
at	2	62.500000	40	2	24	8.000000	45.000000	0.533630	2.493614	3716.898661	-420.000000	0.000000	90.000000	3764.047856	1529.623995	2623.259403	0.000000	0	453.787502	25.559003	50.366196	3.218436	-464.236463	31.974666	8.917603	-424.889623	44.789642	0.000000	-420.000000	0	43.805281	0.050669	0.049003	41.170431	6.068020	-444.563043	3.619211	6.068020	24.563043	8.917603	4.889623	7.236463	0	1	0	1	2
at	2	62.500000	40	2	24	8.000000	45.000000	0.533630	2.493614	3764.203550	-420.000000	0.000000	91.000000	3811.085842	1529.623995	2623.259403	0.000000	0	453.819402	25.553616	50.264001	3.229492	-464.215155	31.999826	8.967329	-424.873242	44.789642	0.000000	-420.000000	0	43.752589	0.052692	0.005387	41.131913	6.098411	-444.544199	3.657729	6.098411	24.544199	8.967329	4.873242	7.215155	0	1	0	1	2
at	2	62.500000	40	2	24	8.000000	45.000000	0.533630	2.493614	3811.188497	-420.000000	0.000000	92.000000	3858.192692	1529.623995	2623.259403	0.000000	0	454.013532	25.644934	49.834034	3.293153	-464.253710	31.782139	9.018005	-424.895804	44.789642	0.000000	-420.000000	0	43.677105	0.075484	0.091318	40.808087	6.155579	-444.574757	3.981556	6.155579	24.574757	9.018005	4.895804	7.253710	0	1	0	1	2
at	2	62.500000	40	2	24	8.000000	45.000000	0.533630	2.493614	3858.298341	-420.000000	0.000000	93.000000	3905.209719	1529.623995	2623.259403	0.000000	0	454.203846	25.762015	49.875674	3.452859	-464.358756	31.519372	9.145925	-424.926277	44.789642	0.000000	-420.000000	0	43.866675	0.189570	0.117081	40.697523	6.299392	-444.642517	4.092119	6.299392	24.642517	9.145925	4.926277	7.358756	0	1	0	1	2
at	2	62.500000	40	2	24	8.000000	45.000000	0.533630	2.493614	3905.313657	-420.000000	0.000000	94.000000	3952.635656	1529.623995	2623.259403	0.000000	0	454.220146	25.708680	50.000982	3.606423	-464.295358	31.471193	9.151643	-424.849849	44.789642	0.000000	-420.000000	0	43.932343	0.065667	0.053335	40.736088	6.379033	-444.572604	4.053555	6.379033	24.572604	9.151643	4.849849	7.295358	0	1	0	1	2
at	2	62.500000	40	2	24	8.000000	45.000000	0.533630	2.493614	3952.734889	-420.000000	0.000000	95.000000	3987.485024	1529.623995	2623.259403	3987.480747	0	454.067545	25.674831	  49.890347    3.439877 -464.332941	  31.775673    9.014404 -424.850988	44.789642	0.000000	-420.000000	0	43.795449	0.136893	0.033849	2
