subjName	sessionNR	IOD	trialN	textureType	texnum	visualAngle	simulatedDepth	light_intensity	ambient_intensity	time	displayDistance	isRotated	frameN	timTote	startTime	touchTime	endTime	fingersOccluded	distanceToHome	distanceToObject	indexXraw	indexYraw	indexZraw	thumbXraw	thumbYraw	thumbZraw	targetX	targetY	targetZ	failCause	gripAperture	gripApertureVel	distFromObjVel	gripOriginX	gripOriginY	gripOriginZ	distFromObjX	distFromObjY	distFromObjZ	y_dist_thm	z_dist_thm	z_dist_ind	handOnObj	handnearObj	handfarObj	handTouchObj	framesOccluded
at	2	62.500000	37	3	35	8.000000	45.000000	0.253954	3.277090	3844.131469	-420.000000	0.000000	93.000000	3891.359795	0.000000	0.000000	0.000000	0	21.322022	451.966172	246.746058	-361.947043	-247.807728	254.767205	-359.635727	-236.211394	44.789642	0.000000	-420.000000	0	14.288316	0.158467	8.118068	250.756631	-360.791385	-242.009561	205.966989	360.791385	177.990439	359.635727	183.788606	209.192272	0	0	1	0	0
at	2	62.500000	37	3	35	8.000000	45.000000	0.253954	3.277090	3891.552701	-420.000000	0.000000	94.000000	3937.922144	0.000000	0.000000	0.000000	0	19.441540	444.732804	245.165358	-353.613021	-246.006623	253.864705	-350.097923	-235.817395	44.789642	0.000000	-420.000000	0	13.851170	0.437146	7.233368	249.515031	-351.855472	-240.912009	204.725389	351.855472	179.087991	350.097923	184.182605	210.993377	0	0	1	0	0
at	2	62.500000	37	3	35	8.000000	45.000000	0.253954	3.277090	3938.026938	-420.000000	0.000000	95.000000	3984.843786	0.000000	0.000000	0.000000	0	16.993104	440.036595	241.577558	-349.371325	-244.227190	249.427592	-346.010468	-235.453148	44.789642	0.000000	-420.000000	0	12.243456	1.607714	4.696208	245.502575	-347.690896	-239.840169	200.712932	347.690896	180.159831	346.010468	184.546852	212.772810	0	0	1	0	0
at	2	62.500000	37	3	35	8.000000	45.000000	0.253954	3.277090	3984.944303	-420.000000	0.000000	96.000000	4031.850975	4020.171785	0.000000	0.000000	0	12.732578	436.963971	235.473824	-348.396722	-243.382117	243.385788	-345.391344	-234.859682	44.789642	0.000000	-420.000000	0	12.010969	0.232487	3.072624	239.429806	-346.894033	-239.120900	194.640163	346.894033	180.879100	345.391344	185.140318	213.617883	0	0	1	0	0
at	2	62.500000	37	3	35	8.000000	45.000000	0.253954	3.277090	4031.960902	-420.000000	0.000000	97.000000	4091.406931	4020.171785	0.000000	0.000000	0	7.013442	434.938136	226.372957	-350.803062	-243.166389	234.271463	-348.073958	-235.494013	44.789642	0.000000	-420.000000	0	11.344592	0.666377	2.025836	230.322210	-349.438510	-239.330201	185.532567	349.438510	180.669799	348.073958	184.505987	213.833611	0	0	1	0	0
at	2	62.500000	37	3	35	8.000000	45.000000	0.253954	3.277090	4091.513436	-420.000000	0.000000	98.000000	4137.425634	4020.171785	0.000000	0.000000	0	7.326148	435.698615	220.957657	-355.483753	-243.867491	227.794186	-352.473363	-236.792935	44.789642	0.000000	-420.000000	0	10.288339	1.056253	0.760479	224.375922	-353.978558	-240.330213	179.586279	353.978558	179.669787	352.473363	183.207065	213.132509	0	0	1	0	0
at	2	62.500000	37	3	35	8.000000	45.000000	0.253954	3.277090	4137.531711	-420.000000	0.000000	99.000000	4185.015392	4020.171785	0.000000	0.000000	0	6.990252	435.993640	220.785254	-356.361507	-244.639136	227.939113	-353.019209	-237.372558	44.789642	0.000000	-420.000000	0	10.730881	0.442542	0.295025	224.362183	-354.690358	-241.005847	179.572541	354.690358	178.994153	353.019209	182.627442	212.360864	0	0	1	0	0
at	2	62.500000	37	3	35	8.000000	45.000000	0.253954	3.277090	4185.119758	-420.000000	0.000000	100.000000	4231.730868	4020.171785	0.000000	0.000000	0	6.439832	436.390916	220.892098	-356.635881	-244.613456	229.103846	-353.087668	-237.419445	44.789642	0.000000	-420.000000	0	11.479392	0.748510	0.397276	224.997972	-354.861774	-241.016451	180.208330	354.861774	178.983549	353.087668	182.580555	212.386544	0	0	1	0	0
at	2	62.500000	37	3	35	8.000000	45.000000	0.253954	3.277090	4231.835662	-420.000000	0.000000	101.000000	4279.031053	4020.171785	0.000000	0.000000	0	6.407443	436.512496	220.816011	-356.667724	-244.574826	229.376015	-353.162042	-237.273264	44.789642	0.000000	-420.000000	0	11.784578	0.305186	0.121579	225.096013	-354.914883	-240.924045	180.306370	354.914883	179.075955	353.162042	182.726736	212.425174	0	0	1	0	0
at	2	62.500000	37	3	35	8.000000	45.000000	0.253954	3.277090	4279.183325	-420.000000	0.000000	102.000000	4326.253390	4020.171785	0.000000	0.000000	0	6.211464	436.671942	221.067353	-356.736038	-244.638258	229.620026	-353.220117	-237.181978	44.789642	0.000000	-420.000000	0	11.878806	0.094228	0.159446	225.343689	-354.978077	-240.910118	180.554047	354.978077	179.089882	353.220117	182.818022	212.361742	0	0	1	0	0
at	2	62.500000	37	3	35	8.000000	45.000000	0.253954	3.277090	4326.358612	-420.000000	0.000000	103.000000	4373.353824	4020.171785	0.000000	0.000000	0	6.238308	436.686683	221.091954	-356.771200	-244.601672	229.541417	-353.246065	-237.213364	44.789642	0.000000	-420.000000	0	11.764655	0.114151	0.014741	225.316685	-355.008632	-240.907518	180.527043	355.008632	179.092482	353.246065	182.786636	212.398328	0	0	1	0	0
at	2	62.500000	37	3	35	8.000000	45.000000	0.253954	3.277090	4373.459902	-420.000000	0.000000	104.000000	4420.066307	4020.171785	0.000000	0.000000	0	6.250670	436.695074	221.071163	-356.813386	-244.621238	229.500422	-353.289389	-237.260123	44.789642	0.000000	-420.000000	0	11.732731	0.031924	0.008391	225.285793	-355.051387	-240.940680	180.496150	355.051387	179.059320	353.289389	182.739877	212.378762	0	0	1	0	0
at	2	62.500000	37	3	35	8.000000	45.000000	0.253954	3.277090	4420.171101	-420.000000	0.000000	105.000000	4467.289072	4020.171785	0.000000	0.000000	0	6.050082	436.763034	221.501832	-356.822899	-244.681646	229.494366	-353.273543	-237.283929	44.789642	0.000000	-420.000000	0	11.454464	0.278267	0.067960	225.498099	-355.048221	-240.982787	180.708457	355.048221	179.017213	353.273543	182.716071	212.318354	0	0	1	0	0
at	2	62.500000	37	3	35	8.000000	45.000000	0.253954	3.277090	4467.390017	-420.000000	0.000000	106.000000	4514.402766	4020.171785	0.000000	0.000000	0	6.217763	436.668616	221.331516	-356.802747	-244.651762	229.262204	-353.265178	-237.311868	44.789642	0.000000	-420.000000	0	11.370323	0.084141	0.094418	225.296860	-355.033962	-240.981815	180.507218	355.033962	179.018185	353.265178	182.688132	212.348238	0	0	1	0	0
at	2	62.500000	37	3	35	8.000000	45.000000	0.253954	3.277090	4514.503283	-420.000000	0.000000	107.000000	4561.167431	4020.171785	0.000000	0.000000	0	6.365958	436.606554	221.349187	-356.849281	-244.647346	228.841966	-353.325329	-237.424960	44.789642	0.000000	-420.000000	0	10.987395	0.382928	0.062063	225.095576	-355.087305	-241.036153	180.305934	355.087305	178.963847	353.325329	182.575040	212.352654	0	0	1	0	0
at	2	62.500000	37	3	35	8.000000	45.000000	0.253954	3.277090	4561.267093	-420.000000	0.000000	108.000000	4608.581392	4020.171785	0.000000	0.000000	0	6.277047	436.638338	221.333607	-356.868186	-244.718884	229.045622	-353.306146	-237.387316	44.789642	0.000000	-420.000000	0	11.221193	0.233799	0.031785	225.189615	-355.087166	-241.053100	180.399972	355.087166	178.946900	353.306146	182.612684	212.281116	0	0	1	0	0
at	2	62.500000	37	3	35	8.000000	45.000000	0.253954	3.277090	4608.685759	-420.000000	0.000000	109.000000	4655.770367	4020.171785	0.000000	0.000000	0	5.890342	436.778017	221.901996	-356.856095	-244.831595	229.335538	-353.267115	-237.357723	44.789642	0.000000	-420.000000	0	11.135397	0.085796	0.139679	225.618767	-355.061605	-241.094659	180.829125	355.061605	178.905341	353.267115	182.642277	212.168405	0	0	1	0	0
at	2	62.500000	37	3	35	8.000000	45.000000	0.253954	3.277090	4655.875589	-420.000000	0.000000	110.000000	4702.653941	4020.171785	0.000000	0.000000	0	5.983074	436.730374	221.667615	-356.834459	-244.809248	229.367995	-353.255522	-237.342708	44.789642	0.000000	-420.000000	0	11.307249	0.171852	0.047643	225.517805	-355.044991	-241.075978	180.728162	355.044991	178.924022	353.255522	182.657292	212.190752	0	0	1	0	0
at	2	62.500000	37	3	35	8.000000	45.000000	0.253954	3.277090	4702.757880	-420.000000	0.000000	111.000000	4749.682945	4020.171785	0.000000	0.000000	0	6.273778	436.583679	221.392252	-356.793140	-244.726712	228.971484	-353.262017	-237.394135	44.789642	0.000000	-420.000000	0	11.121163	0.186085	0.146696	225.181868	-355.027578	-241.060424	180.392225	355.027578	178.939576	353.262017	182.605865	212.273288	0	0	1	0	0
at	2	62.500000	37	3	35	8.000000	45.000000	0.253954	3.277090	4749.833078	-420.000000	0.000000	112.000000	4796.608009	4020.171785	0.000000	0.000000	0	6.337152	436.561940	221.398633	-356.780842	-244.722386	228.855925	-353.240031	-237.326478	44.789642	0.000000	-420.000000	0	11.083681	0.037482	0.021739	225.127279	-355.010436	-241.024432	180.337637	355.010436	178.975568	353.240031	182.673522	212.277614	0	0	1	0	0
at	2	62.500000	37	3	35	8.000000	45.000000	0.253954	3.277090	4796.712803	-420.000000	0.000000	113.000000	4843.491584	4020.171785	0.000000	0.000000	0	6.276553	436.586847	221.540306	-356.774140	-244.747600	228.863382	-353.224459	-237.285864	44.789642	0.000000	-420.000000	0	11.041068	0.042613	0.024908	225.201844	-354.999299	-241.016732	180.412202	354.999299	178.983268	353.224459	182.714136	212.252400	0	0	1	0	0
at	2	62.500000	37	3	35	8.000000	45.000000	0.253954	3.277090	4843.592100	-420.000000	0.000000	114.000000	4890.866193	4020.171785	0.000000	0.000000	0	6.205047	436.560411	221.533611	-356.679370	-244.708928	229.080611	-353.095065	-237.221255	44.789642	0.000000	-420.000000	0	11.219166	0.178098	0.026437	225.307111	-354.887218	-240.965091	180.517469	354.887218	179.034909	353.095065	182.778745	212.291072	0	0	1	0	0
at	2	62.500000	37	3	35	8.000000	45.000000	0.253954	3.277090	4890.970987	-420.000000	0.000000	115.000000	4938.229682	4020.171785	0.000000	0.000000	0	6.523884	435.819231	221.129022	-355.974937	-244.758355	228.764202	-352.295868	-237.079751	44.789642	0.000000	-420.000000	0	11.436454	0.217288	0.741179	224.946612	-354.135402	-240.919053	180.156970	354.135402	179.080947	352.295868	182.920249	212.241645	0	0	1	0	0
at	2	62.500000	37	3	35	8.000000	45.000000	0.253954	3.277090	4938.334048	-420.000000	0.000000	116.000000	4985.734322	4020.171785	0.000000	0.000000	0	9.188284	429.558272	222.970390	-349.102671	-247.886635	228.615938	-344.405356	-237.037665	44.789642	0.000000	-420.000000	0	13.101036	1.664581	6.260960	225.793164	-346.754014	-242.462150	181.003522	346.754014	177.537850	344.405356	182.962335	209.113365	0	0	1	0	0
at	2	62.500000	37	3	35	8.000000	45.000000	0.253954	3.277090	4985.834411	-420.000000	0.000000	117.000000	5032.741938	4020.171785	0.000000	0.000000	0	24.837606	415.268123	225.862289	-332.930462	-252.759592	230.240195	-326.674923	-240.293818	44.789642	0.000000	-420.000000	0	14.618255	1.517219	14.290149	228.051242	-329.802693	-246.526705	183.261599	329.802693	173.473295	326.674923	179.706182	204.240408	0	0	1	0	0
at	2	62.500000	37	3	35	8.000000	45.000000	0.253954	3.277090	5048.912302	-420.000000	0.000000	118.000000	5091.530973	4020.171785	0.000000	0.000000	0	54.844127	390.109966	228.163097	-303.161447	-261.354225	233.158827	-298.028772	-248.311289	44.789642	0.000000	-420.000000	0	14.880183	0.261928	25.158157	230.660962	-300.595109	-254.832757	185.871320	300.595109	165.167243	298.028772	171.688711	195.645775	0	0	1	0	0
at	2	62.500000	37	3	35	8.000000	45.000000	0.253954	3.277090	5091.631489	-420.000000	0.000000	119.000000	5138.567247	4020.171785	0.000000	0.000000	0	83.115337	365.470383	227.455759	-275.379260	-269.986381	231.895203	-271.580063	-256.359656	44.789642	0.000000	-420.000000	0	14.826672	0.053511	24.639583	229.675481	-273.479661	-263.173018	184.885839	273.479661	156.826982	271.580063	163.640344	187.013619	0	0	1	0	0
at	2	62.500000	37	3	35	8.000000	45.000000	0.253954	3.277090	5138.672469	-420.000000	0.000000	120.000000	5186.004733	4020.171785	0.000000	0.000000	0	114.003923	337.490443	223.417730	-245.796025	-280.462703	227.139443	-242.401649	-264.652247	44.789642	0.000000	-420.000000	0	16.593477	1.766805	27.979940	225.278587	-244.098837	-272.557475	180.488944	244.098837	147.442525	242.401649	155.347753	176.537297	0	0	1	0	0
at	2	62.500000	37	3	35	8.000000	45.000000	0.253954	3.277090	5186.110383	-420.000000	0.000000	121.000000	5232.766832	4020.171785	0.000000	0.000000	0	144.652354	308.440688	217.082587	-217.873887	-294.260254	219.805654	-214.250760	-275.208029	44.789642	0.000000	-420.000000	0	19.583907	2.990430	29.049756	218.444121	-216.062324	-284.734142	173.654478	216.062324	135.265858	214.250760	144.791971	162.739746	0	0	1	0	0
at	2	62.500000	37	3	35	8.000000	45.000000	0.253954	3.277090	5232.871199	-420.000000	0.000000	122.000000	5279.798830	4020.171785	0.000000	0.000000	0	175.079767	277.768139	208.005372	-191.597583	-312.922804	208.710808	-188.705589	-288.390149	44.789642	0.000000	-420.000000	0	24.712597	5.128690	30.672548	208.358090	-190.151586	-300.656477	163.568448	190.151586	119.343523	188.705589	131.609851	144.077196	0	0	1	0	0
at	2	62.500000	37	3	35	8.000000	45.000000	0.253954	3.277090	5279.903196	-420.000000	0.000000	123.000000	5326.945031	4020.171785	0.000000	0.000000	0	205.291317	246.660267	197.049820	-166.954136	-332.902247	195.101490	-164.796093	-302.752199	44.789642	0.000000	-420.000000	0	30.289909	5.577312	31.107872	196.075655	-165.875114	-317.827223	151.286013	165.875114	102.172777	164.796093	117.247801	124.097753	0	0	0	0	0
at	2	62.500000	37	3	35	8.000000	45.000000	0.253954	3.277090	5327.045976	-420.000000	0.000000	124.000000	5373.395314	4020.171785	0.000000	0.000000	0	234.312229	216.275878	184.188953	-144.812349	-352.357296	179.972025	-142.975336	-317.689288	44.789642	0.000000	-420.000000	0	34.971816	4.681907	30.384389	182.080489	-143.893842	-335.023292	137.290847	143.893842	84.976708	142.975336	102.310712	104.642704	0	0	0	0	0
at	2	62.500000	37	3	35	8.000000	45.000000	0.253954	3.277090	5373.496259	-420.000000	0.000000	125.000000	5420.764364	4020.171785	0.000000	0.000000	0	261.560702	187.526652	170.079719	-125.777168	-370.899395	164.533134	-123.209698	-332.612247	44.789642	0.000000	-420.000000	0	38.771926	3.800111	28.749226	167.306427	-124.493433	-351.755821	122.516784	124.493433	68.244179	123.209698	87.387753	86.100605	0	0	0	0	0
at	2	62.500000	37	3	35	8.000000	45.000000	0.253954	3.277090	5420.868730	-420.000000	0.000000	126.000000	5467.753160	4020.171785	0.000000	0.000000	0	286.523757	161.532376	156.451801	-109.534082	-389.735933	150.024605	-106.846455	-347.765599	44.789642	0.000000	-420.000000	0	42.544579	3.772653	25.994276	153.238203	-108.190269	-368.750766	108.448561	108.190269	51.249234	106.846455	72.234401	67.264067	0	0	0	0	0
at	2	62.500000	37	3	35	8.000000	45.000000	0.253954	3.277090	5467.857526	-420.000000	0.000000	127.000000	5514.841618	4020.171785	0.000000	0.000000	0	309.809947	137.747758	143.593438	-95.259520	-407.268711	135.064131	-92.279341	-362.187993	44.789642	0.000000	-420.000000	0	45.977186	3.432607	23.784618	139.328785	-93.769431	-384.728352	94.539142	93.769431	35.271648	92.279341	57.812007	49.731289	0	0	0	0	0
at	2	62.500000	37	3	35	8.000000	45.000000	0.253954	3.277090	5514.946412	-420.000000	0.000000	128.000000	5561.858217	4020.171785	0.000000	0.000000	0	331.227882	116.114925	129.897594	-82.924656	-423.165487	120.269581	-79.516423	-374.940258	44.789642	0.000000	-420.000000	0	49.294903	3.317717	21.632832	125.083588	-81.220540	-399.052873	80.293945	81.220540	20.947127	79.516423	45.059742	33.834513	0	0	0	0	0
at	2	62.500000	37	3	35	8.000000	45.000000	0.253954	3.277090	5561.963438	-420.000000	0.000000	129.000000	5608.544607	4020.171785	0.000000	0.000000	0	350.896485	97.544609	118.402187	-71.810895	-437.874150	106.462894	-67.883598	-386.537235	44.789642	0.000000	-420.000000	0	52.853091	3.558187	18.570316	112.432541	-69.847247	-412.205693	67.642899	69.847247	7.794307	67.883598	33.462765	19.125850	0	0	0	0	0
at	2	62.500000	37	3	35	8.000000	45.000000	0.253954	3.277090	5608.645124	-420.000000	0.000000	130.000000	5655.839231	4020.171785	0.000000	0.000000	0	367.945274	83.031210	109.476467	-61.803989	-450.169838	96.014957	-56.943237	-396.170497	44.789642	0.000000	-420.000000	0	55.863835	3.010744	14.513399	102.745712	-59.373613	-423.170167	57.956070	59.373613	3.170167	56.943237	23.829503	6.830162	0	0	0	0	0
at	2	62.500000	37	3	35	8.000000	45.000000	0.253954	3.277090	5655.939748	-420.000000	0.000000	131.000000	5702.898603	4020.171785	0.000000	0.000000	0	382.230230	71.665779	101.365713	-53.424429	-460.200626	86.923500	-47.757344	-403.517181	44.789642	0.000000	-420.000000	0	58.768242	2.904408	11.365431	94.144606	-50.590887	-431.858904	49.354964	50.590887	11.858904	47.757344	16.482819	3.200626	0	0	0	0	0
at	2	62.500000	37	3	35	8.000000	45.000000	0.253954	3.277090	5703.061141	-420.000000	0.000000	132.000000	5750.271502	4020.171785	0.000000	0.000000	0	394.078799	62.845504	93.226685	-47.205124	-468.552986	77.032010	-41.292894	-409.619815	44.789642	0.000000	-420.000000	0	61.403100	2.634857	8.820275	85.129348	-44.249009	-439.086401	40.339705	44.249009	19.086401	41.292894	10.380185	11.552986	0	0	0	0	0
at	2	62.500000	37	3	35	8.000000	45.000000	0.253954	3.277090	5750.380573	-420.000000	0.000000	133.000000	5797.107171	4020.171785	0.000000	0.000000	0	403.159584	56.992323	85.882379	-42.802109	-474.637822	68.500435	-37.054387	-414.514415	44.789642	0.000000	-420.000000	0	62.848964	1.445864	5.853180	77.191407	-39.928248	-444.576118	32.401765	39.928248	24.576118	37.054387	5.485585	17.637822	0	0	0	0	0
at	2	62.500000	37	3	35	8.000000	45.000000	0.253954	3.277090	5797.206832	-420.000000	0.000000	134.000000	5844.297429	4020.171785	0.000000	0.000000	0	411.146586	52.642369	77.336348	-39.646478	-479.599303	60.185004	-33.835082	-418.597729	44.789642	0.000000	-420.000000	0	63.632798	0.783833	4.349955	68.760676	-36.740780	-449.098516	23.971034	36.740780	29.098516	33.835082	1.402271	22.599303	0	0	0	0	0
at	2	62.500000	37	3	35	8.000000	45.000000	0.253954	3.277090	5844.397518	-420.000000	0.000000	135.000000	5891.192552	4020.171785	0.000000	0.000000	0	418.254059	50.110557	70.491146	-36.703406	-483.433623	53.200519	-30.539523	-422.589145	44.789642	0.000000	-420.000000	0	63.553205	0.079593	2.531811	61.845833	-33.621464	-453.011384	17.056190	33.621464	33.011384	30.539523	2.589145	26.433623	0	0	0	0	0
at	2	62.500000	37	3	35	8.000000	45.000000	0.253954	3.277090	5891.291786	-420.000000	0.000000	136.000000	5938.387087	4020.171785	0.000000	0.000000	0	425.186496	48.090606	64.812710	-32.544773	-486.391955	48.619141	-26.159058	-425.966463	44.789642	0.000000	-420.000000	0	62.882821	0.670384	2.019952	56.715926	-29.351916	-456.179209	11.926283	29.351916	36.179209	26.159058	5.966463	29.391955	0	1	0	0	0
at	2	62.500000	37	3	35	8.000000	45.000000	0.253954	3.277090	5938.491026	-420.000000	0.000000	137.000000	5985.181694	4020.171785	0.000000	0.000000	0	432.122154	45.743622	59.363240	-27.622972	-488.183081	44.028179	-20.906555	-428.132223	44.789642	0.000000	-420.000000	0	62.340837	0.541984	2.346984	51.695709	-24.264764	-458.157652	6.906067	24.264764	38.157652	20.906555	8.132223	31.183081	0	1	0	0	0
at	2	62.500000	37	3	35	8.000000	45.000000	0.253954	3.277090	5985.285632	-420.000000	0.000000	138.000000	6031.746609	4020.171785	6020.064853	0.000000	0	439.236682	42.636114	53.243052	-21.764833	-488.439042	39.093339	-14.657664	-428.613881	44.789642	0.000000	-420.000000	0	61.885185	0.455652	3.107508	46.168195	-18.211248	-458.526462	1.378553	18.211248	38.526462	14.657664	8.613881	31.439042	0	1	0	1	0
at	2	62.500000	37	3	35	8.000000	45.000000	0.253954	3.277090	6031.851831	-420.000000	0.000000	139.000000	6078.912914	4020.171785	6020.064853	0.000000	0	445.140489	39.276092	46.396140	-16.218417	-485.872843	33.897338	-9.342019	-427.821685	44.789642	0.000000	-420.000000	0	59.778272	2.106913	3.360022	40.146739	-12.780218	-456.847264	4.642903	12.780218	36.847264	9.342019	7.821685	28.872843	0	1	0	1	0
at	2	62.500000	37	3	35	8.000000	45.000000	0.253954	3.277090	6079.014286	-420.000000	0.000000	140.000000	6125.922241	4020.171785	6020.064853	0.000000	0	449.867288	37.720889	41.105370	-11.734459	-484.052991	27.921031	-5.837391	-426.376201	44.789642	0.000000	-420.000000	0	59.457668	0.320604	1.555203	34.513200	-8.785925	-455.214596	10.276442	8.785925	35.214596	5.837391	6.376201	27.052991	0	1	0	1	0
at	2	62.500000	37	3	35	8.000000	45.000000	0.253954	3.277090	6126.023186	-420.000000	0.000000	141.000000	6173.322087	4020.171785	6020.064853	0.000000	0	452.788470	33.640738	37.249282	-7.401343	-478.325021	26.635904	-0.278246	-423.381010	44.789642	0.000000	-420.000000	0	56.411228	3.046441	4.080151	31.942593	-3.839794	-450.853016	12.847049	3.839794	30.853016	0.278246	3.381010	21.325021	0	1	0	1	0
at	2	62.500000	37	3	35	8.000000	45.000000	0.253954	3.277090	6173.426881	-420.000000	0.000000	142.000000	6220.316444	4020.171785	6020.064853	0.000000	0	454.007815	31.095257	37.592961	-3.139050	-474.808922	28.269754	2.174739	-422.673723	44.789642	0.000000	-420.000000	0	53.228164	3.183063	2.545481	32.931358	-0.482156	-448.741323	11.858285	0.482156	28.741323	2.174739	2.673723	17.808922	0	1	0	1	0
at	2	62.500000	37	3	35	8.000000	45.000000	0.253954	3.277090	6220.424660	-420.000000	0.000000	143.000000	6267.454091	4020.171785	6020.064853	0.000000	0	454.430148	28.424242	39.089354	-0.273417	-471.205028	30.001796	4.838528	-421.626272	44.789642	0.000000	-420.000000	0	50.663287	2.564877	2.671015	34.545575	2.282556	-446.415650	10.244067	2.282556	26.415650	4.838528	1.626272	14.205028	0	1	0	1	0
at	2	62.500000	37	3	35	8.000000	45.000000	0.253954	3.277090	6267.559740	-420.000000	0.000000	144.000000	6314.620823	4020.171785	6020.064853	0.000000	0	455.065887	26.287103	41.730145	2.033742	-468.410295	34.049341	9.724567	-420.939021	44.789642	0.000000	-420.000000	0	48.699748	1.963539	2.137139	37.889743	5.879154	-444.674658	6.899899	5.879154	24.674658	9.724567	0.939021	11.410295	0	1	0	1	0
at	2	62.500000	37	3	35	8.000000	45.000000	0.253954	3.277090	6314.725189	-420.000000	0.000000	145.000000	6361.253320	4020.171785	6020.064853	0.000000	0	455.715998	26.573568	44.067217	4.416740	-466.776174	37.203074	11.516075	-423.241065	44.789642	0.000000	-420.000000	0	44.641043	4.058705	0.286465	40.635146	7.966407	-445.008620	4.154496	7.966407	25.008620	11.516075	3.241065	9.776174	0	1	0	1	0
at	2	62.500000	37	3	35	8.000000	45.000000	0.253954	3.277090	6361.353836	-420.000000	0.000000	146.000000	6408.307559	4020.171785	6020.064853	0.000000	0	456.105362	26.888685	44.993399	5.136544	-466.211641	35.485686	11.123136	-424.234515	44.789642	0.000000	-420.000000	0	43.454746	1.186297	0.315117	40.239543	8.129840	-445.223078	4.550099	8.129840	25.223078	11.123136	4.234515	9.211641	0	1	0	1	0
at	2	62.500000	37	3	35	8.000000	45.000000	0.253954	3.277090	6408.406793	-420.000000	0.000000	147.000000	6455.542301	4020.171785	6020.064853	0.000000	0	455.664505	26.545504	45.374750	4.966920	-465.732051	35.537853	10.662396	-424.260631	44.789642	0.000000	-420.000000	0	43.000949	0.453797	0.343181	40.456301	7.814658	-444.996341	4.333341	7.814658	24.996341	10.662396	4.260631	8.732051	0	1	0	1	0
at	2	62.500000	37	3	35	8.000000	45.000000	0.253954	3.277090	6455.641962	-420.000000	0.000000	148.000000	6502.262910	4020.171785	6020.064853	0.000000	0	455.498773	26.485111	45.257165	4.602070	-465.494550	35.688737	10.627089	-424.499269	44.789642	0.000000	-420.000000	0	42.526095	0.474854	0.060393	40.472951	7.614579	-444.996909	4.316691	7.614579	24.996909	10.627089	4.499269	8.494550	0	1	0	1	0
at	2	62.500000	37	3	35	8.000000	45.000000	0.253954	3.277090	6502.368987	-420.000000	0.000000	149.000000	6549.593036	4020.171785	6020.064853	0.000000	0	455.041872	26.473040	45.895532	4.086040	-465.500586	36.229462	10.398689	-424.877123	44.789642	0.000000	-420.000000	0	42.232075	0.294020	0.012071	41.062497	7.242364	-445.188855	3.727146	7.242364	25.188855	10.398689	4.877123	8.500586	0	1	0	1	0
at	2	62.500000	37	3	35	8.000000	45.000000	0.253954	3.277090	6549.697830	-420.000000	0.000000	150.000000	6596.379943	4020.171785	6020.064853	0.000000	0	455.021476	26.502094	46.035385	4.052853	-465.477140	36.092257	10.331891	-424.990634	44.789642	0.000000	-420.000000	0	42.159806	0.072269	0.029054	41.063821	7.192372	-445.233887	3.725821	7.192372	25.233887	10.331891	4.990634	8.477140	0	1	0	1	0
at	2	62.500000	37	3	35	8.000000	45.000000	0.253954	3.277090	6596.486020	-420.000000	0.000000	151.000000	6643.883727	4020.171785	6020.064853	0.000000	0	455.151075	26.595816	45.883540	4.006392	-465.538099	35.891092	10.451188	-425.052566	44.789642	0.000000	-420.000000	0	42.195531	0.035724	0.093721	40.887316	7.228790	-445.295332	3.902327	7.228790	25.295332	10.451188	5.052566	8.538099	0	1	0	1	0
at	2	62.500000	37	3	35	8.000000	45.000000	0.253954	3.277090	6643.985100	-420.000000	0.000000	152.000000	6690.650532	4020.171785	6020.064853	0.000000	0	455.283464	26.670832	46.033864	4.077450	-465.583536	35.444813	10.518268	-425.078859	44.789642	0.000000	-420.000000	0	42.358482	0.162951	0.075017	40.739338	7.297859	-445.331198	4.050304	7.297859	25.331198	10.518268	5.078859	8.583536	0	1	0	1	0
at	2	62.500000	37	3	35	8.000000	45.000000	0.253954	3.277090	6690.756181	-420.000000	0.000000	153.000000	6737.740700	4020.171785	6020.064853	0.000000	0	455.431798	26.726679	45.889197	4.272947	-465.579617	35.302430	10.541324	-425.090355	44.789642	0.000000	-420.000000	0	42.317284	0.041198	0.055847	40.595814	7.407135	-445.334986	4.193829	7.407135	25.334986	10.541324	5.090355	8.579617	0	1	0	1	0
at	2	62.500000	37	3	35	8.000000	45.000000	0.253954	3.277090	6737.849344	-420.000000	0.000000	154.000000	6784.847123	4020.171785	6020.064853	0.000000	0	455.380846	26.705890	45.936126	4.289161	-465.581773	35.394432	10.473006	-425.082367	44.789642	0.000000	-420.000000	0	42.303299	0.013984	0.020789	40.665279	7.381084	-445.332070	4.124364	7.381084	25.332070	10.473006	5.082367	8.581773	0	1	0	1	0
at	2	62.500000	37	3	35	8.000000	45.000000	0.253954	3.277090	6784.952772	-420.000000	0.000000	155.000000	6831.875698	4020.171785	6020.064853	0.000000	0	455.322410	26.667666	46.065420	4.258974	-465.542988	35.341269	10.420623	-425.076926	44.789642	0.000000	-420.000000	0	42.314010	0.010711	0.038224	40.703344	7.339798	-445.309957	4.086298	7.339798	25.309957	10.420623	5.076926	8.542988	0	1	0	1	0
at	2	62.500000	37	3	35	8.000000	45.000000	0.253954	3.277090	6831.977498	-420.000000	0.000000	156.000000	6878.923094	4020.171785	6020.064853	0.000000	0	455.301157	26.637112	46.003540	4.237386	-465.480479	35.333484	10.385000	-425.080316	44.789642	0.000000	-420.000000	0	42.235251	0.078759	0.030553	40.668512	7.311193	-445.280398	4.121130	7.311193	25.280398	10.385000	5.080316	8.480479	0	1	0	1	0
at	2	62.500000	37	3	35	8.000000	45.000000	0.253954	3.277090	6879.024466	-420.000000	0.000000	157.000000	6926.024383	4020.171785	6020.064853	0.000000	0	455.359659	26.684337	45.780692	4.339101	-465.449124	35.581823	10.406127	-425.179704	44.789642	0.000000	-420.000000	0	41.981566	0.253685	0.047225	40.681258	7.372614	-445.314414	4.108385	7.372614	25.314414	10.406127	5.179704	8.449124	0	1	0	1	0
at	2	62.500000	37	3	35	8.000000	45.000000	0.253954	3.277090	6926.125328	-420.000000	0.000000	158.000000	6972.880155	4020.171785	6020.064853	0.000000	0	455.434150	26.685205	45.969033	4.427741	-465.449989	35.246544	10.464098	-425.113655	44.789642	0.000000	-420.000000	0	42.171426	0.189860	0.000868	40.607788	7.445919	-445.281822	4.181854	7.445919	25.281822	10.464098	5.113655	8.449989	0	1	0	1	0
at	2	62.500000	37	3	35	8.000000	45.000000	0.253954	3.277090	6972.980244	-420.000000	0.000000	159.000000	7020.113186	4020.171785	6020.064853	0.000000	0	455.472387	26.715107	46.071848	4.470287	-465.468624	35.165401	10.505960	-425.136811	44.789642	0.000000	-420.000000	0	42.214157	0.042731	0.029902	40.618625	7.488124	-445.302718	4.171018	7.488124	25.302718	10.505960	5.136811	8.468624	0	1	0	1	0
at	2	62.500000	37	3	35	8.000000	45.000000	0.253954	3.277090	7020.214558	-420.000000	0.000000	160.000000	7066.876141	4020.171785	6020.064853	0.000000	0	455.437611	26.730373	46.042449	4.430178	-465.481598	35.307262	10.478313	-425.194456	44.789642	0.000000	-420.000000	0	42.129301	0.084856	0.015267	40.674856	7.454246	-445.338027	4.114787	7.454246	25.338027	10.478313	5.194456	8.481598	0	1	0	1	0
at	2	62.500000	37	3	35	8.000000	45.000000	0.253954	3.277090	7066.977085	-420.000000	0.000000	161.000000	7113.920970	4020.171785	6020.064853	0.000000	0	455.397516	26.746755	46.055261	4.414158	-465.488044	35.477615	10.446089	-425.266108	44.789642	0.000000	-420.000000	0	42.024694	0.104607	0.016382	40.766438	7.430124	-445.377076	4.023204	7.430124	25.377076	10.446089	5.266108	8.488044	0	1	0	1	0
at	2	62.500000	37	3	35	8.000000	45.000000	0.253954	3.277090	7114.023625	-420.000000	0.000000	162.000000	7161.501318	4020.171785	6020.064853	0.000000	0	455.502211	26.779959	46.054577	4.465148	-465.492217	35.199034	10.518387	-425.250681	44.789642	0.000000	-420.000000	0	42.117286	0.092592	0.033204	40.626805	7.491767	-445.371449	4.162837	7.491767	25.371449	10.518387	5.250681	8.492217	0	1	0	1	0
at	2	62.500000	37	3	35	8.000000	45.000000	0.253954	3.277090	7161.607823	-420.000000	0.000000	163.000000	7208.548286	4020.171785	6020.064853	0.000000	0	455.549110	26.799328	45.869861	4.586852	-465.443454	35.441591	10.540867	-425.307024	44.789642	0.000000	-420.000000	0	41.894297	0.222989	0.019369	40.655726	7.563859	-445.375239	4.133916	7.563859	25.375239	10.540867	5.307024	8.443454	0	1	0	1	0
at	2	62.500000	37	3	35	8.000000	45.000000	0.253954	3.277090	7208.652652	-420.000000	0.000000	164.000000	7255.536227	4020.171785	6020.064853	0.000000	0	455.629573	26.826887	45.840211	4.604011	-465.440395	35.217355	10.596001	-425.304726	44.789642	0.000000	-420.000000	0	41.947836	0.053539	0.027559	40.528783	7.600006	-445.372561	4.260859	7.600006	25.372561	10.596001	5.304726	8.440395	0	1	0	1	0
at	2	62.500000	37	3	35	8.000000	45.000000	0.253954	3.277090	7255.640593	-420.000000	0.000000	165.000000	7302.611853	4020.171785	6020.064853	0.000000	0	455.559620	26.801848	45.991303	4.612016	-465.427894	35.361313	10.565305	-425.319786	44.789642	0.000000	-420.000000	0	41.917761	0.030075	0.025039	40.676308	7.588660	-445.373840	4.113334	7.588660	25.373840	10.565305	5.319786	8.427894	0	1	0	1	0
at	2	62.500000	37	3	35	8.000000	45.000000	0.253954	3.277090	7302.716647	-420.000000	0.000000	166.000000	7349.302948	4020.171785	6020.064853	0.000000	0	455.599427	26.832472	45.948539	4.680066	-465.422614	35.453465	10.600099	-425.366902	44.789642	0.000000	-420.000000	0	41.828859	0.088902	0.030624	40.701002	7.640082	-445.394758	4.088641	7.640082	25.394758	10.600099	5.366902	8.422614	0	1	0	1	0
at	2	62.500000	37	3	35	8.000000	45.000000	0.253954	3.277090	7349.407743	-420.000000	0.000000	167.000000	7396.600994	4020.171785	6020.064853	0.000000	0	455.533446	26.813329	46.156317	4.669143	-465.430614	35.517082	10.580769	-425.370524	44.789642	0.000000	-420.000000	0	41.868262	0.039403	0.019143	40.836699	7.624956	-445.400569	3.952943	7.624956	25.400569	10.580769	5.370524	8.430614	0	1	0	1	0
at	2	62.500000	37	3	35	8.000000	45.000000	0.253954	3.277090	7396.704933	-420.000000	0.000000	168.000000	7431.886220	4020.171785	6020.064853	7431.881515	0	455.509792	26.776412	  46.012686    4.620876 -465.402613	  35.420737   10.484002 -425.326004	44.789642	0.000000	-420.000000	0	41.865262	0.003000	0.036917	0
