subjName	sessionNR	IOD	trialN	textureType	texnum	visualAngle	simulatedDepth	light_intensity	ambient_intensity	time	displayDistance	isRotated	frameN	timTote	startTime	touchTime	endTime	fingersOccluded	distanceToHome	distanceToObject	indexXraw	indexYraw	indexZraw	thumbXraw	thumbYraw	thumbZraw	targetX	targetY	targetZ	failCause	gripAperture	gripApertureVel	distFromObjVel	gripOriginX	gripOriginY	gripOriginZ	distFromObjX	distFromObjY	distFromObjZ	y_dist_thm	z_dist_thm	z_dist_ind	handOnObj	handnearObj	handfarObj	handTouchObj	framesOccluded
at	4	62.500000	6	3	39	8.000000	35.000000	0.216391	3.214710	916.523057	-420.000000	0.000000	30.000000	963.293739	0.000000	0.000000	0.000000	0	1.427360	435.900202	224.616027	-358.229112	-251.422498	231.290018	-354.065822	-244.505603	44.727478	0.000000	-420.000000	0	10.474664	0.124870	0.010589	227.953023	-356.147467	-247.964051	183.225545	356.147467	172.035949	354.065822	175.494397	195.577502	0	0	1	0	0
at	4	62.500000	6	3	39	8.000000	35.000000	0.216391	3.214710	963.486644	-420.000000	0.000000	31.000000	1010.558873	0.000000	0.000000	0.000000	0	1.504194	435.872312	224.491367	-358.250643	-251.404661	231.234904	-354.080956	-244.549258	44.727478	0.000000	-420.000000	0	10.481323	0.006659	0.027890	227.863135	-356.165800	-247.976959	183.135657	356.165800	172.023041	354.080956	175.450742	195.595339	0	0	1	0	0
at	4	62.500000	6	3	39	8.000000	35.000000	0.216391	3.214710	1010.662383	-420.000000	0.000000	32.000000	1057.279082	0.000000	0.000000	0.000000	0	1.476696	435.897962	224.554496	-358.270685	-251.478928	231.356176	-354.077562	-244.575850	44.727478	0.000000	-420.000000	0	10.559244	0.077921	0.025650	227.955336	-356.174123	-248.027389	183.227858	356.174123	171.972611	354.077562	175.424150	195.521072	0	0	1	0	0
at	4	62.500000	6	3	39	8.000000	35.000000	0.216391	3.214710	1057.377887	-420.000000	0.000000	33.000000	1104.715307	0.000000	0.000000	0.000000	0	1.533959	435.890585	224.564898	-358.292646	-251.562181	231.325571	-354.107404	-244.615785	44.727478	0.000000	-420.000000	0	10.558190	0.001054	0.007377	227.945235	-356.200025	-248.088983	183.217757	356.200025	171.911017	354.107404	175.384215	195.437819	0	0	1	0	0
at	4	62.500000	6	3	39	8.000000	35.000000	0.216391	3.214710	1104.814967	-420.000000	0.000000	34.000000	1151.701135	0.000000	0.000000	0.000000	0	1.578688	435.860250	224.509324	-358.276790	-251.557831	231.236780	-354.120575	-244.614566	44.727478	0.000000	-420.000000	0	10.523389	0.034801	0.030334	227.873052	-356.198683	-248.086198	183.145574	356.198683	171.913802	354.120575	175.385434	195.442169	0	0	1	0	0
at	4	62.500000	6	3	39	8.000000	35.000000	0.216391	3.214710	1151.803362	-420.000000	0.000000	35.000000	1198.465401	0.000000	0.000000	0.000000	0	1.598610	435.770631	224.647843	-358.157256	-251.572653	231.007054	-354.087799	-244.641431	44.727478	0.000000	-420.000000	0	10.248995	0.274394	0.089619	227.827449	-356.122528	-248.107042	183.099971	356.122528	171.892958	354.087799	175.358569	195.427347	0	0	1	0	0
at	4	62.500000	6	3	39	8.000000	35.000000	0.216391	3.214710	1198.564205	-420.000000	0.000000	36.000000	1245.842171	0.000000	0.000000	0.000000	0	1.659471	435.619525	224.458576	-358.038845	-251.663545	231.154916	-353.966681	-244.776361	44.727478	0.000000	-420.000000	0	10.433446	0.184451	0.151106	227.806746	-356.002763	-248.219953	183.079268	356.002763	171.780047	353.966681	175.223639	195.336455	0	0	1	0	0
at	4	62.500000	6	3	39	8.000000	35.000000	0.216391	3.214710	1245.939265	-420.000000	0.000000	37.000000	1292.763413	0.000000	0.000000	0.000000	0	2.312464	434.880125	224.510994	-357.515018	-252.116173	230.332505	-353.639058	-245.489338	44.727478	0.000000	-420.000000	0	9.634728	0.798718	0.739399	227.421750	-355.577038	-248.802755	182.694272	355.577038	171.197245	353.639058	174.510662	194.883827	0	0	1	0	0
at	4	62.500000	6	3	39	8.000000	35.000000	0.216391	3.214710	1292.860507	-420.000000	0.000000	38.000000	1340.318546	1328.796004	0.000000	0.000000	0	7.138905	429.604637	225.858147	-352.325652	-256.149605	229.446013	-348.473273	-247.285685	44.727478	0.000000	-420.000000	0	10.309350	0.674621	5.275488	227.652080	-350.399462	-251.717645	182.924602	350.399462	168.282355	348.473273	172.714315	190.850395	0	0	1	0	0
at	4	62.500000	6	3	39	8.000000	35.000000	0.216391	3.214710	1340.552512	-420.000000	0.000000	39.000000	1399.456530	1328.796004	0.000000	0.000000	0	37.994549	403.079529	229.610543	-325.705383	-273.667224	232.118438	-316.995761	-252.900622	44.727478	0.000000	-420.000000	0	22.658305	12.348956	26.525109	230.864490	-321.350572	-263.283923	186.137012	321.350572	156.716077	316.995761	167.099378	173.332776	0	0	1	0	0
at	4	62.500000	6	3	39	8.000000	35.000000	0.216391	3.214710	1399.560468	-420.000000	0.000000	40.000000	1446.699850	1328.796004	0.000000	0.000000	0	70.742764	374.395316	230.212413	-295.454319	-287.236209	231.140680	-284.683048	-259.813589	44.727478	0.000000	-420.000000	0	29.476805	6.818500	28.684213	230.676547	-290.068683	-273.524899	185.949069	290.068683	146.475101	284.683048	160.186411	159.763791	0	0	1	0	0
at	4	62.500000	6	3	39	8.000000	35.000000	0.216391	3.214710	1446.798227	-420.000000	0.000000	41.000000	1493.508171	1328.796004	0.000000	0.000000	0	107.770111	340.618699	226.428732	-259.245417	-301.132625	225.269036	-249.906372	-267.520749	44.727478	0.000000	-420.000000	0	34.904454	5.427649	33.776617	225.848884	-254.575895	-284.326687	181.121406	254.575895	135.673313	249.906372	152.479251	145.867375	0	0	1	0	0
at	4	62.500000	6	3	39	8.000000	35.000000	0.216391	3.214710	1493.613392	-420.000000	0.000000	42.000000	1540.690754	1328.796004	0.000000	0.000000	0	145.993241	304.879221	218.222790	-223.265962	-315.884134	216.784368	-214.318192	-277.297834	44.727478	0.000000	-420.000000	0	39.636273	4.731819	35.739478	217.503579	-218.792077	-296.590984	172.776101	218.792077	123.409016	214.318192	142.702166	131.115866	0	0	1	0	0
at	4	62.500000	6	3	39	8.000000	35.000000	0.216391	3.214710	1540.788703	-420.000000	0.000000	43.000000	1587.310447	1328.796004	0.000000	0.000000	0	183.741094	269.622721	210.366822	-188.212517	-333.408984	207.104539	-182.504445	-292.675569	44.727478	0.000000	-420.000000	0	41.260582	1.624309	35.256500	208.735680	-185.358481	-313.042277	164.008202	185.358481	106.957723	182.504445	127.324431	113.591016	0	0	1	0	0
at	4	62.500000	6	3	39	8.000000	35.000000	0.216391	3.214710	1587.408397	-420.000000	0.000000	44.000000	1634.378827	1328.796004	0.000000	0.000000	0	221.013027	234.982368	201.454885	-155.498573	-354.132679	197.040004	-153.079263	-312.255994	44.727478	0.000000	-420.000000	0	42.178205	0.917623	34.640352	199.247445	-154.288918	-333.194336	154.519967	154.288918	86.805664	153.079263	107.744006	92.867321	0	0	0	0	0
at	4	62.500000	6	3	39	8.000000	35.000000	0.216391	3.214710	1634.476776	-420.000000	0.000000	45.000000	1681.814624	1328.796004	0.000000	0.000000	0	256.591379	202.826995	192.369794	-127.372575	-377.850105	186.874556	-126.055159	-334.276321	44.727478	0.000000	-420.000000	0	43.938683	1.760478	32.155373	189.622175	-126.713867	-356.063213	144.894697	126.713867	63.936787	126.055159	85.723679	69.149895	0	0	0	0	0
at	4	62.500000	6	3	39	8.000000	35.000000	0.216391	3.214710	1681.913001	-420.000000	0.000000	46.000000	1728.441589	1328.796004	0.000000	0.000000	0	289.528769	172.903260	180.272204	-102.815533	-401.199574	174.403334	-103.029659	-355.927333	44.727478	0.000000	-420.000000	0	45.651564	1.712881	29.923735	177.337769	-102.922596	-378.563454	132.610291	102.922596	41.436546	103.029659	64.072667	45.800426	0	0	0	0	0
at	4	62.500000	6	3	39	8.000000	35.000000	0.216391	3.214710	1728.541249	-420.000000	0.000000	47.000000	1775.426562	1328.796004	0.000000	0.000000	0	320.313342	144.054589	164.816931	-81.541783	-423.140989	157.892138	-82.312384	-375.011314	44.727478	0.000000	-420.000000	0	48.631391	2.979827	28.848671	161.354534	-81.927083	-399.076151	116.627056	81.927083	20.923849	82.312384	44.988686	23.859011	0	0	0	0	0
at	4	62.500000	6	3	39	8.000000	35.000000	0.216391	3.214710	1775.528788	-420.000000	0.000000	48.000000	1822.430782	1328.796004	0.000000	0.000000	0	349.076613	119.192214	150.526539	-62.773655	-443.859565	141.537883	-62.763798	-392.030964	44.727478	0.000000	-420.000000	0	52.602281	3.970890	24.862375	146.032211	-62.768727	-417.945265	101.304733	62.768727	2.054735	62.763798	27.969036	3.140435	0	0	0	0	0
at	4	62.500000	6	3	39	8.000000	35.000000	0.216391	3.214710	1822.586902	-420.000000	0.000000	49.000000	1869.504294	1328.796004	0.000000	0.000000	0	374.786348	97.238991	135.573247	-44.348215	-458.289435	125.259774	-44.728364	-404.439567	44.727478	0.000000	-420.000000	0	54.829923	2.227642	21.953223	130.416511	-44.538289	-431.364501	85.689032	44.538289	11.364501	44.728364	15.560433	11.289435	0	0	0	0	0
at	4	62.500000	6	3	39	8.000000	35.000000	0.216391	3.214710	1869.606949	-420.000000	0.000000	50.000000	1916.616302	1328.796004	0.000000	0.000000	0	395.766567	78.556627	119.906414	-29.325327	-467.759163	109.495927	-29.776192	-412.319686	44.727478	0.000000	-420.000000	0	56.410258	1.580335	18.682364	114.701171	-29.550760	-440.039425	69.973693	29.550760	20.039425	29.776192	7.680314	20.759163	0	1	0	0	0
at	4	62.500000	6	3	39	8.000000	35.000000	0.216391	3.214710	1916.715962	-420.000000	0.000000	51.000000	1963.112382	1328.796004	0.000000	0.000000	0	412.026973	63.386893	105.247992	-18.589143	-474.304166	94.693111	-17.802353	-416.094871	44.727478	0.000000	-420.000000	0	59.163727	2.753469	15.169734	99.970552	-18.195748	-445.199519	55.243074	18.195748	25.199519	17.802353	3.905129	27.304166	0	1	0	0	0
at	4	62.500000	6	3	39	8.000000	35.000000	0.216391	3.214710	1963.211187	-420.000000	0.000000	52.000000	2010.603784	1328.796004	1998.659075	0.000000	0	425.368550	51.665270	93.576133	-9.487365	-477.990120	81.715291	-6.788137	-417.186047	44.727478	0.000000	-420.000000	0	62.008876	2.845149	11.721622	87.645712	-8.137751	-447.588083	42.918234	8.137751	27.588083	6.788137	2.813953	30.990120	0	1	0	1	0
at	4	62.500000	6	3	39	8.000000	35.000000	0.216391	3.214710	2010.701733	-420.000000	0.000000	53.000000	2057.562238	1328.796004	1998.659075	0.000000	0	435.863335	43.782820	83.056265	-2.716159	-480.474750	72.049547	2.170155	-417.468397	44.727478	0.000000	-420.000000	0	64.146897	2.138021	7.882450	77.552906	-0.273002	-448.971573	32.825428	0.273002	28.971573	2.170155	2.531603	33.474750	0	1	0	1	0
at	4	62.500000	6	3	39	8.000000	35.000000	0.216391	3.214710	2057.660187	-420.000000	0.000000	54.000000	2104.098524	1328.796004	1998.659075	0.000000	1	435.863335	43.782820	83.056265	-2.716159	-480.474750	72.049547	2.170155	-417.468397	44.727478	0.000000	-420.000000	0	64.146897	0.000000	0.000000	77.552906	-0.273002	-448.971573	32.825428	0.273002	28.971573	2.170155	2.531603	33.474750	0	1	0	1	1
at	4	62.500000	6	3	39	8.000000	35.000000	0.216391	3.214710	2104.194763	-420.000000	0.000000	55.000000	2151.589498	1328.796004	1998.659075	0.000000	0	450.335570	37.360649	68.050618	5.250835	-484.229361	55.460929	12.355329	-419.906774	44.727478	0.000000	-420.000000	0	65.927001	1.780104	6.422171	61.755773	8.803082	-452.068068	17.028295	8.803082	32.068068	12.355329	0.093226	37.229361	0	1	0	1	1
at	4	62.500000	6	3	39	8.000000	35.000000	0.216391	3.214710	2151.686592	-420.000000	0.000000	56.000000	2198.022275	1328.796004	1998.659075	0.000000	1	450.335570	37.360649	68.050618	5.250835	-484.229361	55.460929	12.355329	-419.906774	44.727478	0.000000	-420.000000	0	65.927001	0.000000	0.000000	61.755773	8.803082	-452.068068	17.028295	8.803082	32.068068	12.355329	0.093226	37.229361	0	1	0	1	2
at	4	62.500000	6	3	39	8.000000	35.000000	0.216391	3.214710	2198.123219	-420.000000	0.000000	57.000000	2245.057720	1328.796004	1998.659075	0.000000	0	458.884554	36.664549	54.189568	8.784667	-485.711707	42.270884	14.331315	-423.525068	44.727478	0.000000	-420.000000	0	63.560981	2.366019	0.696099	48.230226	11.557991	-454.618388	3.502748	11.557991	34.618388	14.331315	3.525068	38.711707	0	1	0	1	2
at	4	62.500000	6	3	39	8.000000	35.000000	0.216391	3.214710	2245.159519	-420.000000	0.000000	58.000000	2292.529446	1328.796004	1998.659075	0.000000	0	462.272057	36.761954	48.440747	10.538120	-484.674701	36.271492	15.572520	-423.892829	44.727478	0.000000	-420.000000	0	62.192218	1.368764	0.097405	42.356120	13.055320	-454.283765	2.371358	13.055320	34.283765	15.572520	3.892829	37.674701	0	1	0	0	2
at	4	62.500000	6	3	39	8.000000	35.000000	0.216391	3.214710	2292.631673	-420.000000	0.000000	59.000000	2339.886113	1328.796004	1998.659075	0.000000	0	464.342669	37.303819	44.041898	11.600197	-481.941032	32.399823	15.682909	-426.268845	44.727478	0.000000	-420.000000	0	57.022792	5.169425	0.541864	38.220860	13.641553	-454.104939	6.506618	13.641553	34.104939	15.682909	6.268845	34.941032	0	1	0	0	2
at	4	62.500000	6	3	39	8.000000	35.000000	0.216391	3.214710	2339.986629	-420.000000	0.000000	60.000000	2386.843284	1328.796004	1998.659075	0.000000	0	465.751375	37.770053	38.734412	11.089088	-478.780316	29.827691	16.145548	-428.510625	44.727478	0.000000	-420.000000	0	51.302430	5.720362	0.466234	34.281051	13.617318	-453.645471	10.446427	13.617318	33.645471	16.145548	8.510625	31.780316	0	1	0	0	2
at	4	62.500000	6	3	39	8.000000	35.000000	0.216391	3.214710	2386.942516	-420.000000	0.000000	61.000000	2433.954008	1328.796004	1998.659075	0.000000	0	465.621934	35.821227	35.245874	11.710390	-472.516595	28.262569	16.190506	-428.154317	44.727478	0.000000	-420.000000	0	45.131471	6.170960	1.948826	31.754222	13.950448	-450.335456	12.973256	13.950448	30.335456	16.190506	8.154317	25.516595	0	1	0	0	2
at	4	62.500000	6	3	39	8.000000	35.000000	0.216391	3.214710	2434.051530	-420.000000	0.000000	62.000000	2481.002284	1328.796004	1998.659075	0.000000	0	461.197178	29.897725	31.345008	7.506854	-458.641254	27.432181	14.451213	-427.750703	44.727478	0.000000	-420.000000	0	31.902358	13.229112	5.923502	29.388595	10.979034	-443.195979	15.338883	10.979034	23.195979	14.451213	7.750703	11.641254	0	1	0	1	2
at	4	62.500000	6	3	39	8.000000	35.000000	0.216391	3.214710	2481.104939	-420.000000	0.000000	63.000000	2527.758851	1328.796004	1998.659075	0.000000	0	459.921012	28.927340	30.819726	7.106429	-458.038546	26.537447	12.059929	-426.115129	44.727478	0.000000	-420.000000	0	32.588029	0.685671	0.970385	28.678587	9.583179	-442.076838	16.048891	9.583179	22.076838	12.059929	6.115129	11.038546	0	1	0	1	2
at	4	62.500000	6	3	39	8.000000	35.000000	0.216391	3.214710	2527.861078	-420.000000	0.000000	64.000000	2574.906360	1328.796004	1998.659075	0.000000	0	458.530302	27.863302	31.322421	6.703926	-457.840521	26.335124	9.936486	-424.791342	44.727478	0.000000	-420.000000	0	33.579321	0.991292	1.064038	28.828773	8.320206	-441.315931	15.898705	8.320206	21.315931	9.936486	4.791342	10.840521	0	1	0	1	2
at	4	62.500000	6	3	39	8.000000	35.000000	0.216391	3.214710	2575.004737	-420.000000	0.000000	65.000000	2621.978161	1328.796004	1998.659075	0.000000	0	457.386763	27.110665	31.262232	6.659277	-457.612787	26.744445	7.762695	-424.136048	44.727478	0.000000	-420.000000	0	33.798225	0.218904	0.752637	29.003339	7.210986	-440.874417	15.724139	7.210986	20.874417	7.762695	4.136048	10.612787	0	1	0	1	2
at	4	62.500000	6	3	39	8.000000	35.000000	0.216391	3.214710	2622.075683	-420.000000	0.000000	66.000000	2668.975110	1328.796004	1998.659075	0.000000	0	456.679640	26.590818	32.320488	6.608172	-457.750407	27.073313	6.779163	-424.027490	44.727478	0.000000	-420.000000	0	34.129126	0.330901	0.519847	29.696900	6.693667	-440.888948	15.030578	6.693667	20.888948	6.779163	4.027490	10.750407	0	1	0	1	2
at	4	62.500000	6	3	39	8.000000	35.000000	0.216391	3.214710	2669.073060	-420.000000	0.000000	67.000000	2716.122619	1328.796004	1998.659075	0.000000	0	456.784787	26.617749	32.318195	6.940123	-457.628581	26.995009	6.707351	-424.075610	44.727478	0.000000	-420.000000	0	33.973407	0.155719	0.026931	29.656602	6.823737	-440.852095	15.070876	6.823737	20.852095	6.707351	4.075610	10.628581	0	1	0	1	2
at	4	62.500000	6	3	39	8.000000	35.000000	0.216391	3.214710	2716.220996	-420.000000	0.000000	68.000000	2763.119996	1328.796004	1998.659075	0.000000	0	456.982615	26.751496	31.885297	7.130403	-457.392139	26.728219	6.765473	-424.060005	44.727478	0.000000	-420.000000	0	33.730695	0.242711	0.133747	29.306758	6.947938	-440.726072	15.420720	6.947938	20.726072	6.765473	4.060005	10.392139	0	1	0	1	2
at	4	62.500000	6	3	39	8.000000	35.000000	0.216391	3.214710	2763.220084	-420.000000	0.000000	69.000000	2810.268360	1328.796004	1998.659075	0.000000	0	457.054563	26.816840	32.037341	7.212828	-457.466629	27.250481	6.925793	-424.564492	44.727478	0.000000	-420.000000	0	33.249767	0.480928	0.065345	29.643911	7.069310	-441.015560	15.083567	7.069310	21.015560	6.925793	4.564492	10.466629	0	1	0	1	2
at	4	62.500000	6	3	39	8.000000	35.000000	0.216391	3.214710	2810.430041	-420.000000	0.000000	70.000000	2856.998835	1328.796004	1998.659075	0.000000	0	457.164384	26.920901	31.663408	7.247015	-457.307549	27.754410	7.082829	-425.016978	44.727478	0.000000	-420.000000	0	32.526731	0.723036	0.104061	29.708909	7.164922	-441.162263	15.018569	7.164922	21.162263	7.082829	5.016978	10.307549	0	1	0	1	2
at	4	62.500000	6	3	39	8.000000	35.000000	0.216391	3.214710	2857.101490	-420.000000	0.000000	71.000000	2904.110843	1328.796004	1998.659075	0.000000	0	457.121376	26.896983	32.126922	7.236123	-457.469181	27.783789	7.105280	-425.136599	44.727478	0.000000	-420.000000	0	32.623240	0.096509	0.023918	29.955355	7.170701	-441.302890	14.772123	7.170701	21.302890	7.105280	5.136599	10.469181	0	1	0	1	2
at	4	62.500000	6	3	39	8.000000	35.000000	0.216391	3.214710	2904.209220	-420.000000	0.000000	72.000000	2951.482481	1328.796004	1998.659075	0.000000	0	457.173913	26.937076	32.065895	7.261755	-457.396629	27.527951	7.107313	-425.080049	44.727478	0.000000	-420.000000	0	32.634003	0.010764	0.040093	29.796923	7.184534	-441.238339	14.930555	7.184534	21.238339	7.107313	5.080049	10.396629	0	1	0	1	2
at	4	62.500000	6	3	39	8.000000	35.000000	0.216391	3.214710	2951.580430	-420.000000	0.000000	73.000000	2998.371643	1328.796004	1998.659075	0.000000	0	457.251383	26.986664	31.927923	7.359963	-457.309528	27.440517	7.118198	-425.096893	44.727478	0.000000	-420.000000	0	32.524593	0.109411	0.049588	29.684220	7.239081	-441.203210	15.043258	7.239081	21.203210	7.118198	5.096893	10.309528	0	1	0	1	2
at	4	62.500000	6	3	39	8.000000	35.000000	0.216391	3.214710	2998.475153	-420.000000	0.000000	74.000000	3045.519579	1328.796004	1998.659075	0.000000	0	457.336664	27.096193	31.597536	7.320249	-457.211870	27.191881	7.120381	-425.071786	44.727478	0.000000	-420.000000	0	32.441251	0.083342	0.109529	29.394709	7.220315	-441.141828	15.332769	7.220315	21.141828	7.120381	5.071786	10.211870	0	1	0	1	2
at	4	62.500000	6	3	39	8.000000	35.000000	0.216391	3.214710	3045.621378	-420.000000	0.000000	75.000000	3092.565717	1328.796004	1998.659075	0.000000	0	457.220150	27.012576	31.684317	7.263122	-457.220533	27.459449	7.029555	-425.154793	44.727478	0.000000	-420.000000	0	32.343712	0.097539	0.083616	29.571883	7.146339	-441.187663	15.155595	7.146339	21.187663	7.029555	5.154793	10.220533	0	1	0	1	2
at	4	62.500000	6	3	39	8.000000	35.000000	0.216391	3.214710	3092.664094	-420.000000	0.000000	76.000000	3139.661043	1328.796004	1998.659075	0.000000	0	457.015614	26.875428	31.975127	7.108275	-457.290009	27.678158	6.889342	-425.196242	44.727478	0.000000	-420.000000	0	32.380885	0.037173	0.137149	29.826642	6.998809	-441.243126	14.900836	6.998809	21.243126	6.889342	5.196242	10.290009	0	1	0	1	2
at	4	62.500000	6	3	39	8.000000	35.000000	0.216391	3.214710	3139.759848	-420.000000	0.000000	77.000000	3186.506149	1328.796004	1998.659075	0.000000	0	456.900933	26.818719	32.107658	6.974306	-457.367882	27.835939	6.827644	-425.241513	44.727478	0.000000	-420.000000	0	32.409454	0.028569	0.056709	29.971799	6.900975	-441.304698	14.755679	6.900975	21.304698	6.827644	5.241513	10.367882	0	1	0	1	2
at	4	62.500000	6	3	39	8.000000	35.000000	0.216391	3.214710	3186.609231	-420.000000	0.000000	78.000000	3233.753319	1328.796004	1998.659075	0.000000	0	456.966335	26.832535	32.247973	7.085721	-457.407476	27.730026	6.900787	-425.200344	44.727478	0.000000	-420.000000	0	32.522998	0.113544	0.013816	29.988999	6.993254	-441.303910	14.738479	6.993254	21.303910	6.900787	5.200344	10.407476	0	1	0	1	2
at	4	62.500000	6	3	39	8.000000	35.000000	0.216391	3.214710	3233.852124	-420.000000	0.000000	79.000000	3280.807583	1328.796004	1998.659075	0.000000	0	457.131703	26.944867	31.831762	7.214869	-457.304444	27.681089	6.994554	-425.188687	44.727478	0.000000	-420.000000	0	32.383614	0.139384	0.112332	29.756425	7.104711	-441.246565	14.971053	7.104711	21.246565	6.994554	5.188687	10.304444	0	1	0	1	2
at	4	62.500000	6	3	39	8.000000	35.000000	0.216391	3.214710	3280.914515	-420.000000	0.000000	80.000000	3327.703161	1328.796004	1998.659075	0.000000	0	457.200715	27.023713	31.371444	7.211189	-457.192324	27.823049	7.013585	-425.270418	44.727478	0.000000	-420.000000	0	32.119126	0.264488	0.078846	29.597247	7.112387	-441.231371	15.130231	7.112387	21.231371	7.013585	5.270418	10.192324	0	1	0	1	2
at	4	62.500000	6	3	39	8.000000	35.000000	0.216391	3.214710	3327.806243	-420.000000	0.000000	81.000000	3374.836127	1328.796004	1998.659075	0.000000	0	457.089335	26.924469	31.500921	7.157355	-457.154850	27.887872	6.930044	-425.239479	44.727478	0.000000	-420.000000	0	32.120035	0.000909	0.099244	29.694396	7.043699	-441.197164	15.033082	7.043699	21.197164	6.930044	5.239479	10.154850	0	1	0	1	2
at	4	62.500000	6	3	39	8.000000	35.000000	0.216391	3.214710	3374.934932	-420.000000	0.000000	82.000000	3421.982353	1328.796004	1998.659075	0.000000	0	456.917287	26.803325	31.654444	6.999630	-457.131392	27.918032	6.799073	-425.180617	44.727478	0.000000	-420.000000	0	32.169131	0.049096	0.121144	29.786238	6.899351	-441.156004	14.941240	6.899351	21.156004	6.799073	5.180617	10.131392	0	1	0	1	2
at	4	62.500000	6	3	39	8.000000	35.000000	0.216391	3.214710	3422.081158	-420.000000	0.000000	83.000000	3468.981013	1328.796004	1998.659075	0.000000	0	456.753654	26.693225	31.664670	6.836827	-457.080179	27.899027	6.641959	-425.049953	44.727478	0.000000	-420.000000	0	32.251409	0.082278	0.110100	29.781848	6.739393	-441.065066	14.945630	6.739393	21.065066	6.641959	5.049953	10.080179	0	1	0	1	2
at	4	62.500000	6	3	39	8.000000	35.000000	0.216391	3.214710	3469.078535	-420.000000	0.000000	84.000000	3516.243153	1328.796004	1998.659075	0.000000	0	456.663188	26.635112	31.769150	6.733339	-457.104471	27.844176	6.575733	-424.967641	44.727478	0.000000	-420.000000	0	32.376011	0.124602	0.058113	29.806663	6.654536	-441.036056	14.920815	6.654536	21.036056	6.575733	4.967641	10.104471	0	1	0	1	2
at	4	62.500000	6	3	39	8.000000	35.000000	0.216391	3.214710	3516.357784	-420.000000	0.000000	85.000000	3563.124615	1328.796004	1998.659075	0.000000	0	456.717064	26.673828	31.669245	6.764247	-457.083980	27.972070	6.650954	-425.072295	44.727478	0.000000	-420.000000	0	32.224679	0.151333	0.038716	29.820657	6.707600	-441.078138	14.906821	6.707600	21.078138	6.650954	5.072295	10.083980	0	1	0	1	2
at	4	62.500000	6	3	39	8.000000	35.000000	0.216391	3.214710	3563.224276	-420.000000	0.000000	86.000000	3610.201549	1328.796004	1998.659075	0.000000	0	456.761560	26.707457	31.579579	6.789676	-457.070994	28.257756	6.746710	-425.269481	44.727478	0.000000	-420.000000	0	31.974561	0.250117	0.033629	29.918668	6.768193	-441.170237	14.808810	6.768193	21.170237	6.746710	5.269481	10.070994	0	1	0	1	2
at	4	62.500000	6	3	39	8.000000	35.000000	0.216391	3.214710	3610.300354	-420.000000	0.000000	87.000000	3657.269929	1328.796004	1998.659075	0.000000	0	456.717342	26.658186	31.883267	6.784040	-457.168826	28.257209	6.762613	-425.255046	44.727478	0.000000	-420.000000	0	32.119124	0.144562	0.049271	30.070238	6.773326	-441.211936	14.657240	6.773326	21.211936	6.762613	5.255046	10.168826	0	1	0	1	2
at	4	62.500000	6	3	39	8.000000	35.000000	0.216391	3.214710	3657.368306	-420.000000	0.000000	88.000000	3692.597198	1328.796004	1998.659075	3692.592065	0	456.676057	26.635932	  31.875729    6.746914 -457.133624	  28.281492    6.714011 -425.273187	44.727478	0.000000	-420.000000	0	32.062549	0.056575	0.022254	2
