subjName	sessionNR	IOD	trialN	textureType	texnum	visualAngle	simulatedDepth	light_intensity	ambient_intensity	time	displayDistance	isRotated	frameN	timTote	startTime	touchTime	endTime	fingersOccluded	distanceToHome	distanceToObject	indexXraw	indexYraw	indexZraw	thumbXraw	thumbYraw	thumbZraw	targetX	targetY	targetZ	failCause	gripAperture	gripApertureVel	distFromObjVel	gripOriginX	gripOriginY	gripOriginZ	distFromObjX	distFromObjY	distFromObjZ	y_dist_thm	z_dist_thm	z_dist_ind	handOnObj	handnearObj	handfarObj	handTouchObj	framesOccluded
at	6	62.500000	46	3	6	8.000000	45.000000	0.286877	3.250975	885.612499	-420.000000	0.000000	30.000000	932.552132	0.000000	0.000000	0.000000	0	5.988095	430.587145	220.050588	-354.322247	-253.117216	226.062628	-353.388988	-250.012026	44.672150	0.000000	-420.000000	0	6.830652	0.246204	0.005067	223.056608	-353.855617	-251.564621	178.384458	353.855617	168.435379	353.388988	169.987974	203.882784	0	0	1	0	0
at	6	62.500000	46	3	6	8.000000	45.000000	0.286877	3.250975	932.742899	-420.000000	0.000000	31.000000	979.801868	0.000000	0.000000	0.000000	0	6.059516	430.538283	219.783773	-354.332316	-253.088027	226.092155	-353.328079	-249.933019	44.672150	0.000000	-420.000000	0	7.124482	0.293831	0.048863	222.937964	-353.830197	-251.510523	178.265814	353.830197	168.489477	353.328079	170.066981	203.911973	0	0	1	0	0
at	6	62.500000	46	3	6	8.000000	45.000000	0.286877	3.250975	979.904950	-420.000000	0.000000	32.000000	1026.808655	0.000000	0.000000	0.000000	0	6.009773	430.559443	219.701530	-354.362541	-253.075450	226.223587	-353.272442	-249.836154	44.672150	0.000000	-420.000000	0	7.363327	0.238845	0.021160	222.962558	-353.817491	-251.455802	178.290409	353.817491	168.544198	353.272442	170.163846	203.924550	0	0	1	0	0
at	6	62.500000	46	3	6	8.000000	45.000000	0.286877	3.250975	1026.910882	-420.000000	0.000000	33.000000	1073.738023	0.000000	0.000000	0.000000	0	6.014710	430.555201	219.680654	-354.399680	-253.064157	226.183249	-353.216205	-249.764291	44.672150	0.000000	-420.000000	0	7.387386	0.024058	0.004242	222.931952	-353.807942	-251.414224	178.259802	353.807942	168.585776	353.216205	170.235709	203.935843	0	0	1	0	0
at	6	62.500000	46	3	6	8.000000	45.000000	0.286877	3.250975	1073.841105	-420.000000	0.000000	34.000000	1120.607509	0.000000	0.000000	0.000000	0	6.026353	430.552966	219.577752	-354.425053	-253.060811	226.216155	-353.184963	-249.692739	44.672150	0.000000	-420.000000	0	7.546531	0.159145	0.002235	222.896953	-353.805008	-251.376775	178.224804	353.805008	168.623225	353.184963	170.307261	203.939189	0	0	1	0	0
at	6	62.500000	46	3	6	8.000000	45.000000	0.286877	3.250975	1120.705459	-420.000000	0.000000	35.000000	1167.771700	0.000000	0.000000	0.000000	0	6.023159	430.533846	219.593070	-354.436510	-253.063447	226.202066	-353.124071	-249.685319	44.672150	0.000000	-420.000000	0	7.537445	0.009087	0.019120	222.897568	-353.780291	-251.374383	178.225418	353.780291	168.625617	353.124071	170.314681	203.936553	0	0	1	0	0
at	6	62.500000	46	3	6	8.000000	45.000000	0.286877	3.250975	1167.869649	-420.000000	0.000000	36.000000	1215.307157	0.000000	0.000000	0.000000	0	6.061067	430.479149	219.525933	-354.469341	-253.073917	226.184134	-353.007165	-249.687849	44.672150	0.000000	-420.000000	0	7.611509	0.074064	0.054696	222.855033	-353.738253	-251.380883	178.182884	353.738253	168.619117	353.007165	170.312151	203.926083	0	0	1	0	0
at	6	62.500000	46	3	6	8.000000	45.000000	0.286877	3.250975	1215.404251	-420.000000	0.000000	37.000000	1262.137293	0.000000	0.000000	0.000000	0	6.617812	429.972749	219.269918	-354.301985	-253.443832	225.716881	-352.779833	-250.312247	44.672150	0.000000	-420.000000	0	7.327149	0.284360	0.506400	222.493399	-353.540909	-251.878039	177.821250	353.540909	168.121961	352.779833	169.687753	203.556168	0	0	1	0	0
at	6	62.500000	46	3	6	8.000000	45.000000	0.286877	3.250975	1262.233959	-420.000000	0.000000	38.000000	1310.138117	1298.230621	0.000000	0.000000	0	11.811490	422.761883	220.764379	-347.313282	-260.949126	223.446068	-346.836602	-251.733909	44.672150	0.000000	-420.000000	0	9.609313	2.282165	7.210866	222.105223	-347.074942	-256.341517	177.433074	347.074942	163.658483	346.836602	168.266091	196.050874	0	0	1	0	0
at	6	62.500000	46	3	6	8.000000	45.000000	0.286877	3.250975	1310.396892	-420.000000	0.000000	39.000000	1368.838537	1298.230621	0.000000	0.000000	0	34.363369	400.755908	225.210319	-326.901438	-275.348023	220.439080	-320.545482	-254.361220	44.672150	0.000000	-420.000000	0	22.441230	12.831917	22.005975	222.824700	-323.723460	-264.854621	178.152550	323.723460	155.145379	320.545482	165.638780	181.651977	0	0	1	0	0
at	6	62.500000	46	3	6	8.000000	45.000000	0.286877	3.250975	1368.945896	-420.000000	0.000000	40.000000	1415.698613	1298.230621	0.000000	0.000000	0	59.551155	377.852230	227.260805	-305.345244	-290.702055	216.796172	-295.239068	-258.494518	44.672150	0.000000	-420.000000	0	35.340752	12.899522	22.903678	222.028488	-300.292156	-274.598287	177.356339	300.292156	145.401713	295.239068	161.505482	166.297945	0	0	1	0	0
at	6	62.500000	46	3	6	8.000000	45.000000	0.286877	3.250975	1415.796563	-420.000000	0.000000	41.000000	1462.868364	1298.230621	0.000000	0.000000	0	86.846767	352.085202	224.466214	-281.012844	-304.687099	210.803044	-270.110497	-266.138338	44.672150	0.000000	-420.000000	0	42.326710	6.985958	25.767028	217.634629	-275.561670	-285.412718	172.962479	275.561670	134.587282	270.110497	153.861662	152.312901	0	0	1	0	0
at	6	62.500000	46	3	6	8.000000	45.000000	0.286877	3.250975	1462.991122	-420.000000	0.000000	42.000000	1509.757526	1298.230621	0.000000	0.000000	0	116.950765	322.314096	215.898325	-255.437044	-319.737180	201.021142	-243.440296	-276.620840	44.672150	0.000000	-420.000000	0	47.162181	4.835471	29.771106	208.459733	-249.438670	-298.179010	163.787584	249.438670	121.820990	243.440296	143.379160	137.262820	0	0	1	0	0
at	6	62.500000	46	3	6	8.000000	45.000000	0.286877	3.250975	1509.859325	-420.000000	0.000000	43.000000	1556.648398	1298.230621	0.000000	0.000000	0	149.089376	290.756796	205.837037	-229.404028	-337.196682	190.921308	-216.253724	-290.568004	44.672150	0.000000	-420.000000	0	50.691647	3.529466	31.557300	198.379173	-222.828876	-313.882343	153.707023	222.828876	106.117657	216.253724	129.431996	119.803318	0	0	1	0	0
at	6	62.500000	46	3	6	8.000000	45.000000	0.286877	3.250975	1556.745920	-420.000000	0.000000	44.000000	1603.988812	1298.230621	0.000000	0.000000	0	182.818933	257.895976	195.091059	-203.895608	-359.297459	178.658658	-190.330318	-308.247288	44.672150	0.000000	-420.000000	0	55.318721	4.627074	32.860820	186.874859	-197.112963	-333.772373	142.202709	197.112963	86.227627	190.330318	111.752712	97.702541	0	0	1	0	0
at	6	62.500000	46	3	6	8.000000	45.000000	0.286877	3.250975	1604.091895	-420.000000	0.000000	45.000000	1650.695762	1298.230621	0.000000	0.000000	0	216.134521	225.572672	182.141822	-180.022273	-381.455406	164.927047	-166.166878	-327.154946	44.672150	0.000000	-420.000000	0	58.624742	3.306021	32.323303	173.534435	-173.094576	-354.305176	128.862285	173.094576	65.694824	166.166878	92.845054	75.544594	0	0	0	0	0
at	6	62.500000	46	3	6	8.000000	45.000000	0.286877	3.250975	1650.797561	-420.000000	0.000000	46.000000	1698.011368	1298.230621	0.000000	0.000000	0	248.335514	194.250377	165.813185	-158.684999	-402.488392	149.428451	-143.838002	-345.952539	44.672150	0.000000	-420.000000	0	60.705811	2.081069	31.322295	157.620818	-151.261501	-374.220465	112.948668	151.261501	45.779535	143.838002	74.047461	54.511608	0	0	0	0	0
at	6	62.500000	46	3	6	8.000000	45.000000	0.286877	3.250975	1698.109318	-420.000000	0.000000	47.000000	1744.880854	1298.230621	0.000000	0.000000	0	279.474679	163.666757	149.256857	-135.991734	-419.515520	132.427782	-122.157678	-361.228224	44.672150	0.000000	-420.000000	0	62.225459	1.519647	30.583621	140.842320	-129.074706	-390.371872	96.170170	129.074706	29.628128	122.157678	58.771776	37.484480	0	0	0	0	0
at	6	62.500000	46	3	6	8.000000	45.000000	0.286877	3.250975	1744.980087	-420.000000	0.000000	48.000000	1791.763173	1298.230621	0.000000	0.000000	0	308.740767	133.659859	130.420525	-113.783490	-432.644231	112.955119	-101.774611	-371.734402	44.672150	0.000000	-420.000000	0	64.492331	2.266873	30.006897	121.687822	-107.779051	-402.189317	77.015672	107.779051	17.810683	101.774611	48.265598	24.355769	0	0	0	0	0
at	6	62.500000	46	3	6	8.000000	45.000000	0.286877	3.250975	1791.915443	-420.000000	0.000000	49.000000	1839.136949	1298.230621	0.000000	0.000000	0	335.909094	106.942551	115.764922	-93.064530	-446.002672	96.032070	-81.758073	-380.241160	44.672150	0.000000	-420.000000	0	69.583029	5.090697	26.717309	105.898496	-87.411302	-413.121916	61.226346	87.411302	6.878084	81.758073	39.758840	10.997328	0	0	0	0	0
at	6	62.500000	46	3	6	8.000000	45.000000	0.286877	3.250975	1839.298630	-420.000000	0.000000	50.000000	1886.108662	1298.230621	0.000000	0.000000	0	359.683201	84.439734	103.289698	-75.396416	-457.975911	81.889999	-63.553228	-387.395113	44.672150	0.000000	-420.000000	0	74.698442	5.115413	22.502817	92.589849	-69.474822	-422.685512	47.917699	69.474822	2.685512	63.553228	32.604887	0.975911	0	0	0	0	0
at	6	62.500000	46	3	6	8.000000	45.000000	0.286877	3.250975	1886.210889	-420.000000	0.000000	51.000000	1933.398177	1298.230621	0.000000	0.000000	0	379.557308	66.251266	91.889060	-60.222671	-467.557819	69.433924	-49.122946	-392.924519	44.672150	0.000000	-420.000000	0	78.724624	4.026182	18.188468	80.661492	-54.672808	-430.241169	35.989342	54.672808	10.241169	49.122946	27.075481	10.557819	0	0	0	0	0
at	6	62.500000	46	3	6	8.000000	45.000000	0.286877	3.250975	1933.495699	-420.000000	0.000000	52.000000	1980.547397	1298.230621	0.000000	0.000000	0	396.032507	51.113848	80.765622	-47.417430	-473.687907	58.600028	-36.633719	-396.040370	44.672150	0.000000	-420.000000	0	81.466201	2.741577	15.137419	69.682825	-42.025574	-434.864139	25.010675	42.025574	14.864139	36.633719	23.959630	16.687907	0	0	0	0	0
at	6	62.500000	46	3	6	8.000000	45.000000	0.286877	3.250975	1980.644491	-420.000000	0.000000	53.000000	2027.004982	1298.230621	0.000000	0.000000	0	410.168880	37.501265	72.086224	-35.390838	-476.480053	50.938518	-23.008974	-396.390438	44.672150	0.000000	-420.000000	0	83.754895	2.288694	13.612583	61.512371	-29.199906	-436.435245	16.840221	29.199906	16.435245	23.008974	23.609562	19.480053	0	1	0	0	0
at	6	62.500000	46	3	6	8.000000	45.000000	0.286877	3.250975	2027.102931	-420.000000	0.000000	54.000000	2074.231620	1298.230621	0.000000	0.000000	0	421.412884	26.359418	65.077673	-24.817173	-476.131327	47.173588	-10.275940	-395.853361	44.672150	0.000000	-420.000000	0	83.525777	0.229118	11.141846	56.125630	-17.546556	-435.992344	11.453481	17.546556	15.992344	10.275940	24.146639	19.131327	0	1	0	0	0
at	6	62.500000	46	3	6	8.000000	45.000000	0.286877	3.250975	2074.329997	-420.000000	0.000000	55.000000	2121.150295	1298.230621	0.000000	0.000000	0	429.975136	19.557429	59.963246	-16.960143	-474.944847	44.061556	-0.729701	-396.702022	44.672150	0.000000	-420.000000	0	81.475338	2.050440	6.801990	52.012401	-8.844922	-435.823434	7.340252	8.844922	15.823434	0.729701	23.297978	17.944847	0	1	0	0	0
at	6	62.500000	46	3	6	8.000000	45.000000	0.286877	3.250975	2121.248245	-420.000000	0.000000	56.000000	2168.024487	1298.230621	0.000000	0.000000	0	437.199538	18.302955	56.162926	-10.892736	-475.328938	41.835105	6.182879	-399.926172	44.672150	0.000000	-420.000000	0	78.628495	2.846843	1.254474	48.999015	-2.354928	-437.627555	4.326866	2.354928	17.627555	6.182879	20.073828	18.328938	0	1	0	0	0
at	6	62.500000	46	3	6	8.000000	45.000000	0.286877	3.250975	2168.127141	-420.000000	0.000000	57.000000	2215.330255	1298.230621	2203.287169	0.000000	0	442.393599	21.418682	52.449578	-7.238900	-472.965603	39.575200	8.371892	-409.772801	44.672150	0.000000	-420.000000	0	66.353422	12.275073	3.115727	46.012389	0.566496	-441.369202	1.340239	0.566496	21.369202	8.371892	10.227199	15.965603	0	1	0	1	0
at	6	62.500000	46	3	6	8.000000	45.000000	0.286877	3.250975	2215.433765	-420.000000	0.000000	58.000000	2261.904181	1298.230621	2203.287169	0.000000	0	442.976911	24.949830	49.041492	-5.554797	-464.889202	38.959208	2.184425	-424.878373	44.672150	0.000000	-420.000000	0	41.981120	24.372302	3.531148	44.000350	-1.685186	-444.883787	0.671799	1.685186	24.883787	2.184425	4.878373	7.889202	1	1	0	1	0
at	6	62.500000	46	3	6	8.000000	45.000000	0.286877	3.250975	2262.002559	-420.000000	0.000000	59.000000	2308.713786	1298.230621	2203.287169	0.000000	0	443.835353	24.922846	48.148024	-4.667628	-464.260679	38.639503	2.835585	-425.485673	44.672150	0.000000	-420.000000	0	40.622793	1.358327	0.026984	43.393763	-0.916021	-444.873176	1.278386	0.916021	24.873176	2.835585	5.485673	7.260679	1	1	0	1	0
at	6	62.500000	46	3	6	8.000000	45.000000	0.286877	3.250975	2308.816440	-420.000000	0.000000	60.000000	2355.689349	1298.230621	2203.287169	0.000000	0	442.885095	25.050134	48.422820	-5.632327	-464.065717	38.832784	1.570626	-425.825933	44.672150	0.000000	-420.000000	0	40.076581	0.546212	0.127288	43.627802	-2.030851	-444.945825	1.044348	2.030851	24.945825	1.570626	5.825933	7.065717	1	1	0	1	0
at	6	62.500000	46	3	6	8.000000	45.000000	0.286877	3.250975	2355.789864	-420.000000	0.000000	61.000000	2426.301969	1298.230621	2203.287169	0.000000	0	442.031088	25.117628	49.205237	-6.377896	-463.828784	39.456074	0.879998	-426.100042	44.672150	0.000000	-420.000000	0	39.638127	0.438454	0.067494	44.330656	-2.748949	-444.964413	0.341494	2.748949	24.964413	0.879998	6.100042	6.828784	1	1	0	1	0
at	6	62.500000	46	3	6	8.000000	45.000000	0.286877	3.250975	2450.507905	-420.000000	0.000000	62.000000	2496.976611	1298.230621	2203.287169	0.000000	0	442.604315	25.005201	48.250746	-5.888276	-463.949729	39.256775	1.320516	-425.817752	44.672150	0.000000	-420.000000	0	39.835987	0.197859	0.112427	43.753760	-2.283880	-444.883741	0.918389	2.283880	24.883741	1.320516	5.817752	6.949729	1	1	0	1	0
at	6	62.500000	46	3	6	8.000000	45.000000	0.286877	3.250975	2497.074988	-420.000000	0.000000	63.000000	2544.080064	1298.230621	2203.287169	0.000000	0	442.594708	24.896278	48.652076	-5.921162	-463.851317	39.006792	1.519644	-425.717672	44.672150	0.000000	-420.000000	0	40.032137	0.196150	0.108923	43.829434	-2.200759	-444.784495	0.842716	2.200759	24.784495	1.519644	5.717672	6.851317	1	1	0	1	0
at	6	62.500000	46	3	6	8.000000	45.000000	0.286877	3.250975	2544.177158	-420.000000	0.000000	64.000000	2591.244682	1298.230621	2203.287169	0.000000	0	442.414477	24.894351	48.735838	-6.017147	-463.851474	39.134890	1.287831	-425.690195	44.672150	0.000000	-420.000000	0	40.022795	0.009342	0.001927	43.935364	-2.364658	-444.770835	0.736786	2.364658	24.770835	1.287831	5.690195	6.851474	1	1	0	1	0
at	6	62.500000	46	3	6	8.000000	45.000000	0.286877	3.250975	2591.343487	-420.000000	0.000000	65.000000	2638.200997	1298.230621	2203.287169	0.000000	0	442.574833	25.049714	48.470076	-6.017351	-463.984504	39.152525	1.386584	-425.870731	44.672150	0.000000	-420.000000	0	39.928620	0.094175	0.155363	43.811301	-2.315384	-444.927618	0.860849	2.315384	24.927618	1.386584	5.870731	6.984504	1	1	0	1	0
at	6	62.500000	46	3	6	8.000000	45.000000	0.286877	3.250975	2638.298518	-420.000000	0.000000	66.000000	2685.199229	1298.230621	2203.287169	0.000000	0	442.434371	25.031732	49.050993	-5.932398	-463.886077	39.390176	1.380898	-425.961878	44.672150	0.000000	-420.000000	0	39.812819	0.115801	0.017982	44.220585	-2.275750	-444.923978	0.451565	2.275750	24.923978	1.380898	5.961878	6.886077	1	1	0	1	0
at	6	62.500000	46	3	6	8.000000	45.000000	0.286877	3.250975	2685.301028	-420.000000	0.000000	67.000000	2732.232535	1298.230621	2203.287169	0.000000	0	442.535795	25.030545	48.870201	-5.899670	-463.914177	39.225281	1.424288	-425.930824	44.672150	0.000000	-420.000000	0	39.867280	0.054461	0.001187	44.047741	-2.237691	-444.922501	0.624409	2.237691	24.922501	1.424288	5.930824	6.914177	1	1	0	1	0
at	6	62.500000	46	3	6	8.000000	45.000000	0.286877	3.250975	2732.335189	-420.000000	0.000000	68.000000	2779.410412	1298.230621	2203.287169	0.000000	0	442.407538	25.034409	48.812033	-5.932250	-463.910263	39.492445	1.246938	-425.928007	44.672150	0.000000	-420.000000	0	39.762384	0.104895	0.003864	44.152239	-2.342656	-444.919135	0.519911	2.342656	24.919135	1.246938	5.928007	6.910263	1	1	0	1	0
at	6	62.500000	46	3	6	8.000000	45.000000	0.286877	3.250975	2779.509217	-420.000000	0.000000	69.000000	2826.376565	1298.230621	2203.287169	0.000000	0	442.227351	24.972858	48.878384	-5.883724	-463.815469	39.788222	1.009892	-425.887257	44.672150	0.000000	-420.000000	0	39.606846	0.155538	0.061551	44.333303	-2.436916	-444.851363	0.338846	2.436916	24.851363	1.009892	5.887257	6.815469	1	1	0	1	0
at	6	62.500000	46	3	6	8.000000	45.000000	0.286877	3.250975	2826.529691	-420.000000	0.000000	70.000000	2873.425269	1298.230621	2203.287169	0.000000	0	442.234370	25.024995	49.041684	-5.923327	-463.792387	39.787276	1.090222	-426.021035	44.672150	0.000000	-420.000000	0	39.515933	0.090913	0.052137	44.414480	-2.416553	-444.906711	0.257670	2.416553	24.906711	1.090222	6.021035	6.792387	1	1	0	1	0
at	6	62.500000	46	3	6	8.000000	45.000000	0.286877	3.250975	2873.532201	-420.000000	0.000000	71.000000	2920.623250	1298.230621	2203.287169	0.000000	0	442.385544	25.053734	48.834281	-5.835228	-463.800024	39.611344	1.145407	-426.079394	44.672150	0.000000	-420.000000	0	39.454250	0.061683	0.028740	44.222812	-2.344911	-444.939709	0.449337	2.344911	24.939709	1.145407	6.079394	6.800024	1	1	0	1	0
at	6	62.500000	46	3	6	8.000000	45.000000	0.286877	3.250975	2920.722055	-420.000000	0.000000	72.000000	2967.710449	1298.230621	2203.287169	0.000000	0	442.358479	25.054040	48.941534	-5.812129	-463.768927	39.636735	1.122010	-426.113290	44.672150	0.000000	-420.000000	0	39.403154	0.051095	0.000306	44.289134	-2.345060	-444.941109	0.383015	2.345060	24.941109	1.122010	6.113290	6.768927	1	1	0	1	0
at	6	62.500000	46	3	6	8.000000	45.000000	0.286877	3.250975	2967.812676	-420.000000	0.000000	73.000000	3014.907147	1298.230621	2203.287169	0.000000	0	442.335644	25.071103	48.884313	-5.796378	-463.779765	39.732668	1.052325	-426.132216	44.672150	0.000000	-420.000000	0	39.344572	0.058583	0.017064	44.308491	-2.372027	-444.955991	0.363659	2.372027	24.955991	1.052325	6.132216	6.779765	1	1	0	1	0
at	6	62.500000	46	3	6	8.000000	45.000000	0.286877	3.250975	3015.004669	-420.000000	0.000000	74.000000	3061.767223	1298.230621	2203.287169	0.000000	0	442.332804	25.096646	48.975491	-5.814037	-463.804443	39.717661	1.073214	-426.160216	44.672150	0.000000	-420.000000	0	39.372954	0.028382	0.025543	44.346576	-2.370411	-444.982330	0.325573	2.370411	24.982330	1.073214	6.160216	6.804443	1	1	0	1	0
at	6	62.500000	46	3	6	8.000000	45.000000	0.286877	3.250975	3061.865173	-420.000000	0.000000	75.000000	3108.925425	1298.230621	2203.287169	0.000000	0	442.427400	25.082170	48.818575	-5.737695	-463.804167	39.632273	1.120282	-426.139223	44.672150	0.000000	-420.000000	0	39.370903	0.002051	0.014476	44.225424	-2.308707	-444.971695	0.446726	2.308707	24.971695	1.120282	6.139223	6.804167	1	1	0	1	0
at	6	62.500000	46	3	6	8.000000	45.000000	0.286877	3.250975	3109.024658	-420.000000	0.000000	76.000000	3155.755133	1298.230621	2203.287169	0.000000	0	442.506076	25.086990	48.918157	-5.727365	-463.805677	39.473521	1.264555	-426.160351	44.672150	0.000000	-420.000000	0	39.436768	0.065865	0.004820	44.195839	-2.231405	-444.983014	0.476311	2.231405	24.983014	1.264555	6.160351	6.805677	1	1	0	1	0
at	6	62.500000	46	3	6	8.000000	45.000000	0.286877	3.250975	3155.853510	-420.000000	0.000000	77.000000	3202.614782	1298.230621	2203.287169	0.000000	0	442.369281	25.099493	49.225039	-5.775175	-463.792052	39.646632	1.206393	-426.196357	44.672150	0.000000	-420.000000	0	39.419849	0.016920	0.012503	44.435835	-2.284391	-444.994204	0.236314	2.284391	24.994204	1.206393	6.196357	6.792052	1	1	0	1	0
at	6	62.500000	46	3	6	8.000000	45.000000	0.286877	3.250975	3202.717436	-420.000000	0.000000	78.000000	3249.771273	1298.230621	2203.287169	0.000000	0	442.400276	25.101782	48.928139	-5.750601	-463.797904	39.781278	1.173856	-426.192577	44.672150	0.000000	-420.000000	0	39.316329	0.103519	0.002289	44.354709	-2.288372	-444.995241	0.317441	2.288372	24.995241	1.173856	6.192577	6.797904	1	1	0	1	0
at	6	62.500000	46	3	6	8.000000	45.000000	0.286877	3.250975	3249.874355	-420.000000	0.000000	79.000000	3285.418482	1298.230621	2203.287169	3285.414205	0	442.310819	25.097152	  49.171558   -5.846790 -463.803200	  39.733133    1.156733 -426.169576	44.672150	0.000000	-420.000000	0	39.426170	0.109840	0.004630	0
