subjName	sessionNR	IOD	trialN	textureType	texnum	visualAngle	simulatedDepth	light_intensity	ambient_intensity	time	displayDistance	isRotated	frameN	timTote	startTime	touchTime	endTime	fingersOccluded	distanceToHome	distanceToObject	indexXraw	indexYraw	indexZraw	thumbXraw	thumbYraw	thumbZraw	targetX	targetY	targetZ	failCause	gripAperture	gripApertureVel	distFromObjVel	gripOriginX	gripOriginY	gripOriginZ	distFromObjX	distFromObjY	distFromObjZ	y_dist_thm	z_dist_thm	z_dist_ind	handOnObj	handnearObj	handfarObj	handTouchObj	framesOccluded
at	6	62.500000	68	3	48	8.000000	55.000000	0.261519	3.279257	887.178836	-420.000000	0.000000	30.000000	934.170652	0.000000	0.000000	0.000000	0	3.924046	436.174110	228.829206	-354.000780	-246.786312	233.606573	-353.615270	-245.257237	44.672150	0.000000	-420.000000	0	5.030898	0.065264	0.002099	231.217889	-353.808025	-246.021775	186.545740	353.808025	173.978225	353.615270	174.742763	220.213688	0	0	1	0	0
at	6	62.500000	68	3	48	8.000000	55.000000	0.261519	3.279257	934.402480	-420.000000	0.000000	31.000000	981.271111	0.000000	0.000000	0.000000	0	3.920790	436.166529	228.546677	-353.966343	-246.784183	233.847816	-353.630632	-245.214327	44.672150	0.000000	-420.000000	0	5.538883	0.507986	0.007582	231.197247	-353.798487	-245.999255	186.525097	353.798487	174.000745	353.630632	174.785673	220.215817	0	0	1	0	0
at	6	62.500000	68	3	48	8.000000	55.000000	0.261519	3.279257	981.372055	-420.000000	0.000000	32.000000	1028.370287	0.000000	0.000000	0.000000	0	3.868674	436.105015	228.887845	-353.944609	-246.835199	233.439509	-353.571590	-245.235489	44.672150	0.000000	-420.000000	0	4.838994	0.699889	0.061514	231.163677	-353.758099	-246.035344	186.491527	353.758099	173.964656	353.571590	174.764511	220.164801	0	0	1	0	0
at	6	62.500000	68	3	48	8.000000	55.000000	0.261519	3.279257	1028.472086	-420.000000	0.000000	33.000000	1075.732943	0.000000	0.000000	0.000000	0	3.745584	435.993618	229.022416	-353.879432	-246.960196	233.127725	-353.534722	-245.271551	44.672150	0.000000	-420.000000	0	4.452405	0.386589	0.111397	231.075071	-353.707077	-246.115874	186.402921	353.707077	173.884126	353.534722	174.728449	220.039804	0	0	1	0	0
at	6	62.500000	68	3	48	8.000000	55.000000	0.261519	3.279257	1075.833886	-420.000000	0.000000	34.000000	1122.927929	0.000000	0.000000	0.000000	0	3.633483	435.816478	229.079834	-353.712278	-247.175028	233.031841	-353.430501	-245.351831	44.672150	0.000000	-420.000000	0	4.361400	0.091005	0.177140	231.055838	-353.571389	-246.263430	186.383688	353.571389	173.736570	353.430501	174.648169	219.824972	0	0	1	0	0
at	6	62.500000	68	3	48	8.000000	55.000000	0.261519	3.279257	1123.025023	-420.000000	0.000000	35.000000	1169.927017	0.000000	0.000000	0.000000	0	3.067075	435.157597	228.729021	-353.290953	-247.649786	232.647454	-353.081744	-245.827182	44.672150	0.000000	-420.000000	0	4.326635	0.034764	0.658881	230.688238	-353.186348	-246.738484	186.016088	353.186348	173.261516	353.081744	174.172818	219.350214	0	0	1	0	0
at	6	62.500000	68	3	48	8.000000	55.000000	0.261519	3.279257	1170.024966	-420.000000	0.000000	36.000000	1217.792680	0.000000	0.000000	0.000000	0	2.453411	433.010599	227.910749	-351.925785	-249.117907	231.406353	-351.290074	-246.498153	44.672150	0.000000	-420.000000	0	4.414350	0.087715	2.146998	229.658551	-351.607929	-247.808030	184.986401	351.607929	172.191970	351.290074	173.501847	217.882093	0	0	1	0	0
at	6	62.500000	68	3	48	8.000000	55.000000	0.261519	3.279257	1217.889774	-420.000000	0.000000	37.000000	1264.566783	1252.895392	0.000000	0.000000	0	14.334371	421.496147	230.154006	-343.971688	-262.912570	229.521392	-337.189504	-246.163998	44.672150	0.000000	-420.000000	0	18.080733	13.666383	11.514452	229.837699	-340.580596	-254.538284	185.165549	340.580596	165.461716	337.189504	173.836002	204.087430	0	0	1	0	0
at	6	62.500000	68	3	48	8.000000	55.000000	0.261519	3.279257	1264.693818	-420.000000	0.000000	38.000000	1323.463101	1252.895392	0.000000	0.000000	0	40.447158	398.915616	235.265515	-326.677955	-283.953565	227.327696	-308.541923	-249.916345	44.672150	0.000000	-420.000000	0	39.375843	21.295110	22.580531	231.296606	-317.609939	-266.934955	186.624456	317.609939	153.065045	308.541923	170.083655	183.046435	0	0	1	0	0
at	6	62.500000	68	3	48	8.000000	55.000000	0.261519	3.279257	1323.703912	-420.000000	0.000000	39.000000	1370.528487	1252.895392	0.000000	0.000000	0	64.831598	376.179223	234.365631	-307.935405	-301.176801	222.990347	-284.514271	-256.663638	44.672150	0.000000	-420.000000	0	51.569064	12.193221	22.736393	228.677989	-296.224838	-278.920219	184.005839	296.224838	141.079781	284.514271	163.336362	165.823199	0	0	1	0	0
at	6	62.500000	68	3	48	8.000000	55.000000	0.261519	3.279257	1370.630714	-420.000000	0.000000	40.000000	1417.363327	1252.895392	0.000000	0.000000	0	92.227989	349.578327	229.815838	-286.308539	-318.396991	215.273718	-258.722481	-266.247327	44.672150	0.000000	-420.000000	0	60.762252	9.193188	26.600897	222.544778	-272.515510	-292.322159	177.872629	272.515510	127.677841	258.722481	153.752673	148.603009	0	0	1	0	0
at	6	62.500000	68	3	48	8.000000	55.000000	0.261519	3.279257	1417.464699	-420.000000	0.000000	41.000000	1464.770039	1252.895392	0.000000	0.000000	0	121.643274	320.588218	221.439663	-263.072828	-336.897908	205.697511	-233.939133	-279.534862	44.672150	0.000000	-420.000000	0	66.235237	5.472985	28.990109	213.568587	-248.505981	-308.216385	168.896437	248.505981	111.783615	233.939133	140.465138	130.102092	0	0	1	0	0
at	6	62.500000	68	3	48	8.000000	55.000000	0.261519	3.279257	1464.872266	-420.000000	0.000000	42.000000	1511.470573	1252.895392	0.000000	0.000000	0	152.451162	290.381802	212.095416	-238.144671	-356.088784	193.824808	-210.685008	-295.183985	44.672150	0.000000	-420.000000	0	69.262130	3.026893	30.206416	202.960112	-224.414840	-325.636385	158.287962	224.414840	94.363615	210.685008	124.816015	110.911216	0	0	1	0	0
at	6	62.500000	68	3	48	8.000000	55.000000	0.261519	3.279257	1511.567667	-420.000000	0.000000	43.000000	1558.500457	1252.895392	0.000000	0.000000	0	185.274994	258.457518	199.335940	-211.835076	-375.858917	182.082064	-186.818591	-312.584626	44.672150	0.000000	-420.000000	0	70.193708	0.931578	31.924284	190.709002	-199.326834	-344.221771	146.036852	199.326834	75.778229	186.818591	107.415374	91.141083	0	0	1	0	0
at	6	62.500000	68	3	48	8.000000	55.000000	0.261519	3.279257	1558.598407	-420.000000	0.000000	44.000000	1605.467893	1252.895392	0.000000	0.000000	0	218.809388	226.489972	186.799827	-185.686181	-395.605731	169.701360	-161.862460	-330.254141	44.672150	0.000000	-420.000000	0	71.629307	1.435599	31.967546	178.250593	-173.774321	-362.929936	133.578444	173.774321	57.070064	161.862460	89.745859	71.394269	0	0	0	0	0
at	6	62.500000	68	3	48	8.000000	55.000000	0.261519	3.279257	1605.565842	-420.000000	0.000000	45.000000	1652.513175	1252.895392	0.000000	0.000000	0	252.546989	194.550431	174.065405	-158.722705	-413.118487	157.145354	-135.260753	-346.421443	44.672150	0.000000	-420.000000	0	72.699704	1.070397	31.939541	165.605379	-146.991729	-379.769965	120.933230	146.991729	40.230035	135.260753	73.578557	53.881513	0	0	0	0	0
at	6	62.500000	68	3	48	8.000000	55.000000	0.261519	3.279257	1652.611125	-420.000000	0.000000	46.000000	1699.610212	1252.895392	0.000000	0.000000	0	285.258231	162.670270	158.344179	-132.080409	-428.339333	142.780969	-109.368821	-359.722160	44.672150	0.000000	-420.000000	0	73.934743	1.235039	31.880161	150.562574	-120.724615	-394.030746	105.890424	120.724615	25.969254	109.368821	60.277840	38.660667	0	0	0	0	0
at	6	62.500000	68	3	48	8.000000	55.000000	0.261519	3.279257	1699.707734	-420.000000	0.000000	47.000000	1746.646940	1252.895392	0.000000	0.000000	0	315.476309	132.376016	141.545884	-107.370748	-440.496695	127.444700	-84.786595	-369.563258	44.672150	0.000000	-420.000000	0	75.765689	1.830946	30.294254	134.495292	-96.078671	-405.029977	89.823142	96.078671	14.970023	84.786595	50.436742	26.503305	0	0	0	0	0
at	6	62.500000	68	3	48	8.000000	55.000000	0.261519	3.279257	1746.744462	-420.000000	0.000000	48.000000	1793.554066	1252.895392	0.000000	0.000000	0	342.121315	105.420166	126.629281	-84.792937	-449.571759	112.030375	-63.468056	-377.114784	44.672150	0.000000	-420.000000	0	76.927835	1.162146	26.955849	119.329828	-74.130496	-413.343272	74.657679	74.130496	6.656728	63.468056	42.885216	17.428241	0	0	0	0	0
at	6	62.500000	68	3	48	8.000000	55.000000	0.261519	3.279257	1793.710614	-420.000000	0.000000	49.000000	1840.677195	1252.895392	0.000000	0.000000	0	365.328143	82.083915	111.810281	-65.695823	-457.389067	98.272579	-45.534545	-383.650989	44.672150	0.000000	-420.000000	0	77.634081	0.706246	23.336251	105.041430	-55.615184	-420.520028	60.369280	55.615184	0.520028	45.534545	36.349011	9.610933	0	0	0	0	0
at	6	62.500000	68	3	48	8.000000	55.000000	0.261519	3.279257	1840.783271	-420.000000	0.000000	50.000000	1887.736592	1252.895392	0.000000	0.000000	0	384.603962	62.985333	98.661981	-50.592933	-463.815255	85.558176	-31.219564	-389.371690	44.672150	0.000000	-420.000000	0	78.031285	0.397204	19.098582	92.110078	-40.906249	-426.593473	47.437929	40.906249	6.593473	31.219564	30.628310	3.184745	0	0	0	0	0
at	6	62.500000	68	3	48	8.000000	55.000000	0.261519	3.279257	1887.833686	-420.000000	0.000000	51.000000	1934.817803	1252.895392	0.000000	0.000000	0	400.223888	48.599633	88.770557	-38.343410	-469.343974	74.610249	-20.077076	-394.179201	44.672150	0.000000	-420.000000	0	78.637882	0.606596	14.385700	81.690403	-29.210243	-431.761587	37.018253	29.210243	11.761587	20.077076	25.820799	2.343974	0	1	0	0	0
at	6	62.500000	68	3	48	8.000000	55.000000	0.261519	3.279257	1934.914897	-420.000000	0.000000	52.000000	1981.916979	1252.895392	0.000000	0.000000	0	413.444163	37.969316	79.732867	-28.336790	-474.045936	66.294564	-10.391801	-398.416269	44.672150	0.000000	-420.000000	0	78.882553	0.244672	10.630317	73.013716	-19.364295	-436.231102	28.341566	19.364295	16.231102	10.391801	21.583731	7.045936	0	1	0	0	0
at	6	62.500000	68	3	48	8.000000	55.000000	0.261519	3.279257	1982.014501	-420.000000	0.000000	53.000000	2028.667557	1252.895392	0.000000	0.000000	0	423.891530	31.289715	73.256570	-20.228199	-477.147912	59.374329	-2.576523	-401.870031	44.672150	0.000000	-420.000000	0	78.556079	0.326474	6.679602	66.315450	-11.402361	-439.508971	21.643300	11.402361	19.508971	2.576523	18.129969	10.147912	0	1	0	0	0
at	6	62.500000	68	3	48	8.000000	55.000000	0.261519	3.279257	2028.764651	-420.000000	0.000000	54.000000	2075.830037	1252.895392	2064.073956	0.000000	0	432.438579	27.897427	67.478526	-13.414264	-479.145013	54.500264	3.827439	-405.083355	44.672150	0.000000	-420.000000	0	77.141692	1.414386	3.392287	60.989395	-4.793413	-442.114184	16.317245	4.793413	22.114184	3.827439	14.916645	12.145013	0	1	0	1	0
at	6	62.500000	68	3	48	8.000000	55.000000	0.261519	3.279257	2075.928414	-420.000000	0.000000	55.000000	2122.645629	1252.895392	2064.073956	0.000000	0	439.247230	26.202553	62.212101	-7.553705	-479.281262	50.996466	9.303689	-407.342008	44.672150	0.000000	-420.000000	0	74.734319	2.407373	1.694875	56.604283	0.874992	-443.311635	11.932134	0.874992	23.311635	9.303689	12.657992	12.281262	0	1	0	1	0
at	6	62.500000	68	3	48	8.000000	55.000000	0.261519	3.279257	2122.747428	-420.000000	0.000000	56.000000	2169.678935	1252.895392	2064.073956	0.000000	0	443.309493	24.788230	56.471880	-3.899073	-476.781570	46.709137	10.540578	-410.359294	44.672150	0.000000	-420.000000	0	68.671198	6.063121	1.414322	51.590509	3.320753	-443.570432	6.918359	3.320753	23.570432	10.540578	9.640706	9.781570	0	1	0	1	0
at	6	62.500000	68	3	48	8.000000	55.000000	0.261519	3.279257	2169.777312	-420.000000	0.000000	57.000000	2216.822595	1252.895392	2064.073956	0.000000	0	444.942900	26.464105	53.392491	-2.952508	-475.405880	41.564772	6.583427	-417.098468	44.672150	0.000000	-420.000000	0	60.254321	8.416877	1.675875	47.478631	1.815460	-446.252174	2.806482	1.815460	26.252174	6.583427	2.901532	8.405880	0	1	0	1	0
at	6	62.500000	68	3	48	8.000000	55.000000	0.261519	3.279257	2216.920116	-420.000000	0.000000	58.000000	2263.412347	1252.895392	2064.073956	0.000000	0	444.930368	30.320947	53.129152	-3.106316	-474.818018	40.649878	1.611630	-425.643031	44.672150	0.000000	-420.000000	0	50.952631	9.301690	3.856842	46.889515	-0.747343	-450.230524	2.217365	0.747343	30.230524	1.611630	5.643031	7.818018	1	1	0	1	0
at	6	62.500000	68	3	48	8.000000	55.000000	0.261519	3.279257	2263.509441	-420.000000	0.000000	59.000000	2310.612467	1252.895392	2064.073956	0.000000	0	445.630661	31.194199	52.684396	-3.584494	-475.078775	40.668872	2.611988	-427.173089	44.672150	0.000000	-420.000000	0	49.776741	1.175890	0.873252	46.676634	-0.486253	-451.125932	2.004484	0.486253	31.125932	2.611988	7.173089	8.078775	0	1	0	1	0
at	6	62.500000	68	3	48	8.000000	55.000000	0.261519	3.279257	2310.715121	-420.000000	0.000000	60.000000	2357.397691	1252.895392	2064.073956	0.000000	0	445.445319	31.042249	52.415280	-3.406093	-474.730285	40.806199	2.071705	-427.218660	44.672150	0.000000	-420.000000	0	49.215155	0.561586	0.151950	46.610739	-0.667194	-450.974473	1.938590	0.667194	30.974473	2.071705	7.218660	7.730285	1	1	0	1	0
at	6	62.500000	68	3	48	8.000000	55.000000	0.261519	3.279257	2386.047711	-420.000000	0.000000	61.000000	2428.121948	1252.895392	2064.073956	0.000000	0	444.322353	30.818945	52.840223	-4.226699	-474.480440	41.633315	1.048968	-426.861408	44.672150	0.000000	-420.000000	0	49.203655	0.011500	0.223304	47.236769	-1.588865	-450.670924	2.564620	1.588865	30.670924	1.048968	6.861408	7.480440	1	1	0	1	0
at	6	62.500000	68	3	48	8.000000	55.000000	0.261519	3.279257	2428.220326	-420.000000	0.000000	62.000000	2475.270313	1252.895392	2064.073956	0.000000	0	444.175209	30.595268	53.163443	-4.255288	-474.277690	41.491882	1.066951	-426.598490	44.672150	0.000000	-420.000000	0	49.374667	0.171012	0.223677	47.327663	-1.594168	-450.438090	2.655513	1.594168	30.438090	1.066951	6.598490	7.277690	1	1	0	1	0
at	6	62.500000	68	3	48	8.000000	55.000000	0.261519	3.279257	2475.368262	-420.000000	0.000000	63.000000	2522.377615	1252.895392	2064.073956	0.000000	0	444.366696	30.647182	53.029133	-4.001807	-474.262303	41.579029	1.199545	-426.741288	44.672150	0.000000	-420.000000	0	49.156950	0.217716	0.051914	47.304081	-1.401131	-450.501796	2.631931	1.401131	30.501796	1.199545	6.741288	7.262303	1	1	0	1	0
at	6	62.500000	68	3	48	8.000000	55.000000	0.261519	3.279257	2522.475993	-420.000000	0.000000	64.000000	2569.543517	1252.895392	2064.073956	0.000000	0	444.278508	30.689881	53.382476	-4.286426	-474.387428	41.274987	1.246543	-426.686336	44.672150	0.000000	-420.000000	0	49.523724	0.366774	0.042699	47.328731	-1.519942	-450.536882	2.656582	1.519942	30.536882	1.246543	6.686336	7.387428	1	1	0	1	0
at	6	62.500000	68	3	48	8.000000	55.000000	0.261519	3.279257	2569.641894	-420.000000	0.000000	65.000000	2616.596926	1252.895392	2064.073956	0.000000	0	444.283761	30.674434	53.245518	-4.403087	-474.416864	41.066300	1.204551	-426.646846	44.672150	0.000000	-420.000000	0	49.616062	0.092338	0.015447	47.155909	-1.599268	-450.531855	2.483759	1.599268	30.531855	1.204551	6.646846	7.416864	1	1	0	1	0
at	6	62.500000	68	3	48	8.000000	55.000000	0.261519	3.279257	2616.694448	-420.000000	0.000000	66.000000	2663.484804	1252.895392	2064.073956	0.000000	0	444.270403	30.611697	53.160275	-4.494136	-474.375936	40.812593	1.149016	-426.580528	44.672150	0.000000	-420.000000	0	49.686129	0.070067	0.062737	46.986434	-1.672560	-450.478232	2.314284	1.672560	30.478232	1.149016	6.580528	7.375936	1	1	0	1	0
at	6	62.500000	68	3	48	8.000000	55.000000	0.261519	3.279257	2663.583182	-420.000000	0.000000	67.000000	2710.492019	1252.895392	2064.073956	0.000000	0	444.129692	30.593278	53.481131	-4.617871	-474.309375	40.807286	1.120206	-426.576721	44.672150	0.000000	-420.000000	0	49.718791	0.032662	0.018419	47.144209	-1.748833	-450.443048	2.472059	1.748833	30.443048	1.120206	6.576721	7.309375	1	1	0	1	0
at	6	62.500000	68	3	48	8.000000	55.000000	0.261519	3.279257	2710.589968	-420.000000	0.000000	68.000000	2757.479986	1252.895392	2064.073956	0.000000	0	444.225030	30.591376	52.979797	-4.465063	-474.317015	40.947804	1.007116	-426.595751	44.672150	0.000000	-420.000000	0	49.518004	0.200787	0.001903	46.963800	-1.728974	-450.456383	2.291651	1.728974	30.456383	1.007116	6.595751	7.317015	1	1	0	1	0
at	6	62.500000	68	3	48	8.000000	55.000000	0.261519	3.279257	2757.579218	-420.000000	0.000000	69.000000	2804.633483	1252.895392	2064.073956	0.000000	0	444.145396	30.589602	53.173304	-4.527850	-474.303387	40.915313	0.964300	-426.587396	44.672150	0.000000	-420.000000	0	49.570534	0.052531	0.001774	47.044309	-1.781775	-450.445392	2.372159	1.781775	30.445392	0.964300	6.587396	7.303387	1	1	0	1	0
at	6	62.500000	68	3	48	8.000000	55.000000	0.261519	3.279257	2804.793453	-420.000000	0.000000	70.000000	2851.623588	1252.895392	2064.073956	0.000000	0	444.248641	30.577829	52.900055	-4.521255	-474.354869	40.725768	0.973415	-426.547478	44.672150	0.000000	-420.000000	0	49.638203	0.067669	0.011773	46.812912	-1.773920	-450.451174	2.140762	1.773920	30.451174	0.973415	6.547478	7.354869	1	1	0	1	0
at	6	62.500000	68	3	48	8.000000	55.000000	0.261519	3.279257	2851.725387	-420.000000	0.000000	71.000000	2898.708221	1252.895392	2064.073956	0.000000	0	444.391682	30.709991	52.878548	-4.307272	-474.428727	40.916208	1.052935	-426.743301	44.672150	0.000000	-420.000000	0	49.454315	0.183888	0.132162	46.897378	-1.627169	-450.586014	2.225228	1.627169	30.586014	1.052935	6.743301	7.428727	1	1	0	1	0
at	6	62.500000	68	3	48	8.000000	55.000000	0.261519	3.279257	2898.810448	-420.000000	0.000000	72.000000	2946.084992	1252.895392	2064.073956	0.000000	0	444.549289	30.865233	52.803437	-4.203745	-474.566424	41.031429	1.183863	-426.926384	44.672150	0.000000	-420.000000	0	49.367803	0.086512	0.155241	46.917433	-1.509941	-450.746404	2.245283	1.509941	30.746404	1.183863	6.926384	7.566424	1	1	0	1	0
at	6	62.500000	68	3	48	8.000000	55.000000	0.261519	3.279257	2946.182941	-420.000000	0.000000	73.000000	2993.099478	1252.895392	2064.073956	0.000000	0	444.565702	30.903806	52.963841	-4.219599	-474.609223	40.987473	1.259872	-426.955347	44.672150	0.000000	-420.000000	0	49.440367	0.072564	0.038573	46.975657	-1.479863	-450.782285	2.303507	1.479863	30.782285	1.259872	6.955347	7.609223	1	1	0	1	0
at	6	62.500000	68	3	48	8.000000	55.000000	0.261519	3.279257	2993.197000	-420.000000	0.000000	74.000000	3040.023285	1252.895392	2064.073956	0.000000	0	444.544511	30.886402	52.905306	-4.208723	-474.585599	40.965796	1.172967	-426.946274	44.672150	0.000000	-420.000000	0	49.406678	0.033690	0.017404	46.935551	-1.517878	-450.765937	2.263401	1.517878	30.765937	1.172967	6.946274	7.585599	1	1	0	1	0
at	6	62.500000	68	3	48	8.000000	55.000000	0.261519	3.279257	3040.121235	-420.000000	0.000000	75.000000	3086.932123	1252.895392	2064.073956	0.000000	0	444.530257	30.843173	52.774581	-4.193083	-474.547634	40.943708	1.088138	-426.905054	44.672150	0.000000	-420.000000	0	49.372829	0.033848	0.043228	46.859145	-1.552472	-450.726344	2.186995	1.552472	30.726344	1.088138	6.905054	7.547634	1	1	0	1	0
at	6	62.500000	68	3	48	8.000000	55.000000	0.261519	3.279257	3087.029644	-420.000000	0.000000	76.000000	3134.360221	1252.895392	2064.073956	0.000000	0	444.534598	30.753258	52.740660	-4.054722	-474.407671	40.978006	1.061513	-426.870034	44.672150	0.000000	-420.000000	0	49.237819	0.135010	0.089916	46.859333	-1.496604	-450.638852	2.187183	1.496604	30.638852	1.061513	6.870034	7.407671	1	1	0	1	0
at	6	62.500000	68	3	48	8.000000	55.000000	0.261519	3.279257	3134.457742	-420.000000	0.000000	77.000000	3181.198911	1252.895392	2064.073956	0.000000	0	444.430216	30.651079	52.955657	-4.047332	-474.288746	40.907229	0.990404	-426.770178	44.672150	0.000000	-420.000000	0	49.280398	0.042579	0.102178	46.931443	-1.528464	-450.529462	2.259293	1.528464	30.529462	0.990404	6.770178	7.288746	1	1	0	1	0
at	6	62.500000	68	3	48	8.000000	55.000000	0.261519	3.279257	3181.300710	-420.000000	0.000000	78.000000	3228.463189	1252.895392	2064.073956	0.000000	0	444.398002	30.614160	52.825040	-4.027183	-474.223392	41.083690	0.957399	-426.757339	44.672150	0.000000	-420.000000	0	49.150092	0.130306	0.036919	46.954365	-1.534892	-450.490365	2.282215	1.534892	30.490365	0.957399	6.757339	7.223392	1	1	0	1	0
at	6	62.500000	68	3	48	8.000000	55.000000	0.261519	3.279257	3228.559855	-420.000000	0.000000	79.000000	3275.476392	1252.895392	2064.073956	0.000000	0	444.441853	30.598375	52.947522	-3.937027	-474.149131	41.115797	1.076661	-426.798318	44.672150	0.000000	-420.000000	0	49.063492	0.086600	0.015784	47.031659	-1.430183	-450.473724	2.359509	1.430183	30.473724	1.076661	6.798318	7.149131	1	1	0	1	0
at	6	62.500000	68	3	48	8.000000	55.000000	0.261519	3.279257	3275.579474	-420.000000	0.000000	80.000000	3310.797245	1252.895392	2064.073956	3310.792540	0	444.476400	30.647962	  52.881239   -3.888102 -474.170475	  41.266331    1.102927 -426.873457	44.672150	0.000000	-420.000000	0	48.957373	0.106119	0.049586	0
