subjName	sessionNR	IOD	trialN	textureType	texnum	visualAngle	simulatedDepth	light_intensity	ambient_intensity	time	displayDistance	isRotated	frameN	timTote	startTime	touchTime	endTime	fingersOccluded	distanceToHome	distanceToObject	indexXraw	indexYraw	indexZraw	thumbXraw	thumbYraw	thumbZraw	targetX	targetY	targetZ	failCause	gripAperture	gripApertureVel	distFromObjVel	gripOriginX	gripOriginY	gripOriginZ	distFromObjX	distFromObjY	distFromObjZ	y_dist_thm	z_dist_thm	z_dist_ind	handOnObj	handnearObj	handfarObj	handTouchObj	framesOccluded
eoi	6	64.000000	102	2	42	8.000000	55.000000	0.513210	2.548178	878.406579	-420.000000	0.000000	30.000000	925.971978	0.000000	0.000000	0.000000	0	8.569399	432.841590	225.981954	-356.165437	-254.824525	229.990216	-353.043708	-250.583999	44.629669	0.000000	-420.000000	0	6.617660	0.103158	0.014747	227.986085	-354.604573	-252.704262	183.356416	354.604573	167.295738	353.043708	169.416001	212.175475	0	0	1	0	0
eoi	6	64.000000	102	2	42	8.000000	55.000000	0.513210	2.548178	926.195679	-420.000000	0.000000	31.000000	972.781582	0.000000	0.000000	0.000000	0	8.567221	432.820722	225.905373	-356.141161	-254.834394	230.046342	-353.021756	-250.561710	44.629669	0.000000	-420.000000	0	6.718195	0.100535	0.020868	227.975857	-354.581459	-252.698052	183.346188	354.581459	167.301948	353.021756	169.438290	212.165606	0	0	1	0	0
eoi	6	64.000000	102	2	42	8.000000	55.000000	0.513210	2.548178	972.883809	-420.000000	0.000000	32.000000	1019.773399	0.000000	0.000000	0.000000	0	8.647475	432.754452	225.858232	-356.161843	-254.847285	229.771887	-353.023483	-250.586898	44.629669	0.000000	-420.000000	0	6.581557	0.136637	0.066270	227.815059	-354.592663	-252.717091	183.185390	354.592663	167.282909	353.023483	169.413102	212.152715	0	0	1	0	0
eoi	6	64.000000	102	2	42	8.000000	55.000000	0.513210	2.548178	1019.894018	-420.000000	0.000000	33.000000	1066.777191	0.000000	0.000000	0.000000	0	8.675691	432.729934	225.811046	-356.151919	-254.852086	229.769033	-353.018310	-250.622154	44.629669	0.000000	-420.000000	0	6.586158	0.004601	0.024518	227.790040	-354.585114	-252.737120	183.160370	354.585114	167.262880	353.018310	169.377846	212.147914	0	0	1	0	0
eoi	6	64.000000	102	2	42	8.000000	55.000000	0.513210	2.548178	1066.878990	-420.000000	0.000000	34.000000	1113.764303	0.000000	0.000000	0.000000	0	8.682242	432.765790	226.009818	-356.206678	-254.881954	229.661286	-353.028750	-250.644665	44.629669	0.000000	-420.000000	0	6.433278	0.152881	0.035856	227.835552	-354.617714	-252.763310	183.205883	354.617714	167.236690	353.028750	169.355335	212.118046	0	0	1	0	0
eoi	6	64.000000	102	2	42	8.000000	55.000000	0.513210	2.548178	1113.862680	-420.000000	0.000000	35.000000	1160.996074	0.000000	0.000000	0.000000	0	8.695886	432.715505	225.797949	-356.150681	-254.865619	229.705288	-353.028925	-250.619021	44.629669	0.000000	-420.000000	0	6.560964	0.127686	0.050285	227.751618	-354.589803	-252.742320	183.121949	354.589803	167.257680	353.028925	169.380979	212.134381	0	0	1	0	0
eoi	6	64.000000	102	2	42	8.000000	55.000000	0.513210	2.548178	1161.093168	-420.000000	0.000000	36.000000	1208.145294	0.000000	0.000000	0.000000	0	8.771548	432.651666	225.810869	-356.153212	-254.872459	229.477465	-353.014692	-250.682456	44.629669	0.000000	-420.000000	0	6.391429	0.169535	0.063839	227.644167	-354.583952	-252.777458	183.014498	354.583952	167.222542	353.014692	169.317544	212.127541	0	0	1	0	0
eoi	6	64.000000	102	2	42	8.000000	55.000000	0.513210	2.548178	1208.242388	-420.000000	0.000000	37.000000	1254.991683	0.000000	0.000000	0.000000	0	8.786626	432.663967	225.906758	-356.181083	-254.912354	229.438970	-353.014709	-250.700870	44.629669	0.000000	-420.000000	0	6.343426	0.048003	0.012301	227.672864	-354.597896	-252.806612	183.043195	354.597896	167.193388	353.014709	169.299130	212.087646	0	0	1	0	0
eoi	6	64.000000	102	2	42	8.000000	55.000000	0.513210	2.548178	1255.093054	-420.000000	0.000000	38.000000	1302.533556	0.000000	0.000000	0.000000	0	8.975095	432.490477	225.705172	-356.098741	-254.942111	229.132742	-353.021989	-250.854142	44.629669	0.000000	-420.000000	0	6.158420	0.185005	0.173490	227.418957	-354.560365	-252.898126	182.789288	354.560365	167.101874	353.021989	169.145858	212.057889	0	0	1	0	0
eoi	6	64.000000	102	2	42	8.000000	55.000000	0.513210	2.548178	1302.735016	-420.000000	0.000000	39.000000	1350.001433	0.000000	0.000000	0.000000	0	9.041874	432.425227	225.502947	-356.018453	-255.001041	229.275044	-353.030564	-250.915265	44.629669	0.000000	-420.000000	0	6.312667	0.154247	0.065249	227.388996	-354.524509	-252.958153	182.759326	354.524509	167.041847	353.030564	169.084735	211.998959	0	0	1	0	0
eoi	6	64.000000	102	2	42	8.000000	55.000000	0.513210	2.548178	1350.151565	-420.000000	0.000000	40.000000	1396.673309	0.000000	0.000000	0.000000	0	9.111542	432.353995	225.319392	-355.934001	-255.038735	229.356387	-353.043931	-250.983683	44.629669	0.000000	-420.000000	0	6.410404	0.097738	0.071232	227.337890	-354.488966	-253.011209	182.708220	354.488966	166.988791	353.043931	169.016317	211.961265	0	0	1	0	0
eoi	6	64.000000	102	2	42	8.000000	55.000000	0.513210	2.548178	1396.770403	-420.000000	0.000000	41.000000	1443.166823	0.000000	0.000000	0.000000	0	9.070403	432.346851	225.172275	-355.843594	-255.017758	229.549714	-353.060516	-250.935521	44.629669	0.000000	-420.000000	0	6.600921	0.190516	0.007144	227.360994	-354.452055	-252.976639	182.731325	354.452055	167.023361	353.060516	169.064479	211.982242	0	0	1	0	0
eoi	6	64.000000	102	2	42	8.000000	55.000000	0.513210	2.548178	1443.263917	-420.000000	0.000000	42.000000	1490.460615	0.000000	0.000000	0.000000	0	9.087687	432.329132	225.216272	-355.843349	-255.002109	229.456575	-353.049889	-250.966066	44.629669	0.000000	-420.000000	0	6.486388	0.114532	0.017719	227.336424	-354.446619	-252.984088	182.706755	354.446619	167.015912	353.049889	169.033934	211.997891	0	0	1	0	0
eoi	6	64.000000	102	2	42	8.000000	55.000000	0.513210	2.548178	1490.562414	-420.000000	0.000000	43.000000	1537.489644	0.000000	0.000000	0.000000	0	9.114173	432.334177	225.346729	-355.885616	-254.999536	229.302401	-353.054505	-251.016082	44.629669	0.000000	-420.000000	0	6.287323	0.199065	0.005045	227.324565	-354.470061	-253.007809	182.694895	354.470061	166.992191	353.054505	168.983918	212.000464	0	0	1	0	0
eoi	6	64.000000	102	2	42	8.000000	55.000000	0.513210	2.548178	1537.596148	-420.000000	0.000000	44.000000	1584.540059	0.000000	0.000000	0.000000	0	9.024415	432.416304	225.377759	-355.896321	-254.988056	229.500984	-353.083190	-250.937185	44.629669	0.000000	-420.000000	0	6.428393	0.141070	0.082127	227.439371	-354.489755	-252.962621	182.809702	354.489755	167.037379	353.083190	169.062815	212.011944	0	0	1	0	0
eoi	6	64.000000	102	2	42	8.000000	55.000000	0.513210	2.548178	1584.638436	-420.000000	0.000000	45.000000	1631.879189	0.000000	0.000000	0.000000	0	9.072612	432.390034	225.379895	-355.916538	-254.990424	229.322229	-353.100947	-250.958170	44.629669	0.000000	-420.000000	0	6.303064	0.125329	0.026270	227.351062	-354.508742	-252.974297	182.721393	354.508742	167.025703	353.100947	169.041830	212.009576	0	0	1	0	0
eoi	6	64.000000	102	2	42	8.000000	55.000000	0.513210	2.548178	1631.977139	-420.000000	0.000000	46.000000	1678.641316	0.000000	0.000000	0.000000	0	9.101122	432.351551	225.278266	-355.890500	-254.989223	229.278039	-353.105142	-250.952758	44.629669	0.000000	-420.000000	0	6.328463	0.025399	0.038483	227.278153	-354.497821	-252.970991	182.648484	354.497821	167.029009	353.105142	169.047242	212.010777	0	0	1	0	0
eoi	6	64.000000	102	2	42	8.000000	55.000000	0.513210	2.548178	1678.737982	-420.000000	0.000000	47.000000	1726.003116	0.000000	0.000000	0.000000	0	9.176929	432.270681	225.162376	-355.850127	-255.005305	229.229342	-353.074736	-251.025160	44.629669	0.000000	-420.000000	0	6.331237	0.002774	0.080870	227.195859	-354.462431	-253.015233	182.566190	354.462431	166.984767	353.074736	168.974840	211.994695	0	0	1	0	0
eoi	6	64.000000	102	2	42	8.000000	55.000000	0.513210	2.548178	1726.099783	-420.000000	0.000000	48.000000	1773.035139	0.000000	0.000000	0.000000	0	9.336336	432.112748	224.989873	-355.773351	-255.038825	228.981065	-353.051301	-251.136717	44.629669	0.000000	-420.000000	0	6.210121	0.121116	0.157933	226.985469	-354.412326	-253.087771	182.355800	354.412326	166.912229	353.051301	168.863283	211.961175	0	0	1	0	0
eoi	6	64.000000	102	2	42	8.000000	55.000000	0.513210	2.548178	1773.297764	-420.000000	0.000000	49.000000	1820.430730	0.000000	0.000000	0.000000	0	9.395066	432.022007	224.788232	-355.709349	-255.022127	228.908853	-353.029702	-251.142368	44.629669	0.000000	-420.000000	0	6.261993	0.051872	0.090741	226.848543	-354.369526	-253.082247	182.218873	354.369526	166.917753	353.029702	168.857632	211.977873	0	0	1	0	0
eoi	6	64.000000	102	2	42	8.000000	55.000000	0.513210	2.548178	1820.532957	-420.000000	0.000000	50.000000	1867.160777	0.000000	0.000000	0.000000	0	9.371854	432.030950	224.816980	-355.743653	-255.019714	228.903224	-352.986282	-251.104376	44.629669	0.000000	-420.000000	0	6.295265	0.033272	0.008943	226.860102	-354.364968	-253.062045	182.230433	354.364968	166.937955	352.986282	168.895624	211.980286	0	0	1	0	0
eoi	6	64.000000	102	2	42	8.000000	55.000000	0.513210	2.548178	1867.257443	-420.000000	0.000000	51.000000	1914.575616	0.000000	0.000000	0.000000	0	9.406628	432.017612	224.955357	-355.798908	-255.042478	228.752885	-352.938780	-251.154056	44.629669	0.000000	-420.000000	0	6.141773	0.153492	0.013338	226.854121	-354.368844	-253.098267	182.224452	354.368844	166.901733	352.938780	168.845944	211.957522	0	0	1	0	0
eoi	6	64.000000	102	2	42	8.000000	55.000000	0.513210	2.548178	1914.671854	-420.000000	0.000000	52.000000	1961.352713	0.000000	0.000000	0.000000	0	9.461135	431.995004	224.939222	-355.824096	-255.089943	228.785964	-352.911925	-251.238611	44.629669	0.000000	-420.000000	0	6.173405	0.031632	0.022607	226.862593	-354.368011	-253.164277	182.232924	354.368011	166.835723	352.911925	168.761389	211.910057	0	0	1	0	0
eoi	6	64.000000	102	2	42	8.000000	55.000000	0.513210	2.548178	1961.449807	-420.000000	0.000000	53.000000	2008.264972	0.000000	0.000000	0.000000	0	9.582662	431.917203	225.021590	-355.831245	-255.128681	228.518558	-352.893649	-251.377095	44.629669	0.000000	-420.000000	0	5.910386	0.263019	0.077802	226.770074	-354.362447	-253.252888	182.140405	354.362447	166.747112	352.893649	168.622905	211.871319	0	0	1	0	0
eoi	6	64.000000	102	2	42	8.000000	55.000000	0.513210	2.548178	2008.365915	-420.000000	0.000000	54.000000	2055.414619	0.000000	0.000000	0.000000	0	9.574949	431.919150	224.952379	-355.819894	-255.106163	228.532857	-352.916107	-251.353161	44.629669	0.000000	-420.000000	0	5.944479	0.034093	0.001947	226.742618	-354.368001	-253.229662	182.112949	354.368001	166.770338	352.916107	168.646839	211.893837	0	0	1	0	0
eoi	6	64.000000	102	2	42	8.000000	55.000000	0.513210	2.548178	2055.512141	-420.000000	0.000000	55.000000	2102.866242	0.000000	0.000000	0.000000	0	9.527227	431.983806	224.981749	-355.859087	-255.095775	228.666628	-352.940740	-251.342432	44.629669	0.000000	-420.000000	0	6.015203	0.070724	0.064657	226.824188	-354.399913	-253.219104	182.194519	354.399913	166.780896	352.940740	168.657568	211.904225	0	0	1	0	0
eoi	6	64.000000	102	2	42	8.000000	55.000000	0.513210	2.548178	2102.963337	-420.000000	0.000000	56.000000	2149.595007	0.000000	0.000000	0.000000	0	9.605462	431.898343	224.824856	-355.826508	-255.097067	228.612202	-352.903956	-251.405658	44.629669	0.000000	-420.000000	0	6.042499	0.027296	0.085463	226.718529	-354.365232	-253.251363	182.088860	354.365232	166.748637	352.903956	168.594342	211.902933	0	0	1	0	0
eoi	6	64.000000	102	2	42	8.000000	55.000000	0.513210	2.548178	2149.692101	-420.000000	0.000000	57.000000	2196.706159	0.000000	0.000000	0.000000	0	9.730073	431.765717	224.879902	-355.826501	-255.124639	228.333127	-352.771218	-251.538411	44.629669	0.000000	-420.000000	0	5.841280	0.201219	0.132626	226.606515	-354.298859	-253.331525	181.976845	354.298859	166.668475	352.771218	168.461589	211.875361	0	0	1	0	0
eoi	6	64.000000	102	2	42	8.000000	55.000000	0.513210	2.548178	2196.801970	-420.000000	0.000000	58.000000	2243.853668	0.000000	0.000000	0.000000	0	9.814529	431.684157	225.037508	-355.810551	-255.130672	228.208559	-352.668708	-251.739255	44.629669	0.000000	-420.000000	0	5.606109	0.235172	0.081561	226.623033	-354.239629	-253.434963	181.993364	354.239629	166.565037	352.668708	168.260745	211.869328	0	0	1	0	0
eoi	6	64.000000	102	2	42	8.000000	55.000000	0.513210	2.548178	2243.955467	-420.000000	0.000000	59.000000	2291.081589	0.000000	0.000000	0.000000	0	9.724379	431.554548	225.176070	-355.589035	-255.053600	228.539150	-352.341130	-251.833652	44.629669	0.000000	-420.000000	0	5.676905	0.070797	0.129608	226.857610	-353.965083	-253.443626	182.227941	353.965083	166.556374	352.341130	168.166348	211.946400	0	0	1	0	0
eoi	6	64.000000	102	2	42	8.000000	55.000000	0.513210	2.548178	2291.185099	-420.000000	0.000000	60.000000	2338.910468	0.000000	0.000000	0.000000	0	10.835873	429.541660	227.383582	-352.417369	-256.500094	230.951750	-349.482275	-253.130488	44.629669	0.000000	-420.000000	0	5.718465	0.041559	2.012888	229.167666	-350.949822	-254.815291	184.537997	350.949822	165.184709	349.482275	166.869512	210.499906	0	0	1	0	0
eoi	6	64.000000	102	2	42	8.000000	55.000000	0.513210	2.548178	2339.007134	-420.000000	0.000000	61.000000	2385.868066	2374.315155	0.000000	0.000000	0	21.268653	419.506668	231.920431	-338.805396	-259.210873	235.073179	-335.941698	-255.248721	44.629669	0.000000	-420.000000	0	5.817150	0.098685	10.034992	233.496805	-337.373547	-257.229797	188.867136	337.373547	162.770203	335.941698	164.751279	207.789127	0	0	1	0	0
eoi	6	64.000000	102	2	42	8.000000	55.000000	0.513210	2.548178	2385.983552	-420.000000	0.000000	62.000000	2433.173406	2374.315155	0.000000	0.000000	0	43.075931	401.098837	233.891794	-315.533354	-261.930276	237.016729	-313.042696	-257.512150	44.629669	0.000000	-420.000000	0	5.957217	0.140068	18.407830	235.454262	-314.288025	-259.721213	190.824592	314.288025	160.278787	313.042696	162.487850	205.069724	0	0	1	0	0
eoi	6	64.000000	102	2	42	8.000000	55.000000	0.513210	2.548178	2433.271356	-420.000000	0.000000	63.000000	2480.013379	2374.315155	0.000000	0.000000	0	68.812362	378.536590	232.731457	-289.764453	-266.942073	235.103243	-287.469411	-262.185667	44.629669	0.000000	-420.000000	0	5.789299	0.167918	22.562247	233.917350	-288.616932	-264.563870	189.287681	288.616932	155.436130	287.469411	157.814333	200.057927	0	0	1	0	0
eoi	6	64.000000	102	2	42	8.000000	55.000000	0.513210	2.548178	2480.111329	-420.000000	0.000000	64.000000	2526.855063	2374.315155	0.000000	0.000000	0	97.097984	350.782182	225.957595	-263.855385	-278.951014	227.599691	-260.518528	-270.340265	44.629669	0.000000	-420.000000	0	9.379557	3.590258	27.754408	226.778643	-262.186957	-274.645639	182.148974	262.186957	145.354361	260.518528	149.659735	188.048986	0	0	1	0	0
eoi	6	64.000000	102	2	42	8.000000	55.000000	0.513210	2.548178	2526.964989	-420.000000	0.000000	65.000000	2574.273324	2374.315155	0.000000	0.000000	0	130.065873	318.799214	219.366354	-234.854054	-297.204403	217.893479	-230.767719	-280.834195	44.629669	0.000000	-420.000000	0	16.936682	7.557125	31.982968	218.629917	-232.810887	-289.019299	174.000247	232.810887	130.980701	230.767719	139.165805	169.795597	0	0	1	0	0
eoi	6	64.000000	102	2	42	8.000000	55.000000	0.513210	2.548178	2574.371273	-420.000000	0.000000	66.000000	2621.005937	2374.315155	0.000000	0.000000	0	166.026602	284.238379	210.974906	-204.340215	-316.289036	206.852061	-198.100538	-292.950095	44.629669	0.000000	-420.000000	0	24.507909	7.571227	34.560835	208.913484	-201.220376	-304.619566	164.283815	201.220376	115.380434	198.100538	127.049905	150.710964	0	0	1	0	0
eoi	6	64.000000	102	2	42	8.000000	55.000000	0.513210	2.548178	2621.103887	-420.000000	0.000000	67.000000	2668.187237	2374.315155	0.000000	0.000000	0	202.641084	249.155776	202.343023	-174.660086	-339.608287	194.209340	-166.192627	-306.214404	44.629669	0.000000	-420.000000	0	35.397826	10.889918	35.082603	198.276182	-170.426357	-322.911346	153.646512	170.426357	97.088654	166.192627	113.785596	127.391713	0	0	0	0	0
eoi	6	64.000000	102	2	42	8.000000	55.000000	0.513210	2.548178	2668.284331	-420.000000	0.000000	68.000000	2715.149112	2374.315155	0.000000	0.000000	0	238.268294	215.498432	192.646139	-146.427516	-363.554994	182.060528	-136.812680	-321.354353	44.629669	0.000000	-420.000000	0	44.557764	9.159937	33.657344	187.353334	-141.620098	-342.454673	142.723664	141.620098	77.545327	136.812680	98.645647	103.445006	0	0	0	0	0
eoi	6	64.000000	102	2	42	8.000000	55.000000	0.513210	2.548178	2715.304805	-420.000000	0.000000	69.000000	2761.813717	2374.315155	0.000000	0.000000	0	271.984622	183.530074	180.805708	-120.734776	-387.313309	168.856469	-110.307775	-336.312922	44.629669	0.000000	-420.000000	0	53.409232	8.851468	31.968358	174.831089	-115.521275	-361.813115	130.201419	115.521275	58.186885	110.307775	83.687078	79.686691	0	0	0	0	0
eoi	6	64.000000	102	2	42	8.000000	55.000000	0.513210	2.548178	2761.915516	-420.000000	0.000000	70.000000	2808.938129	2374.315155	0.000000	0.000000	0	303.337096	153.716732	167.703034	-97.930200	-409.323008	154.228795	-86.128125	-350.045862	44.629669	0.000000	-420.000000	0	61.924343	8.515110	29.813343	160.965915	-92.029163	-379.684435	116.336245	92.029163	40.315565	86.128125	69.954138	57.676992	0	0	0	0	0
eoi	6	64.000000	102	2	42	8.000000	55.000000	0.513210	2.548178	2809.039928	-420.000000	0.000000	71.000000	2855.937644	2374.315155	0.000000	0.000000	0	332.536473	126.109546	153.154897	-77.027966	-429.523917	139.259654	-64.535082	-362.493440	44.629669	0.000000	-420.000000	0	69.586168	7.661825	27.607185	146.207275	-70.781524	-396.008678	101.577606	70.781524	23.991322	64.535082	57.506560	37.476083	0	0	0	0	0
eoi	6	64.000000	102	2	42	8.000000	55.000000	0.513210	2.548178	2856.035594	-420.000000	0.000000	72.000000	2903.284474	2374.315155	0.000000	0.000000	0	358.873521	101.138824	137.412798	-58.667228	-445.300240	124.226040	-45.072841	-373.734247	44.629669	0.000000	-420.000000	0	74.029651	4.443484	24.970723	130.819419	-51.870034	-409.517244	86.189750	51.870034	10.482756	45.072841	46.265753	21.699760	0	0	0	0	0
eoi	6	64.000000	102	2	42	8.000000	55.000000	0.513210	2.548178	2903.382851	-420.000000	0.000000	73.000000	2950.271158	2374.315155	0.000000	0.000000	0	382.132596	78.363953	120.679112	-42.704697	-457.356287	108.197227	-28.504357	-382.669160	44.629669	0.000000	-420.000000	0	77.042936	3.013285	22.774870	114.438169	-35.604527	-420.012724	69.808500	35.604527	0.012724	28.504357	37.330840	9.643713	0	0	0	0	0
eoi	6	64.000000	102	2	42	8.000000	55.000000	0.513210	2.548178	2950.369107	-420.000000	0.000000	74.000000	2997.268962	2374.315155	0.000000	0.000000	0	402.449674	59.073226	104.396844	-28.474240	-466.844003	93.557732	-14.753609	-389.747636	44.629669	0.000000	-420.000000	0	79.054360	2.011424	19.290727	98.977288	-21.613925	-428.295820	54.347619	21.613925	8.295820	14.753609	30.252364	0.155997	0	0	0	0	0
eoi	6	64.000000	102	2	42	8.000000	55.000000	0.513210	2.548178	2997.366056	-420.000000	0.000000	75.000000	3044.186354	2374.315155	0.000000	0.000000	0	419.038156	42.967927	88.722638	-17.490975	-473.406933	78.741656	-4.398944	-394.696220	44.629669	0.000000	-420.000000	0	80.413914	1.359554	16.105299	83.732147	-10.944960	-434.051577	39.102478	10.944960	14.051577	4.398944	25.303780	6.406933	0	1	0	0	0
eoi	6	64.000000	102	2	42	8.000000	55.000000	0.513210	2.548178	3044.283448	-420.000000	0.000000	76.000000	3091.068672	2374.315155	0.000000	0.000000	0	432.086473	33.181377	76.233017	-9.367033	-477.259064	67.161048	3.386983	-400.657761	44.629669	0.000000	-420.000000	0	78.183918	2.229996	9.786549	71.697032	-2.990025	-438.958413	27.067363	2.990025	18.958413	3.386983	19.342239	10.259064	0	1	0	0	0
eoi	6	64.000000	102	2	42	8.000000	55.000000	0.513210	2.548178	3091.165338	-420.000000	0.000000	77.000000	3137.874427	2374.315155	3126.077712	0.000000	0	442.147840	28.228652	65.657686	-1.874569	-477.238912	58.391535	8.382839	-406.746696	44.629669	0.000000	-420.000000	0	71.604216	6.579702	4.952725	62.024611	3.254135	-441.992804	17.394942	3.254135	21.992804	8.382839	13.253304	10.238912	0	1	0	1	0
eoi	6	64.000000	102	2	42	8.000000	55.000000	0.513210	2.548178	3137.973232	-420.000000	0.000000	78.000000	3184.947939	2374.315155	3126.077712	0.000000	0	448.355903	25.227855	56.664555	2.890731	-471.686451	52.575417	11.910346	-412.216637	44.629669	0.000000	-420.000000	0	60.288749	11.315468	3.000797	54.619986	7.400539	-441.951544	9.990317	7.400539	21.951544	11.910346	7.783363	4.686451	0	1	0	1	0
eoi	6	64.000000	102	2	42	8.000000	55.000000	0.513210	2.548178	3185.050166	-420.000000	0.000000	79.000000	3231.831541	2374.315155	3126.077712	0.000000	0	450.848099	28.744944	56.645592	4.620671	-471.256595	51.374416	11.350607	-420.686092	44.629669	0.000000	-420.000000	0	51.287943	9.000806	3.517088	54.010004	7.985639	-445.971343	9.380335	7.985639	25.971343	11.350607	0.686092	4.256595	0	1	0	1	0
eoi	6	64.000000	102	2	42	8.000000	55.000000	0.513210	2.548178	3231.933340	-420.000000	0.000000	80.000000	3278.864419	2374.315155	3126.077712	0.000000	0	451.354612	30.349754	56.685997	4.537186	-470.816305	51.639438	10.839264	-424.721781	44.629669	0.000000	-420.000000	0	46.796251	4.491692	1.604810	54.162717	7.688225	-447.769043	9.533048	7.688225	27.769043	10.839264	4.721781	3.816305	0	1	0	1	0
eoi	6	64.000000	102	2	42	8.000000	55.000000	0.513210	2.548178	3278.961513	-420.000000	0.000000	81.000000	3325.789082	2374.315155	3126.077712	0.000000	0	450.703853	30.090421	57.256641	3.823661	-470.370788	50.841050	9.840346	-425.128267	44.629669	0.000000	-420.000000	0	46.089544	0.706707	0.259333	54.048845	6.832003	-447.749527	9.419176	6.832003	27.749527	9.840346	5.128267	3.370788	0	1	0	1	0
eoi	6	64.000000	102	2	42	8.000000	55.000000	0.513210	2.548178	3325.891309	-420.000000	0.000000	82.000000	3372.782181	2374.315155	3126.077712	0.000000	0	449.943891	30.116011	57.884401	2.687761	-470.431468	50.934567	9.328269	-425.254549	44.629669	0.000000	-420.000000	0	46.188207	0.098664	0.025591	54.409484	6.008015	-447.843008	9.779815	6.008015	27.843008	9.328269	5.254549	3.431468	0	1	0	1	0
eoi	6	64.000000	102	2	42	8.000000	55.000000	0.513210	2.548178	3372.880558	-420.000000	0.000000	83.000000	3419.967758	2374.315155	3126.077712	0.000000	0	449.329489	30.598645	58.239611	1.257107	-470.899400	51.487452	9.074582	-425.840681	44.629669	0.000000	-420.000000	0	46.227619	0.039411	0.482633	54.863531	5.165844	-448.370040	10.233862	5.165844	28.370040	9.074582	5.840681	3.899400	0	1	0	1	0
eoi	6	64.000000	102	2	42	8.000000	55.000000	0.513210	2.548178	3420.064424	-420.000000	0.000000	84.000000	3467.167877	2374.315155	3126.077712	0.000000	0	449.098403	30.402353	58.074450	0.859181	-470.883193	51.257653	8.792456	-425.695445	44.629669	0.000000	-420.000000	0	46.382520	0.154901	0.196292	54.666051	4.825819	-448.289319	10.036382	4.825819	28.289319	8.792456	5.695445	3.883193	0	1	0	1	0
eoi	6	64.000000	102	2	42	8.000000	55.000000	0.513210	2.548178	3467.264544	-420.000000	0.000000	85.000000	3514.000579	2374.315155	3126.077712	0.000000	0	448.771693	30.483659	57.917484	0.548301	-470.938718	51.667136	8.287108	-425.857694	44.629669	0.000000	-420.000000	0	46.165514	0.217006	0.081306	54.792310	4.417704	-448.398206	10.162641	4.417704	28.398206	8.287108	5.857694	3.938718	0	1	0	1	0
eoi	6	64.000000	102	2	42	8.000000	55.000000	0.513210	2.548178	3514.098101	-420.000000	0.000000	86.000000	3561.035596	2374.315155	3126.077712	0.000000	0	448.722228	30.519425	57.991787	0.385899	-470.838392	51.718991	8.362271	-426.003049	44.629669	0.000000	-420.000000	0	45.969321	0.196193	0.035766	54.855389	4.374085	-448.420721	10.225720	4.374085	28.420721	8.362271	6.003049	3.838392	0	1	0	1	0
eoi	6	64.000000	102	2	42	8.000000	55.000000	0.513210	2.548178	3561.132690	-420.000000	0.000000	87.000000	3608.261379	2374.315155	3126.077712	0.000000	0	448.707024	30.724865	58.009343	0.366050	-470.854243	52.008477	8.300274	-426.330104	44.629669	0.000000	-420.000000	0	45.621939	0.347382	0.205439	55.008910	4.333162	-448.592173	10.379241	4.333162	28.592173	8.300274	6.330104	3.854243	0	1	0	1	0
eoi	6	64.000000	102	2	42	8.000000	55.000000	0.513210	2.548178	3608.362323	-420.000000	0.000000	88.000000	3655.247207	2374.315155	3126.077712	0.000000	0	448.495428	30.630632	58.190230	0.205913	-470.690761	51.975129	8.120572	-426.287747	44.629669	0.000000	-420.000000	0	45.529078	0.092861	0.094232	55.082680	4.163242	-448.489254	10.453011	4.163242	28.489254	8.120572	6.287747	3.690761	0	1	0	1	0
eoi	6	64.000000	102	2	42	8.000000	55.000000	0.513210	2.548178	3655.345584	-420.000000	0.000000	89.000000	3702.289495	2374.315155	3126.077712	0.000000	0	448.451645	30.297306	57.500877	0.183713	-470.703199	51.673204	7.714503	-425.977735	44.629669	0.000000	-420.000000	0	45.727909	0.198831	0.333326	54.587041	3.949108	-448.340467	9.957371	3.949108	28.340467	7.714503	5.977735	3.703199	1	1	0	1	0
eoi	6	64.000000	102	2	42	8.000000	55.000000	0.513210	2.548178	3702.392577	-420.000000	0.000000	90.000000	3749.475927	2374.315155	3126.077712	0.000000	0	447.755890	30.280174	57.677859	-0.307138	-470.629372	52.181027	6.864332	-425.941093	44.629669	0.000000	-420.000000	0	45.592625	0.135284	0.017133	54.929443	3.278597	-448.285233	10.299774	3.278597	28.285233	6.864332	5.941093	3.629372	1	1	0	1	0
eoi	6	64.000000	102	2	42	8.000000	55.000000	0.513210	2.548178	3749.577726	-420.000000	0.000000	91.000000	3796.588363	2374.315155	3126.077712	0.000000	0	446.966785	30.231347	57.978680	-0.969513	-470.498281	52.502449	5.957132	-425.897610	44.629669	0.000000	-420.000000	0	45.466333	0.126292	0.048827	55.240565	2.493810	-448.197945	10.610896	2.493810	28.197945	5.957132	5.897610	3.498281	1	1	0	1	0
eoi	6	64.000000	102	2	42	8.000000	55.000000	0.513210	2.548178	3796.685457	-420.000000	0.000000	92.000000	3843.505754	2374.315155	3126.077712	0.000000	0	446.508132	30.215085	58.244467	-1.189787	-470.333504	52.691974	5.332931	-425.922546	44.629669	0.000000	-420.000000	0	45.229517	0.236816	0.016261	55.468221	2.071572	-448.128025	10.838551	2.071572	28.128025	5.332931	5.922546	3.333504	1	1	0	1	0
eoi	6	64.000000	102	2	42	8.000000	55.000000	0.513210	2.548178	3843.602421	-420.000000	0.000000	93.000000	3890.631449	2374.315155	3126.077712	0.000000	0	446.140097	30.106033	58.445583	-1.303341	-470.108902	52.784020	4.844485	-425.839830	44.629669	0.000000	-420.000000	0	45.051079	0.178438	0.109052	55.614802	1.770572	-447.974366	10.985133	1.770572	27.974366	4.844485	5.839830	3.108902	1	1	0	1	0
eoi	6	64.000000	102	2	42	8.000000	55.000000	0.513210	2.548178	3890.733248	-420.000000	0.000000	94.000000	3937.651923	2374.315155	3126.077712	0.000000	0	445.860500	29.961960	58.539897	-1.318457	-469.999596	52.631320	4.274787	-425.696059	44.629669	0.000000	-420.000000	0	45.044412	0.006667	0.144072	55.585608	1.478165	-447.847828	10.955939	1.478165	27.847828	4.274787	5.696059	2.999596	1	1	0	1	0
eoi	6	64.000000	102	2	42	8.000000	55.000000	0.513210	2.548178	3937.749017	-420.000000	0.000000	95.000000	3984.953414	2374.315155	3126.077712	0.000000	0	445.416544	29.942750	58.423761	-1.260858	-470.000263	53.046788	3.320889	-425.575734	44.629669	0.000000	-420.000000	0	44.982696	0.061716	0.019211	55.735274	1.030015	-447.787998	11.105605	1.030015	27.787998	3.320889	5.575734	3.000263	1	1	0	1	0
eoi	6	64.000000	102	2	42	8.000000	55.000000	0.513210	2.548178	3985.051791	-420.000000	0.000000	96.000000	4031.722385	2374.315155	3126.077712	0.000000	0	444.742141	29.912913	58.084651	-1.148473	-469.966811	53.826171	1.854892	-425.400514	44.629669	0.000000	-420.000000	0	44.869920	0.112777	0.029837	55.955411	0.353210	-447.683662	11.325742	0.353210	27.683662	1.854892	5.400514	2.966811	1	1	0	1	0
eoi	6	64.000000	102	2	42	8.000000	55.000000	0.513210	2.548178	4031.818623	-420.000000	0.000000	97.000000	4078.984097	2374.315155	3126.077712	0.000000	0	443.811374	29.798541	58.255191	-1.544021	-469.900481	53.877359	0.226346	-425.116718	44.629669	0.000000	-420.000000	0	45.032044	0.162124	0.114371	56.066275	-0.658837	-447.508599	11.436606	0.658837	27.508599	0.226346	5.116718	2.900481	1	1	0	1	0
eoi	6	64.000000	102	2	42	8.000000	55.000000	0.513210	2.548178	4079.088034	-420.000000	0.000000	98.000000	4126.097387	2374.315155	3126.077712	0.000000	0	443.186794	29.751633	58.261229	-2.023108	-469.868020	53.886663	-0.761021	-424.986346	44.629669	0.000000	-420.000000	0	45.112020	0.079976	0.046908	56.073946	-1.392065	-447.427183	11.444277	1.392065	27.427183	0.761021	4.986346	2.868020	1	1	0	1	0
eoi	6	64.000000	102	2	42	8.000000	55.000000	0.513210	2.548178	4126.199187	-420.000000	0.000000	99.000000	4173.017773	2374.315155	3126.077712	0.000000	0	442.678580	29.987979	58.545223	-2.316960	-469.716776	54.553635	-1.306446	-425.198282	44.629669	0.000000	-420.000000	0	44.708503	0.403517	0.236345	56.549429	-1.811703	-447.457529	11.919760	1.811703	27.457529	1.306446	5.198282	2.716776	1	1	0	1	0
eoi	6	64.000000	102	2	42	8.000000	55.000000	0.513210	2.548178	4173.185870	-420.000000	0.000000	100.000000	4220.015150	2374.315155	3126.077712	0.000000	0	442.819929	30.067233	58.477972	-2.341383	-469.772118	54.511635	-1.114055	-425.373945	44.629669	0.000000	-420.000000	0	44.591882	0.116621	0.079255	56.494803	-1.727719	-447.573032	11.865134	1.727719	27.573032	1.114055	5.373945	2.772118	1	1	0	1	0
eoi	6	64.000000	102	2	42	8.000000	55.000000	0.513210	2.548178	4220.115238	-420.000000	0.000000	101.000000	4267.367540	2374.315155	3126.077712	0.000000	0	442.993037	30.071962	58.382070	-2.226768	-469.790519	54.367401	-0.986389	-425.483172	44.629669	0.000000	-420.000000	0	44.506146	0.085736	0.004729	56.374736	-1.606578	-447.636845	11.745067	1.606578	27.636845	0.986389	5.483172	2.790519	1	1	0	1	0
eoi	6	64.000000	102	2	42	8.000000	55.000000	0.513210	2.548178	4267.476183	-420.000000	0.000000	102.000000	4314.240449	2374.315155	3126.077712	0.000000	0	443.039585	30.026860	58.326711	-2.156643	-469.785429	54.155643	-1.079784	-425.501698	44.629669	0.000000	-420.000000	0	44.492766	0.013380	0.045102	56.241177	-1.618214	-447.643564	11.611508	1.618214	27.643564	1.079784	5.501698	2.785429	1	1	0	1	0
eoi	6	64.000000	102	2	42	8.000000	55.000000	0.513210	2.548178	4314.338398	-420.000000	0.000000	103.000000	4361.237825	2374.315155	3126.077712	0.000000	0	442.840611	30.079650	58.374547	-2.302228	-469.754717	54.281991	-1.356150	-425.547441	44.629669	0.000000	-420.000000	0	44.406389	0.086378	0.052790	56.328269	-1.829189	-447.651079	11.698600	1.829189	27.651079	1.356150	5.547441	2.754717	1	1	0	1	0
eoi	6	64.000000	102	2	42	8.000000	55.000000	0.513210	2.548178	4361.336630	-420.000000	0.000000	104.000000	4408.378063	2374.315155	3126.077712	0.000000	0	442.872440	30.125115	58.266352	-2.271630	-469.809300	54.318489	-1.415571	-425.620077	44.629669	0.000000	-420.000000	0	44.373482	0.032907	0.045465	56.292420	-1.843600	-447.714688	11.662751	1.843600	27.714688	1.415571	5.620077	2.809300	1	1	0	1	0
eoi	6	64.000000	102	2	42	8.000000	55.000000	0.513210	2.548178	4408.476868	-420.000000	0.000000	105.000000	4455.358331	2374.315155	3126.077712	0.000000	0	443.037564	29.997162	58.300201	-2.123030	-469.761207	53.948595	-1.248753	-425.550951	44.629669	0.000000	-420.000000	0	44.432506	0.059025	0.127953	56.124398	-1.685892	-447.656079	11.494729	1.685892	27.656079	1.248753	5.550951	2.761207	1	1	0	1	0
eoi	6	64.000000	102	2	42	8.000000	55.000000	0.513210	2.548178	4455.456708	-420.000000	0.000000	106.000000	4490.962767	2374.315155	3126.077712	4490.958062	0	442.800052	30.041214	  58.517570   -2.318154 -469.660028	  54.166422   -1.372434 -425.544713	44.629669	0.000000	-420.000000	0	44.339462	0.093044	0.044053	0
