subjName	sessionNR	IOD	trialN	textureType	texnum	visualAngle	simulatedDepth	light_intensity	ambient_intensity	time	displayDistance	isRotated	frameN	timTote	startTime	touchTime	endTime	fingersOccluded	distanceToHome	distanceToObject	indexXraw	indexYraw	indexZraw	thumbXraw	thumbYraw	thumbZraw	targetX	targetY	targetZ	failCause	gripAperture	gripApertureVel	distFromObjVel	gripOriginX	gripOriginY	gripOriginZ	distFromObjX	distFromObjY	distFromObjZ	y_dist_thm	z_dist_thm	z_dist_ind	handOnObj	handnearObj	handfarObj	handTouchObj	framesOccluded
eoi	1	64.000000	62	1	25	8.000000	35.000000	0.777801	1.704038	916.817905	-420.000000	0.000000	30.000000	964.352914	0.000000	0.000000	0.000000	0	9.044108	429.247877	218.921479	-352.821618	-252.310682	222.502206	-353.513170	-248.887955	45.127274	0.000000	-420.000000	0	5.001490	0.501497	0.690931	220.711843	-353.167394	-250.599318	175.584569	353.167394	169.400682	353.513170	171.112045	194.689318	0	0	1	0	0
eoi	1	64.000000	62	1	25	8.000000	35.000000	0.777801	1.704038	964.547104	-420.000000	0.000000	31.000000	1011.496549	0.000000	0.000000	0.000000	0	10.032048	426.123993	221.571389	-349.671827	-255.926858	224.683393	-350.088993	-252.523362	45.127274	0.000000	-420.000000	0	4.630592	0.370898	3.123884	223.127391	-349.880410	-254.225110	178.000117	349.880410	165.774890	350.088993	167.476638	191.073142	0	0	1	0	0
eoi	1	64.000000	62	1	25	8.000000	35.000000	0.777801	1.704038	1011.599632	-420.000000	0.000000	32.000000	1058.818120	1046.756966	0.000000	0.000000	0	16.357220	419.626458	222.876433	-342.637650	-259.583029	226.085957	-343.255974	-256.034362	45.127274	0.000000	-420.000000	0	4.824563	0.193971	6.497535	224.481195	-342.946812	-257.808695	179.353921	342.946812	162.191305	343.255974	163.965638	187.416971	0	0	1	0	0
eoi	1	64.000000	62	1	25	8.000000	35.000000	0.777801	1.704038	1058.951572	-420.000000	0.000000	33.000000	1105.531885	1046.756966	0.000000	0.000000	0	27.780481	408.828815	222.500950	-331.674873	-264.068613	225.727047	-332.275918	-260.355160	45.127274	0.000000	-420.000000	0	4.955672	0.131109	10.797643	224.113998	-331.975396	-262.211887	178.986725	331.975396	157.788113	332.275918	159.644840	182.931387	0	0	1	0	0
eoi	1	64.000000	62	1	25	8.000000	35.000000	0.777801	1.704038	1105.636679	-420.000000	0.000000	34.000000	1152.724709	1046.756966	0.000000	0.000000	0	43.047441	394.099570	220.024990	-317.398767	-269.022834	222.753507	-317.952996	-265.505587	45.127274	0.000000	-420.000000	0	4.485867	0.469805	14.729245	221.389248	-317.675882	-267.264210	176.261975	317.675882	152.735790	317.952996	154.494413	177.977166	0	0	1	0	0
eoi	1	64.000000	62	1	25	8.000000	35.000000	0.777801	1.704038	1152.823515	-420.000000	0.000000	35.000000	1199.687414	1046.756966	0.000000	0.000000	0	62.123367	375.616419	215.701586	-299.846139	-275.653445	218.658897	-300.519438	-271.937496	45.127274	0.000000	-420.000000	0	4.796592	0.310725	18.483150	217.180241	-300.182788	-273.795470	172.052968	300.182788	146.204530	300.519438	148.062504	171.346555	0	0	1	0	0
eoi	1	64.000000	62	1	25	8.000000	35.000000	0.777801	1.704038	1199.821294	-420.000000	0.000000	36.000000	1247.004280	1046.756966	0.000000	0.000000	0	84.386654	353.790948	209.495251	-279.901455	-283.761940	212.561750	-280.627645	-279.857166	45.127274	0.000000	-420.000000	0	5.017771	0.221179	21.825472	211.028500	-280.264550	-281.809553	165.901227	280.264550	138.190447	280.627645	140.142834	163.238060	0	0	1	0	0
eoi	1	64.000000	62	1	25	8.000000	35.000000	0.777801	1.704038	1247.108219	-420.000000	0.000000	37.000000	1294.051676	1046.756966	0.000000	0.000000	0	107.816574	330.722051	202.053514	-258.535158	-290.815595	204.875064	-259.413612	-286.591699	45.127274	0.000000	-420.000000	0	5.155009	0.137238	23.068897	203.464289	-258.974385	-288.703647	158.337016	258.974385	131.296353	259.413612	133.408301	156.184405	0	0	1	0	0
eoi	1	64.000000	62	1	25	8.000000	35.000000	0.777801	1.704038	1294.154331	-420.000000	0.000000	38.000000	1341.146550	1046.756966	0.000000	0.000000	0	131.997761	306.715676	193.296675	-237.430820	-299.145082	195.920562	-237.915976	-293.944493	45.127274	0.000000	-420.000000	0	5.845194	0.690185	24.006375	194.608618	-237.673398	-296.544788	149.481345	237.673398	123.455212	237.915976	126.055507	147.854918	0	0	1	0	0
eoi	1	64.000000	62	1	25	8.000000	35.000000	0.777801	1.704038	1341.296255	-420.000000	0.000000	39.000000	1387.687084	1046.756966	0.000000	0.000000	0	157.834908	281.045732	184.966680	-216.758136	-312.880246	186.441866	-215.535427	-303.464842	45.127274	0.000000	-420.000000	0	9.608383	3.763190	25.669944	185.704273	-216.146781	-308.172544	140.576999	216.146781	111.827456	215.535427	116.535158	134.119754	0	0	1	0	0
eoi	1	64.000000	62	1	25	8.000000	35.000000	0.777801	1.704038	1387.789312	-420.000000	0.000000	40.000000	1435.150662	1046.756966	0.000000	0.000000	0	185.001341	254.215276	176.312748	-196.160899	-329.465888	177.236973	-192.446656	-315.184565	45.127274	0.000000	-420.000000	0	14.785330	5.176946	26.830457	176.774860	-194.303778	-322.325227	131.647587	194.303778	97.674773	192.446656	104.815435	117.534112	0	0	1	0	0
eoi	1	64.000000	62	1	25	8.000000	35.000000	0.777801	1.704038	1435.254173	-420.000000	0.000000	41.000000	1482.242541	1046.756966	0.000000	0.000000	0	214.919082	225.114585	168.435094	-175.284987	-350.695129	166.557598	-166.099974	-327.237432	45.127274	0.000000	-420.000000	0	25.261691	10.476361	29.100691	167.496346	-170.692480	-338.966281	122.369072	170.692480	81.033719	166.099974	92.762568	96.304871	0	0	0	0	0
eoi	1	64.000000	62	1	25	8.000000	35.000000	0.777801	1.704038	1482.343058	-420.000000	0.000000	42.000000	1528.871188	1046.756966	0.000000	0.000000	0	246.498833	194.846171	160.139994	-152.600054	-373.399744	155.288999	-137.930605	-337.184157	45.127274	0.000000	-420.000000	0	39.373768	14.112077	30.268414	157.714496	-145.265330	-355.291951	112.587223	145.265330	64.708049	137.930605	82.815843	73.600256	0	0	0	0	0
eoi	1	64.000000	62	1	25	8.000000	35.000000	0.777801	1.704038	1528.970422	-420.000000	0.000000	43.000000	1575.842876	1046.756966	0.000000	0.000000	0	277.773072	165.048727	151.826488	-129.149025	-395.839325	142.611498	-110.186912	-344.201873	45.127274	0.000000	-420.000000	0	55.775481	16.401713	29.797444	147.218993	-119.667968	-370.020599	102.091719	119.667968	49.979401	110.186912	75.798127	51.160675	0	0	0	0	0
eoi	1	64.000000	62	1	25	8.000000	35.000000	0.777801	1.704038	1575.941681	-420.000000	0.000000	44.000000	1623.066069	1046.756966	0.000000	0.000000	0	307.707547	136.233593	141.165376	-105.280398	-413.316287	129.565437	-84.077321	-350.458130	45.127274	0.000000	-420.000000	0	67.344465	11.568984	28.815134	135.365407	-94.678859	-381.887208	90.238133	94.678859	38.112792	84.077321	69.541870	33.683713	0	0	0	0	0
eoi	1	64.000000	62	1	25	8.000000	35.000000	0.777801	1.704038	1623.164874	-420.000000	0.000000	45.000000	1670.303804	1046.756966	0.000000	0.000000	0	335.923115	109.432806	129.948425	-82.533777	-429.124605	117.112096	-60.551804	-357.578501	45.127274	0.000000	-420.000000	0	75.939603	8.595138	26.800788	123.530260	-71.542790	-393.351553	78.402987	71.542790	26.648447	60.551804	62.421499	17.875395	0	0	0	0	0
eoi	1	64.000000	62	1	25	8.000000	35.000000	0.777801	1.704038	1670.403466	-420.000000	0.000000	46.000000	1717.118942	1046.756966	0.000000	0.000000	0	361.906845	85.414644	119.157496	-61.806645	-443.869206	104.598569	-40.531884	-366.351338	45.127274	0.000000	-420.000000	0	81.692090	5.752487	24.018161	111.878032	-51.169265	-405.110272	66.750759	51.169265	14.889728	40.531884	53.648662	3.130794	0	0	0	0	0
eoi	1	64.000000	62	1	25	8.000000	35.000000	0.777801	1.704038	1717.218603	-420.000000	0.000000	47.000000	1764.115010	1046.756966	0.000000	0.000000	0	383.711675	64.802465	105.863917	-46.357864	-455.856756	92.558827	-24.384379	-374.519609	45.127274	0.000000	-420.000000	0	85.297075	3.604985	20.612179	99.211372	-35.371122	-415.188182	54.084098	35.371122	4.811818	24.384379	45.480391	8.856756	0	0	0	0	0
eoi	1	64.000000	62	1	25	8.000000	35.000000	0.777801	1.704038	1764.212960	-420.000000	0.000000	48.000000	1811.407068	1046.756966	0.000000	0.000000	0	401.168396	46.615181	89.772949	-34.781212	-462.354035	81.202693	-11.798190	-380.168792	45.127274	0.000000	-420.000000	0	85.767609	0.470534	18.187284	85.487821	-23.289701	-421.261414	40.360547	23.289701	1.261414	11.798190	39.831208	15.354035	0	0	0	0	0
eoi	1	64.000000	62	1	25	8.000000	35.000000	0.777801	1.704038	1811.559767	-420.000000	0.000000	49.000000	1858.288504	1046.756966	0.000000	0.000000	0	414.687208	31.016576	74.962459	-25.101405	-463.991707	70.249908	-2.718264	-383.344225	45.127274	0.000000	-420.000000	0	83.828572	1.939036	15.598606	72.606184	-13.909834	-423.667966	27.478910	13.909834	3.667966	2.718264	36.655775	16.991707	0	0	0	0	0
eoi	1	64.000000	62	1	25	8.000000	35.000000	0.777801	1.704038	1858.391159	-420.000000	0.000000	50.000000	1904.983449	1046.756966	0.000000	0.000000	0	424.688531	17.370734	61.098134	-18.445883	-461.834385	59.487235	3.256479	-385.668474	45.127274	0.000000	-420.000000	0	79.213847	4.614726	13.645841	60.292685	-7.594702	-423.751430	15.165411	7.594702	3.751430	3.256479	34.331526	14.834385	0	0	0	0	0
eoi	1	64.000000	62	1	25	8.000000	35.000000	0.777801	1.704038	1905.082683	-420.000000	0.000000	51.000000	1951.995771	1046.756966	0.000000	0.000000	0	430.810902	5.967503	47.872768	-14.737578	-454.764835	50.421575	6.142110	-387.216066	45.127274	0.000000	-420.000000	0	70.748102	8.465744	11.403231	49.147172	-4.297734	-420.990451	4.019898	4.297734	0.990451	6.142110	32.783934	7.764835	0	0	0	0	0
eoi	1	64.000000	62	1	25	8.000000	35.000000	0.777801	1.704038	1952.094149	-420.000000	0.000000	52.000000	1999.386634	1046.756966	0.000000	0.000000	0	434.274001	4.185171	45.883120	-13.318081	-454.962581	46.027869	7.886253	-391.186734	45.127274	0.000000	-420.000000	0	67.208656	3.539447	1.782332	45.955494	-2.715914	-423.074658	0.828221	2.715914	3.074658	7.886253	28.813266	7.962581	0	1	0	0	0
eoi	1	64.000000	62	1	25	8.000000	35.000000	0.777801	1.704038	1999.491000	-420.000000	0.000000	53.000000	2046.158571	1046.756966	0.000000	0.000000	0	434.527549	7.132335	46.162407	-13.573460	-452.666562	46.728691	6.351933	-399.349218	45.127274	0.000000	-420.000000	0	56.921711	10.286945	2.947164	46.445549	-3.610763	-426.007890	1.318276	3.610763	6.007890	6.351933	20.650782	5.666562	0	1	0	0	0
eoi	1	64.000000	62	1	25	8.000000	35.000000	0.777801	1.704038	2046.257377	-420.000000	0.000000	54.000000	2093.153356	1046.756966	2080.868927	0.000000	0	433.283359	10.884662	45.924887	-15.593388	-451.854725	46.500213	2.416185	-405.336945	45.127274	0.000000	-420.000000	0	49.885665	7.036045	3.752327	46.212550	-6.588602	-428.595835	1.085277	6.588602	8.595835	2.416185	14.663055	4.854725	0	1	0	1	0
eoi	1	64.000000	62	1	25	8.000000	35.000000	0.777801	1.704038	2093.256866	-420.000000	0.000000	55.000000	2140.261061	1046.756966	2080.868927	0.000000	0	432.191861	14.732574	46.402678	-16.538482	-451.323672	48.001247	-1.358743	-411.712535	45.127274	0.000000	-420.000000	0	42.450230	7.435435	3.847911	47.201963	-8.948613	-431.518104	2.074689	8.948613	11.518104	1.358743	8.287465	4.323672	0	1	0	1	0
eoi	1	64.000000	62	1	25	8.000000	35.000000	0.777801	1.704038	2140.359867	-420.000000	0.000000	56.000000	2186.884148	1046.756966	2080.868927	0.000000	0	430.898915	18.686909	47.516303	-17.362584	-450.852483	52.190359	-4.185858	-418.184122	45.127274	0.000000	-420.000000	0	35.534416	6.915814	3.954335	49.853331	-10.774221	-434.518303	4.726058	10.774221	14.518303	4.185858	1.815878	3.852483	1	1	0	1	0
eoi	1	64.000000	62	1	25	8.000000	35.000000	0.777801	1.704038	2186.988514	-420.000000	0.000000	57.000000	2234.125733	1046.756966	2080.868927	0.000000	0	430.927924	18.893784	48.271758	-17.757133	-450.497999	52.397136	-3.460057	-418.985429	45.127274	0.000000	-420.000000	0	34.849207	0.685209	0.206875	50.334447	-10.608595	-434.741714	5.207173	10.608595	14.741714	3.460057	1.014571	3.497999	1	1	0	1	0
eoi	1	64.000000	62	1	25	8.000000	35.000000	0.777801	1.704038	2234.230100	-420.000000	0.000000	58.000000	2281.067907	1046.756966	2080.868927	0.000000	0	431.689232	18.456939	48.111478	-17.235371	-450.446098	52.265727	-2.312480	-419.185770	45.127274	0.000000	-420.000000	0	34.887800	0.038593	0.436845	50.188603	-9.773926	-434.815934	5.061329	9.773926	14.815934	2.312480	0.814230	3.446098	1	1	0	1	0
eoi	1	64.000000	62	1	25	8.000000	35.000000	0.777801	1.704038	2281.167996	-420.000000	0.000000	59.000000	2328.002382	1046.756966	2080.868927	0.000000	0	432.097810	18.551337	48.272145	-16.748989	-450.346011	52.184154	-2.092732	-419.944619	45.127274	0.000000	-420.000000	0	33.975790	0.912010	0.094398	50.228149	-9.420860	-435.145315	5.100876	9.420860	15.145315	2.092732	0.055381	3.346011	1	1	0	1	0
eoi	1	64.000000	62	1	25	8.000000	35.000000	0.777801	1.704038	2328.106320	-420.000000	0.000000	60.000000	2375.096400	1046.756966	2080.868927	0.000000	0	431.994035	18.855001	48.185492	-16.757820	-450.308159	51.912196	-2.762901	-420.418022	45.127274	0.000000	-420.000000	0	33.213949	0.761841	0.303664	50.048844	-9.760360	-435.363091	4.921571	9.760360	15.363091	2.762901	0.418022	3.308159	1	1	0	1	0
eoi	1	64.000000	62	1	25	8.000000	35.000000	0.777801	1.704038	2375.199911	-420.000000	0.000000	61.000000	2422.244740	1046.756966	2080.868927	0.000000	0	431.313595	19.360038	48.333201	-17.146988	-450.230798	52.058588	-3.975504	-420.596478	45.127274	0.000000	-420.000000	0	32.642908	0.571041	0.505037	50.195895	-10.561246	-435.413638	5.068621	10.561246	15.413638	3.975504	0.596478	3.230798	1	1	0	1	0
eoi	1	64.000000	62	1	25	8.000000	35.000000	0.777801	1.704038	2422.344401	-420.000000	0.000000	62.000000	2469.515411	1046.756966	2080.868927	0.000000	0	430.967968	19.571859	48.443880	-17.385669	-450.155759	51.946437	-4.574432	-420.621679	45.127274	0.000000	-420.000000	0	32.382983	0.259925	0.211821	50.195159	-10.980051	-435.388719	5.067885	10.980051	15.388719	4.574432	0.621679	3.155759	1	1	0	1	0
eoi	1	64.000000	62	1	25	8.000000	35.000000	0.777801	1.704038	2469.614644	-420.000000	0.000000	63.000000	2516.364767	1046.756966	2080.868927	0.000000	0	430.863797	19.657782	48.362077	-17.368570	-450.119367	51.970129	-4.893563	-420.679202	45.127274	0.000000	-420.000000	0	32.177122	0.205861	0.085924	50.166103	-11.131066	-435.399285	5.038829	11.131066	15.399285	4.893563	0.679202	3.119367	1	1	0	1	0
eoi	1	64.000000	62	1	25	8.000000	35.000000	0.777801	1.704038	2516.464428	-420.000000	0.000000	64.000000	2563.658536	1046.756966	2080.868927	0.000000	0	430.779632	19.694137	48.467013	-17.400195	-450.037913	51.873397	-5.045008	-420.717971	45.127274	0.000000	-420.000000	0	31.998642	0.178480	0.036355	50.170205	-11.222602	-435.377942	5.042931	11.222602	15.377942	5.045008	0.717971	3.037913	1	1	0	1	0
eoi	1	64.000000	62	1	25	8.000000	35.000000	0.777801	1.704038	2563.758197	-420.000000	0.000000	65.000000	2610.479234	1046.756966	2080.868927	0.000000	0	430.594146	19.849652	48.473275	-17.534975	-450.036444	51.816809	-5.421393	-420.758489	45.127274	0.000000	-420.000000	0	31.860898	0.137744	0.155515	50.145042	-11.478184	-435.397467	5.017768	11.478184	15.397467	5.421393	0.758489	3.036444	1	1	0	1	0
eoi	1	64.000000	62	1	25	8.000000	35.000000	0.777801	1.704038	2610.582745	-420.000000	0.000000	66.000000	2657.703710	1046.756966	2080.868927	0.000000	0	430.443403	20.006567	48.597418	-17.672489	-450.025256	52.000473	-5.555401	-420.870234	45.127274	0.000000	-420.000000	0	31.755628	0.105269	0.156915	50.298945	-11.613945	-435.447745	5.171672	11.613945	15.447745	5.555401	0.870234	3.025256	1	1	0	1	0
eoi	1	64.000000	62	1	25	8.000000	35.000000	0.777801	1.704038	2657.802944	-420.000000	0.000000	67.000000	2704.852478	1046.756966	2080.868927	0.000000	0	430.408394	20.132478	48.439637	-17.722417	-450.089590	52.043021	-5.750499	-420.985716	45.127274	0.000000	-420.000000	0	31.675648	0.079980	0.125911	50.241329	-11.736458	-435.537653	5.114055	11.736458	15.537653	5.750499	0.985716	3.089590	1	1	0	1	0
eoi	1	64.000000	62	1	25	8.000000	35.000000	0.777801	1.704038	2704.951711	-420.000000	0.000000	68.000000	2751.851540	1046.756966	2080.868927	0.000000	0	430.288326	20.271407	48.487318	-17.879837	-450.126818	52.080426	-5.902359	-421.046326	45.127274	0.000000	-420.000000	0	31.655101	0.020547	0.138930	50.283872	-11.891098	-435.586572	5.156598	11.891098	15.586572	5.902359	1.046326	3.126818	1	1	0	1	0
eoi	1	64.000000	62	1	25	8.000000	35.000000	0.777801	1.704038	2751.955051	-420.000000	0.000000	69.000000	2798.907918	1046.756966	2080.868927	0.000000	0	430.091712	20.330779	48.512114	-17.967399	-450.069944	51.991881	-6.252284	-420.941636	45.127274	0.000000	-420.000000	0	31.588147	0.066954	0.059372	50.251997	-12.109841	-435.505790	5.124724	12.109841	15.505790	6.252284	0.941636	3.069944	1	1	0	1	0
eoi	1	64.000000	62	1	25	8.000000	35.000000	0.777801	1.704038	2799.223155	-420.000000	0.000000	70.000000	2845.836832	1046.756966	2080.868927	0.000000	0	429.848914	20.547117	48.555983	-18.301304	-450.067494	52.039835	-6.515229	-421.011983	45.127274	0.000000	-420.000000	0	31.547924	0.040223	0.216338	50.297909	-12.408267	-435.539739	5.170635	12.408267	15.539739	6.515229	1.011983	3.067494	1	1	0	1	0
eoi	1	64.000000	62	1	25	8.000000	35.000000	0.777801	1.704038	2845.940770	-420.000000	0.000000	71.000000	2892.791410	1046.756966	2080.868927	0.000000	0	429.549626	20.829958	48.553725	-18.556056	-450.062244	52.216950	-6.979573	-421.128961	45.127274	0.000000	-420.000000	0	31.377843	0.170081	0.282841	50.385337	-12.767815	-435.595603	5.258064	12.767815	15.595603	6.979573	1.128961	3.062244	1	1	0	1	0
eoi	1	64.000000	62	1	25	8.000000	35.000000	0.777801	1.704038	2892.890216	-420.000000	0.000000	72.000000	2939.902110	1046.756966	2080.868927	0.000000	0	429.637584	20.808608	48.386801	-18.556595	-450.112064	52.073467	-6.955946	-421.144073	45.127274	0.000000	-420.000000	0	31.421506	0.043663	0.021350	50.230134	-12.756271	-435.628069	5.102860	12.756271	15.628069	6.955946	1.144073	3.112064	1	1	0	1	0
eoi	1	64.000000	62	1	25	8.000000	35.000000	0.777801	1.704038	2940.000915	-420.000000	0.000000	73.000000	2987.073547	1046.756966	2080.868927	0.000000	0	429.624609	20.798678	48.338373	-18.568272	-450.045623	52.087858	-6.973266	-421.171466	45.127274	0.000000	-420.000000	0	31.340385	0.081121	0.009930	50.213116	-12.770769	-435.608545	5.085842	12.770769	15.608545	6.973266	1.171466	3.045623	1	1	0	1	0
eoi	1	64.000000	62	1	25	8.000000	35.000000	0.777801	1.704038	2987.172781	-420.000000	0.000000	74.000000	3034.137196	1046.756966	2080.868927	0.000000	0	429.649927	20.779882	48.156664	-18.526372	-450.100685	51.986889	-7.088685	-421.096918	45.127274	0.000000	-420.000000	0	31.411937	0.071552	0.018796	50.071777	-12.807528	-435.598801	4.944503	12.807528	15.598801	7.088685	1.096918	3.100685	1	1	0	1	0
eoi	1	64.000000	62	1	25	8.000000	35.000000	0.777801	1.704038	3034.236430	-420.000000	0.000000	75.000000	3081.240625	1046.756966	2080.868927	0.000000	0	429.537406	20.831017	48.268180	-18.616337	-450.051796	52.027281	-7.171584	-421.091232	45.127274	0.000000	-420.000000	0	31.366024	0.045913	0.051135	50.147730	-12.893961	-435.571514	5.020457	12.893961	15.571514	7.171584	1.091232	3.051796	1	1	0	1	0
eoi	1	64.000000	62	1	25	8.000000	35.000000	0.777801	1.704038	3081.340714	-420.000000	0.000000	76.000000	3128.138742	1046.756966	2080.868927	0.000000	0	429.535450	20.849745	48.351868	-18.646566	-450.000869	52.068915	-7.103180	-421.183193	45.127274	0.000000	-420.000000	0	31.265390	0.100634	0.018728	50.210392	-12.874873	-435.592031	5.083118	12.874873	15.592031	7.103180	1.183193	3.000869	1	1	0	1	0
eoi	1	64.000000	62	1	25	8.000000	35.000000	0.777801	1.704038	3128.238403	-420.000000	0.000000	77.000000	3175.118984	1046.756966	2080.868927	0.000000	0	429.497966	20.890252	48.300578	-18.569673	-449.981006	52.139121	-7.276398	-421.225624	45.127274	0.000000	-420.000000	0	31.131085	0.134306	0.040506	50.219850	-12.923035	-435.603315	5.092576	12.923035	15.603315	7.276398	1.225624	2.981006	1	1	0	1	0
eoi	1	64.000000	62	1	25	8.000000	35.000000	0.777801	1.704038	3175.218218	-420.000000	0.000000	78.000000	3222.597960	1046.756966	2080.868927	0.000000	0	429.449915	20.953154	48.312525	-18.614755	-449.986449	52.246779	-7.319774	-421.276162	45.127274	0.000000	-420.000000	0	31.102018	0.029066	0.062903	50.279652	-12.967265	-435.631306	5.152378	12.967265	15.631306	7.319774	1.276162	2.986449	1	1	0	1	0
eoi	1	64.000000	62	1	25	8.000000	35.000000	0.777801	1.704038	3222.697194	-420.000000	0.000000	79.000000	3269.638940	1046.756966	2080.868927	0.000000	0	429.473548	20.911099	48.227254	-18.577948	-449.969986	52.132290	-7.369800	-421.234173	45.127274	0.000000	-420.000000	0	31.090494	0.011524	0.042056	50.179772	-12.973874	-435.602080	5.052499	12.973874	15.602080	7.369800	1.234173	2.969986	1	1	0	1	0
eoi	1	64.000000	62	1	25	8.000000	35.000000	0.777801	1.704038	3269.743306	-420.000000	0.000000	80.000000	3304.980626	1046.756966	2080.868927	3304.975921	0	429.358190	21.019545	  48.352707  -18.617924 -449.921837	  52.376221   -7.459534 -421.343776	45.127274	0.000000	-420.000000	0	30.941945	0.148549	0.108446	0
