subjName	sessionNR	IOD	trialN	textureType	texnum	visualAngle	simulatedDepth	light_intensity	ambient_intensity	time	displayDistance	isRotated	frameN	timTote	startTime	touchTime	endTime	fingersOccluded	distanceToHome	distanceToObject	indexXraw	indexYraw	indexZraw	thumbXraw	thumbYraw	thumbZraw	targetX	targetY	targetZ	failCause	gripAperture	gripApertureVel	distFromObjVel	gripOriginX	gripOriginY	gripOriginZ	distFromObjX	distFromObjY	distFromObjZ	y_dist_thm	z_dist_thm	z_dist_ind	handOnObj	handnearObj	handfarObj	handTouchObj	framesOccluded
eoi	2	64.000000	40	2	42	8.000000	25.000000	0.457157	2.489009	913.791282	-420.000000	0.000000	30.000000	960.620535	0.000000	0.000000	0.000000	0	5.173565	434.367835	225.085579	-352.911551	-248.547124	229.738052	-354.813025	-243.316351	45.320801	0.000000	-420.000000	0	7.254109	0.478149	0.160745	227.411815	-353.862288	-245.931737	182.091015	353.862288	174.068263	354.813025	176.683649	188.452876	0	0	1	0	0
eoi	2	64.000000	40	2	42	8.000000	25.000000	0.457157	2.489009	960.820713	-420.000000	0.000000	31.000000	1007.737650	0.000000	0.000000	0.000000	0	5.079563	434.404815	225.364812	-352.864061	-248.548843	229.700222	-354.876296	-243.414774	45.320801	0.000000	-420.000000	0	7.014523	0.239586	0.036980	227.532517	-353.870178	-245.981809	182.211716	353.870178	174.018191	354.876296	176.585226	188.451157	0	0	1	0	0
eoi	2	64.000000	40	2	42	8.000000	25.000000	0.457157	2.489009	1007.845866	-420.000000	0.000000	32.000000	1054.802155	0.000000	0.000000	0.000000	0	5.061548	434.446121	225.327981	-352.884734	-248.574474	229.814641	-354.919205	-243.393460	45.320801	0.000000	-420.000000	0	7.149273	0.134750	0.041306	227.571311	-353.901970	-245.983967	182.250510	353.901970	174.016033	354.919205	176.606540	188.425526	0	0	1	0	0
eoi	2	64.000000	40	2	42	8.000000	25.000000	0.457157	2.489009	1054.907377	-420.000000	0.000000	33.000000	1102.388064	0.000000	0.000000	0.000000	0	5.065074	434.447302	225.272187	-352.862912	-248.565421	229.886961	-354.928539	-243.388527	45.320801	0.000000	-420.000000	0	7.236241	0.086968	0.001181	227.579574	-353.895725	-245.976974	182.258773	353.895725	174.023026	354.928539	176.611473	188.434579	0	0	1	0	0
eoi	2	64.000000	40	2	42	8.000000	25.000000	0.457157	2.489009	1102.491147	-420.000000	0.000000	34.000000	1148.940575	0.000000	0.000000	0.000000	0	5.049196	434.499134	225.314894	-352.917982	-248.574999	229.949946	-354.941060	-243.368307	45.320801	0.000000	-420.000000	0	7.258526	0.022285	0.051832	227.632420	-353.929521	-245.971653	182.311619	353.929521	174.028347	354.941060	176.631693	188.425001	0	0	1	0	0
eoi	2	64.000000	40	2	42	8.000000	25.000000	0.457157	2.489009	1149.043230	-420.000000	0.000000	35.000000	1196.054269	0.000000	0.000000	0.000000	0	5.124410	434.467715	225.157407	-352.890757	-248.567907	229.899221	-354.960313	-243.298019	45.320801	0.000000	-420.000000	0	7.385092	0.126566	0.031419	227.528314	-353.925535	-245.932963	182.207513	353.925535	174.067037	354.960313	176.701981	188.432093	0	0	1	0	0
eoi	2	64.000000	40	2	42	8.000000	25.000000	0.457157	2.489009	1196.156496	-420.000000	0.000000	36.000000	1242.958375	0.000000	0.000000	0.000000	0	5.042561	434.636151	225.287954	-352.894846	-248.569424	230.384748	-355.021714	-243.234112	45.320801	0.000000	-420.000000	0	7.678960	0.293869	0.168436	227.836351	-353.958280	-245.901768	182.515550	353.958280	174.098232	355.021714	176.765888	188.430576	0	0	1	0	0
eoi	2	64.000000	40	2	42	8.000000	25.000000	0.457157	2.489009	1243.066163	-420.000000	0.000000	37.000000	1290.395433	0.000000	0.000000	0.000000	0	4.906544	434.584392	225.446056	-352.940665	-248.664278	230.258089	-354.969071	-243.416881	45.320801	0.000000	-420.000000	0	7.403058	0.275903	0.051759	227.852073	-353.954868	-246.040580	182.531272	353.954868	173.959420	354.969071	176.583119	188.335722	0	0	1	0	0
eoi	2	64.000000	40	2	42	8.000000	25.000000	0.457157	2.489009	1290.500227	-420.000000	0.000000	38.000000	1337.325202	0.000000	0.000000	0.000000	0	4.931108	434.237856	225.044282	-352.883222	-248.789270	229.700634	-354.843103	-243.644494	45.320801	0.000000	-420.000000	0	7.210511	0.192547	0.346536	227.372458	-353.863163	-246.216882	182.051657	353.863163	173.783118	354.843103	176.355506	188.210730	0	0	1	0	0
eoi	2	64.000000	40	2	42	8.000000	25.000000	0.457157	2.489009	1337.589968	-420.000000	0.000000	39.000000	1384.613838	0.000000	0.000000	0.000000	0	5.081847	433.822104	224.544937	-352.859228	-248.947781	228.926616	-354.687370	-243.865366	45.320801	0.000000	-420.000000	0	6.955010	0.255501	0.415752	226.735777	-353.773299	-246.406574	181.414976	353.773299	173.593426	354.687370	176.134634	188.052219	0	0	1	0	0
eoi	2	64.000000	40	2	42	8.000000	25.000000	0.457157	2.489009	1384.720771	-420.000000	0.000000	40.000000	1431.249329	0.000000	0.000000	0.000000	0	4.993138	433.606750	224.168841	-352.644545	-249.159255	229.377879	-354.437621	-243.862448	45.320801	0.000000	-420.000000	0	7.642340	0.687330	0.215355	226.773360	-353.541083	-246.510852	181.452559	353.541083	173.489148	354.437621	176.137552	187.840745	0	0	1	0	0
eoi	2	64.000000	40	2	42	8.000000	25.000000	0.457157	2.489009	1431.416144	-420.000000	0.000000	41.000000	1479.242010	0.000000	0.000000	0.000000	0	4.592877	431.460297	224.444905	-350.716820	-250.528534	229.685170	-352.081872	-245.113978	45.320801	0.000000	-420.000000	0	7.657752	0.015412	2.146453	227.065038	-351.399346	-247.821256	181.744237	351.399346	172.178744	352.081872	174.886022	186.471466	0	0	1	0	0
eoi	2	64.000000	40	2	42	8.000000	25.000000	0.457157	2.489009	1479.398987	-420.000000	0.000000	42.000000	1526.189744	1514.506277	0.000000	0.000000	0	13.593774	422.675693	228.985835	-339.937629	-255.897177	233.234141	-341.435071	-249.021161	45.320801	0.000000	-420.000000	0	8.220100	0.562348	8.784604	231.109988	-340.686350	-252.459169	185.789187	340.686350	167.540831	341.435071	170.978839	181.102823	0	0	1	0	0
eoi	2	64.000000	40	2	42	8.000000	25.000000	0.457157	2.489009	1526.318919	-420.000000	0.000000	43.000000	1573.186667	1514.506277	0.000000	0.000000	0	32.242725	408.123583	233.934133	-323.320986	-265.208205	236.618287	-323.856315	-253.717431	45.320801	0.000000	-420.000000	0	11.812245	3.592145	14.552110	235.276210	-323.588651	-259.462818	189.955409	323.588651	160.537182	323.856315	166.282569	171.791795	0	0	1	0	0
eoi	2	64.000000	40	2	42	8.000000	25.000000	0.457157	2.489009	1573.296594	-420.000000	0.000000	44.000000	1620.110876	1514.506277	0.000000	0.000000	0	54.539759	388.997738	236.550453	-304.507907	-276.683094	236.671260	-301.887637	-261.333692	45.320801	0.000000	-420.000000	0	15.571916	3.759671	19.125845	236.610857	-303.197772	-269.008393	191.290056	303.197772	150.991607	301.887637	158.666308	160.316906	0	0	1	0	0
eoi	2	64.000000	40	2	42	8.000000	25.000000	0.457157	2.489009	1620.214815	-420.000000	0.000000	45.000000	1667.517994	1514.506277	0.000000	0.000000	0	81.420320	364.001799	235.500609	-281.732320	-291.391498	232.358163	-276.126721	-272.040726	45.320801	0.000000	-420.000000	0	20.389951	4.818035	24.995939	233.929386	-278.929521	-281.716112	188.608585	278.929521	138.283888	276.126721	147.959274	145.608502	0	0	1	0	0
eoi	2	64.000000	40	2	42	8.000000	25.000000	0.457157	2.489009	1667.629204	-420.000000	0.000000	46.000000	1714.515345	1514.506277	0.000000	0.000000	0	113.579509	333.518883	231.254278	-254.282556	-310.539570	225.055232	-246.952603	-284.532530	45.320801	0.000000	-420.000000	0	27.722239	7.332289	30.482916	228.154755	-250.617580	-297.536050	182.833954	250.617580	122.463950	246.952603	135.467470	126.460430	0	0	1	0	0
eoi	2	64.000000	40	2	42	8.000000	25.000000	0.457157	2.489009	1714.619711	-420.000000	0.000000	47.000000	1761.661546	1514.506277	0.000000	0.000000	0	149.148789	299.132053	223.558645	-224.781068	-331.950504	213.967421	-215.544397	-298.993057	45.320801	0.000000	-420.000000	0	35.545758	7.823519	34.386829	218.763033	-220.162733	-315.471780	173.442232	220.162733	104.528220	215.544397	121.006943	105.049496	0	0	1	0	0
eoi	2	64.000000	40	2	42	8.000000	25.000000	0.457157	2.489009	1761.770617	-420.000000	0.000000	48.000000	1808.662319	1514.506277	0.000000	0.000000	0	186.917157	263.404035	214.260898	-193.949390	-354.834960	202.477213	-183.340064	-315.340198	45.320801	0.000000	-420.000000	0	42.558773	7.013015	35.728019	208.369055	-188.644727	-335.087579	163.048254	188.644727	84.912421	183.340064	104.659802	82.165040	0	0	1	0	0
eoi	2	64.000000	40	2	42	8.000000	25.000000	0.457157	2.489009	1808.873618	-420.000000	0.000000	49.000000	1855.481306	1514.506277	0.000000	0.000000	0	225.098108	227.853542	203.831615	-163.423147	-378.015372	189.717564	-151.399276	-332.359064	45.320801	0.000000	-420.000000	0	49.277564	6.718791	35.550493	196.774589	-157.411212	-355.187218	151.453789	157.411212	64.812782	151.399276	87.640936	58.984628	0	0	0	0	0
eoi	2	64.000000	40	2	42	8.000000	25.000000	0.457157	2.489009	1855.589950	-420.000000	0.000000	50.000000	1902.803733	1514.506277	0.000000	0.000000	0	261.839272	193.821995	191.571057	-133.917324	-399.726062	175.912749	-121.203177	-347.862974	45.320801	0.000000	-420.000000	0	55.647211	6.369647	34.031547	183.741903	-127.560251	-373.794518	138.421102	127.560251	46.205482	121.203177	72.137026	37.273938	0	0	0	0	0
eoi	2	64.000000	40	2	42	8.000000	25.000000	0.457157	2.489009	1902.908099	-420.000000	0.000000	51.000000	1949.395595	1514.506277	0.000000	0.000000	0	296.543428	162.105131	177.759179	-105.966047	-418.916555	161.946741	-93.120718	-362.400227	45.320801	0.000000	-420.000000	0	60.076044	4.428833	31.716864	169.852960	-99.543382	-390.658391	124.532159	99.543382	29.341609	93.120718	57.599773	18.083445	0	0	0	0	0
eoi	2	64.000000	40	2	42	8.000000	25.000000	0.457157	2.489009	1949.498678	-420.000000	0.000000	52.000000	1996.078136	1514.506277	0.000000	0.000000	0	328.096558	134.366815	164.059072	-81.326675	-436.986916	147.987108	-68.664347	-376.546694	45.320801	0.000000	-420.000000	0	63.809584	3.733540	27.738317	156.023090	-74.995511	-406.766805	110.702289	74.995511	13.233195	68.664347	43.453306	0.013084	0	0	0	0	0
eoi	2	64.000000	40	2	42	8.000000	25.000000	0.457157	2.489009	1996.182930	-420.000000	0.000000	53.000000	2043.554546	1514.506277	0.000000	0.000000	0	355.236758	111.323355	150.224045	-61.310386	-452.890513	134.151629	-48.389467	-389.256368	45.320801	0.000000	-420.000000	0	66.892279	3.082695	23.043459	142.187837	-54.849927	-421.073441	96.867036	54.849927	1.073441	48.389467	30.743632	15.890513	0	0	0	0	0
eoi	2	64.000000	40	2	42	8.000000	25.000000	0.457157	2.489009	2043.662762	-420.000000	0.000000	54.000000	2090.745659	1514.506277	0.000000	0.000000	0	377.924465	90.540802	134.029493	-44.986576	-464.704875	118.765939	-32.272588	-398.266925	45.320801	0.000000	-420.000000	0	69.344233	2.451954	20.782554	126.397716	-38.629582	-431.485900	81.076916	38.629582	11.485900	32.272588	21.733075	27.704875	0	0	0	0	0
eoi	2	64.000000	40	2	42	8.000000	25.000000	0.457157	2.489009	2090.849170	-420.000000	0.000000	55.000000	2137.467551	1514.506277	0.000000	0.000000	0	396.125933	71.454217	115.648439	-32.115669	-471.026030	103.769555	-19.436622	-403.351617	45.320801	0.000000	-420.000000	0	69.869108	0.524875	19.086584	109.708997	-25.776146	-437.188823	64.388196	25.776146	17.188823	19.436622	16.648383	34.026030	0	1	0	0	0
eoi	2	64.000000	40	2	42	8.000000	25.000000	0.457157	2.489009	2137.571490	-420.000000	0.000000	56.000000	2184.488855	1514.506277	2172.666803	0.000000	0	409.355500	53.701970	96.684621	-23.536183	-472.699854	88.315252	-11.174935	-405.079258	45.320801	0.000000	-420.000000	0	69.248767	0.620341	17.752247	92.499937	-17.355559	-438.889556	47.179136	17.355559	18.889556	11.174935	14.920742	35.699854	0	1	0	1	0
eoi	2	64.000000	40	2	42	8.000000	25.000000	0.457157	2.489009	2184.592366	-420.000000	0.000000	57.000000	2230.947265	1514.506277	2172.666803	0.000000	0	418.286848	38.503452	79.562408	-18.048739	-469.793160	74.991368	-6.466699	-405.481344	45.320801	0.000000	-420.000000	0	65.506090	3.742677	15.198518	77.276888	-12.257719	-437.637252	31.956088	12.257719	17.637252	6.466699	14.518656	32.793160	0	1	0	1	0
eoi	2	64.000000	40	2	42	8.000000	25.000000	0.457157	2.489009	2231.049921	-420.000000	0.000000	58.000000	2278.188423	1514.506277	2172.666803	0.000000	0	423.462599	25.508132	65.030399	-14.606280	-461.379262	65.010385	-3.870262	-405.247436	45.320801	0.000000	-420.000000	0	57.149316	8.356773	12.995320	65.020392	-9.238271	-433.313349	19.699591	9.238271	13.313349	3.870262	14.752564	24.379262	0	1	0	1	0
eoi	2	64.000000	40	2	42	8.000000	25.000000	0.457157	2.489009	2278.347111	-420.000000	0.000000	59.000000	2325.269609	1514.506277	2172.666803	0.000000	0	425.129318	15.903423	53.819018	-14.064127	-449.546904	57.322931	-4.115776	-406.605564	45.320801	0.000000	-420.000000	0	44.217709	12.931608	9.604710	55.570975	-9.089952	-428.076234	10.250174	9.089952	8.076234	4.115776	13.394436	12.546904	0	1	0	1	0
eoi	2	64.000000	40	2	42	8.000000	25.000000	0.457157	2.489009	2325.382103	-420.000000	0.000000	60.000000	2372.758423	1514.506277	2172.666803	0.000000	0	426.063219	12.097838	47.586206	-14.547440	-443.201989	50.980413	-5.315493	-408.115641	45.320801	0.000000	-420.000000	0	36.439008	7.778701	3.805585	49.283309	-9.931466	-425.658815	3.962508	9.931466	5.658815	5.315493	11.884359	6.201989	0	1	0	1	0
eoi	2	64.000000	40	2	42	8.000000	25.000000	0.457157	2.489009	2372.867067	-420.000000	0.000000	61.000000	2419.449091	1514.506277	2172.666803	0.000000	0	427.030786	13.732208	47.398729	-14.570037	-442.915511	49.462373	-6.461577	-413.615768	45.320801	0.000000	-420.000000	0	30.470981	5.968027	1.634370	48.430551	-10.515807	-428.265640	3.109750	10.515807	8.265640	6.461577	6.384232	5.915511	1	1	0	1	0
eoi	2	64.000000	40	2	42	8.000000	25.000000	0.457157	2.489009	2419.553030	-420.000000	0.000000	62.000000	2466.219745	1514.506277	2172.666803	0.000000	0	426.766495	16.513180	47.811828	-14.864136	-442.650510	50.973663	-8.564324	-419.156021	45.320801	0.000000	-420.000000	0	24.529082	5.941899	2.780972	49.392746	-11.714230	-430.903266	4.071945	11.714230	10.903266	8.564324	0.843979	5.650510	0	1	0	1	0
eoi	2	64.000000	40	2	42	8.000000	25.000000	0.457157	2.489009	2466.324111	-420.000000	0.000000	63.000000	2513.220090	1514.506277	2172.666803	0.000000	0	426.500129	17.925052	48.202398	-15.131743	-442.501952	51.463816	-9.752088	-421.676163	45.320801	0.000000	-420.000000	0	21.755254	2.773828	1.411872	49.833107	-12.441916	-432.089057	4.512306	12.441916	12.089057	9.752088	1.676163	5.501952	0	1	0	1	0
eoi	2	64.000000	40	2	42	8.000000	25.000000	0.457157	2.489009	2513.324029	-420.000000	0.000000	64.000000	2560.225996	1514.506277	2172.666803	0.000000	0	427.314182	16.596844	48.075965	-14.609956	-442.436145	51.372180	-7.703815	-420.506422	45.320801	0.000000	-420.000000	0	23.226549	1.471295	1.328207	49.724073	-11.156885	-431.471284	4.403272	11.156885	11.471284	7.703815	0.506422	5.436145	1	1	0	1	0
eoi	2	64.000000	40	2	42	8.000000	25.000000	0.457157	2.489009	2560.335067	-420.000000	0.000000	65.000000	2607.524897	1514.506277	2172.666803	0.000000	0	428.578144	14.142457	48.678514	-13.615079	-442.146652	51.115400	-3.939452	-418.055079	45.320801	0.000000	-420.000000	0	26.076045	2.849496	2.454388	49.896957	-8.777266	-430.100866	4.576156	8.777266	10.100866	3.939452	1.944921	5.146652	1	1	0	1	0
eoi	2	64.000000	40	2	42	8.000000	25.000000	0.457157	2.489009	2607.630547	-420.000000	0.000000	66.000000	2654.469210	1514.506277	2172.666803	0.000000	0	429.460746	13.159443	49.621865	-12.026335	-441.826628	53.131891	-1.293686	-417.371197	45.320801	0.000000	-420.000000	0	26.936558	0.860513	0.983014	51.376878	-6.660010	-429.598912	6.056077	6.660010	9.598912	1.293686	2.628803	4.826628	1	1	0	1	0
eoi	2	64.000000	40	2	42	8.000000	25.000000	0.457157	2.489009	2654.571437	-420.000000	0.000000	67.000000	2701.494791	1514.506277	2172.666803	0.000000	0	429.726765	13.934046	49.571395	-11.885951	-441.782267	53.844158	-1.337948	-419.160158	45.320801	0.000000	-420.000000	0	25.323442	1.613116	0.774603	51.707776	-6.611949	-430.471213	6.386976	6.611949	10.471213	1.337948	0.839842	4.782267	1	1	0	1	0
eoi	2	64.000000	40	2	42	8.000000	25.000000	0.457157	2.489009	2701.597874	-420.000000	0.000000	68.000000	2748.839032	1514.506277	2172.666803	0.000000	0	429.710626	14.425878	50.173314	-12.074527	-441.703874	53.914234	-1.270015	-420.057410	45.320801	0.000000	-420.000000	0	24.480632	0.842809	0.491832	52.043774	-6.672271	-430.880642	6.722974	6.672271	10.880642	1.270015	0.057410	4.703874	1	1	0	1	0
eoi	2	64.000000	40	2	42	8.000000	25.000000	0.457157	2.489009	2748.942970	-420.000000	0.000000	69.000000	2795.750409	1514.506277	2172.666803	0.000000	0	430.246856	14.126354	49.463932	-11.657962	-441.765660	53.583371	-1.012776	-420.229032	45.320801	0.000000	-420.000000	0	24.374497	0.106135	0.299524	51.523651	-6.335369	-430.997346	6.202850	6.335369	10.997346	1.012776	0.229032	4.765660	1	1	0	1	0
eoi	2	64.000000	40	2	42	8.000000	25.000000	0.457157	2.489009	2795.906103	-420.000000	0.000000	70.000000	2843.004826	1514.506277	2172.666803	0.000000	0	430.096748	14.440843	49.872415	-11.635864	-441.733046	53.960953	-1.154127	-420.550249	45.320801	0.000000	-420.000000	0	23.985284	0.389213	0.314489	51.916684	-6.394996	-431.141647	6.595883	6.394996	11.141647	1.154127	0.550249	4.733046	1	1	0	1	0
eoi	2	64.000000	40	2	42	8.000000	25.000000	0.457157	2.489009	2843.122452	-420.000000	0.000000	71.000000	2889.959832	1514.506277	2172.666803	0.000000	0	429.969339	14.624340	50.124905	-11.758187	-441.762895	54.112785	-1.209453	-420.652992	45.320801	0.000000	-420.000000	0	23.933387	0.051897	0.183497	52.118845	-6.483820	-431.207943	6.798044	6.483820	11.207943	1.209453	0.652992	4.762895	1	1	0	1	0
eoi	2	64.000000	40	2	42	8.000000	25.000000	0.457157	2.489009	2890.068048	-420.000000	0.000000	72.000000	2937.067965	1514.506277	2172.666803	0.000000	0	429.708819	14.755384	50.267612	-11.963032	-441.692767	54.165398	-1.510804	-420.648634	45.320801	0.000000	-420.000000	0	23.818004	0.115383	0.131044	52.216505	-6.736918	-431.170700	6.895704	6.736918	11.170700	1.510804	0.648634	4.692767	1	1	0	1	0
eoi	2	64.000000	40	2	42	8.000000	25.000000	0.457157	2.489009	2937.170621	-420.000000	0.000000	73.000000	2984.076437	1514.506277	2172.666803	0.000000	0	429.534000	14.993021	50.168827	-12.170551	-441.833951	54.395041	-1.797474	-420.754264	45.320801	0.000000	-420.000000	0	23.870795	0.052791	0.237637	52.281934	-6.984013	-431.294107	6.961133	6.984013	11.294107	1.797474	0.754264	4.833951	1	1	0	1	0
eoi	2	64.000000	40	2	42	8.000000	25.000000	0.457157	2.489009	2984.180804	-420.000000	0.000000	74.000000	3031.093464	1514.506277	2172.666803	0.000000	0	429.536794	15.049989	50.106649	-12.251237	-441.927756	54.321594	-1.856037	-420.808164	45.320801	0.000000	-420.000000	0	23.913659	0.042865	0.056969	52.214121	-7.053637	-431.367960	6.893321	7.053637	11.367960	1.856037	0.808164	4.927756	1	1	0	1	0
eoi	2	64.000000	40	2	42	8.000000	25.000000	0.457157	2.489009	3031.196975	-420.000000	0.000000	75.000000	3078.091243	1514.506277	2172.666803	0.000000	0	429.669986	15.016303	49.969027	-12.249306	-442.004533	54.217649	-1.723808	-420.869917	45.320801	0.000000	-420.000000	0	23.989766	0.076106	0.033686	52.093338	-6.986557	-431.437225	6.772537	6.986557	11.437225	1.723808	0.869917	5.004533	1	1	0	1	0
eoi	2	64.000000	40	2	42	8.000000	25.000000	0.457157	2.489009	3078.199459	-420.000000	0.000000	76.000000	3125.079611	1514.506277	2172.666803	0.000000	0	429.485593	15.165530	49.825376	-12.330917	-441.984214	54.532324	-2.036227	-420.937982	45.320801	0.000000	-420.000000	0	23.897278	0.092488	0.149227	52.178850	-7.183572	-431.461098	6.858049	7.183572	11.461098	2.036227	0.937982	4.984214	1	1	0	1	0
eoi	2	64.000000	40	2	42	8.000000	25.000000	0.457157	2.489009	3125.188683	-420.000000	0.000000	77.000000	3172.400327	1514.506277	2172.666803	0.000000	0	429.251144	15.273247	49.657803	-12.516834	-441.979889	54.608519	-2.453866	-420.896592	45.320801	0.000000	-420.000000	0	23.880502	0.016777	0.107717	52.133161	-7.485350	-431.438241	6.812360	7.485350	11.438241	2.453866	0.896592	4.979889	1	1	0	1	0
eoi	2	64.000000	40	2	42	8.000000	25.000000	0.457157	2.489009	3172.508115	-420.000000	0.000000	78.000000	3219.455849	1514.506277	2172.666803	0.000000	0	429.142103	15.301318	49.537948	-12.666562	-442.003583	54.530385	-2.654747	-420.832830	45.320801	0.000000	-420.000000	0	23.944971	0.064470	0.028072	52.034166	-7.660655	-431.418206	6.713365	7.660655	11.418206	2.654747	0.832830	5.003583	1	1	0	1	0
eoi	2	64.000000	40	2	42	8.000000	25.000000	0.457157	2.489009	3219.559360	-420.000000	0.000000	79.000000	3266.458761	1514.506277	2172.666803	0.000000	0	428.994502	15.424448	49.648757	-12.862803	-442.032538	54.565517	-2.767919	-420.839223	45.320801	0.000000	-420.000000	0	23.984116	0.039145	0.123129	52.107137	-7.815361	-431.435880	6.786336	7.815361	11.435880	2.767919	0.839223	5.032538	1	1	0	1	0
eoi	2	64.000000	40	2	42	8.000000	25.000000	0.457157	2.489009	3266.567832	-420.000000	0.000000	80.000000	3313.341908	1514.506277	2172.666803	0.000000	0	428.993824	15.445303	49.790574	-12.855868	-441.992503	54.554533	-2.718314	-420.896103	45.320801	0.000000	-420.000000	0	23.885631	0.098484	0.020855	52.172554	-7.787091	-431.444303	6.851753	7.787091	11.444303	2.718314	0.896103	4.992503	1	1	0	1	0
eoi	2	64.000000	40	2	42	8.000000	25.000000	0.457157	2.489009	3313.450552	-420.000000	0.000000	81.000000	3360.215645	1514.506277	2172.666803	0.000000	0	429.179855	15.326320	49.573794	-12.668396	-442.011909	54.513801	-2.597767	-420.916979	45.320801	0.000000	-420.000000	0	23.891783	0.006152	0.118982	52.043797	-7.633082	-431.464444	6.722996	7.633082	11.464444	2.597767	0.916979	5.011909	1	1	0	1	0
eoi	2	64.000000	40	2	42	8.000000	25.000000	0.457157	2.489009	3360.324716	-420.000000	0.000000	82.000000	3407.617201	1514.506277	2172.666803	0.000000	0	429.074772	15.392887	49.907652	-12.816232	-441.975360	54.444532	-2.550886	-420.907723	45.320801	0.000000	-420.000000	0	23.870608	0.021175	0.066567	52.176092	-7.683559	-431.441541	6.855291	7.683559	11.441541	2.550886	0.907723	4.975360	1	1	0	1	0
eoi	2	64.000000	40	2	42	8.000000	25.000000	0.457157	2.489009	3407.721140	-420.000000	0.000000	83.000000	3454.367324	1514.506277	2172.666803	0.000000	0	428.987532	15.466436	50.066866	-12.876219	-441.940280	54.543783	-2.569185	-420.932144	45.320801	0.000000	-420.000000	0	23.824766	0.045841	0.073549	52.305325	-7.722702	-431.436212	6.984524	7.722702	11.436212	2.569185	0.932144	4.940280	1	1	0	1	0
eoi	2	64.000000	40	2	42	8.000000	25.000000	0.457157	2.489009	3454.471263	-420.000000	0.000000	84.000000	3502.015254	1514.506277	2172.666803	0.000000	0	429.047349	15.502408	49.953685	-12.757772	-441.945789	54.776729	-2.541720	-421.048330	45.320801	0.000000	-420.000000	0	23.755700	0.069066	0.035972	52.365207	-7.649746	-431.497059	7.044406	7.649746	11.497059	2.541720	1.048330	4.945789	1	1	0	1	0
eoi	2	64.000000	40	2	42	8.000000	25.000000	0.457157	2.489009	3502.119192	-420.000000	0.000000	85.000000	3537.249152	1514.506277	2172.666803	3537.245302	0	429.350011	15.293377	  49.996837  -12.627082 -441.955146	  54.334622   -2.141470 -421.067172	45.320801	0.000000	-420.000000	0	23.771241	0.015541	0.209031	0
