subjName	sessionNR	IOD	trialN	textureType	texnum	visualAngle	simulatedDepth	light_intensity	ambient_intensity	time	displayDistance	isRotated	frameN	timTote	startTime	touchTime	endTime	fingersOccluded	distanceToHome	distanceToObject	indexXraw	indexYraw	indexZraw	thumbXraw	thumbYraw	thumbZraw	targetX	targetY	targetZ	failCause	gripAperture	gripApertureVel	distFromObjVel	gripOriginX	gripOriginY	gripOriginZ	distFromObjX	distFromObjY	distFromObjZ	y_dist_thm	z_dist_thm	z_dist_ind	handOnObj	handnearObj	handfarObj	handTouchObj	framesOccluded
eoi	6	64.000000	80	1	32	8.000000	55.000000	0.715992	1.744316	878.350119	-420.000000	0.000000	30.000000	924.894533	0.000000	0.000000	0.000000	0	8.624469	432.270282	224.277743	-355.328055	-254.375843	227.797540	-353.498083	-248.933670	44.629669	0.000000	-420.000000	0	6.734613	0.100910	0.080661	226.037642	-354.413069	-251.654757	181.407972	354.413069	168.345243	353.498083	171.066330	212.624157	0	0	1	0	0
eoi	6	64.000000	80	1	32	8.000000	55.000000	0.715992	1.744316	925.074179	-420.000000	0.000000	31.000000	972.157956	0.000000	0.000000	0.000000	0	8.708858	432.221877	224.317734	-355.346172	-254.389583	227.561521	-353.492057	-248.982781	44.629669	0.000000	-420.000000	0	6.572169	0.162444	0.048405	225.939627	-354.419115	-251.686182	181.309958	354.419115	168.313818	353.492057	171.017219	212.610417	0	0	1	0	0
eoi	6	64.000000	80	1	32	8.000000	55.000000	0.715992	1.744316	972.259755	-420.000000	0.000000	32.000000	1019.263120	0.000000	0.000000	0.000000	0	8.684430	432.239006	224.265837	-355.347187	-254.398960	227.686707	-353.492756	-248.967997	44.629669	0.000000	-420.000000	0	6.681065	0.108896	0.017129	225.976272	-354.419972	-251.683478	181.346603	354.419972	168.316522	353.492756	171.032003	212.601040	0	0	1	0	0
eoi	6	64.000000	80	1	32	8.000000	55.000000	0.715992	1.744316	1019.362353	-420.000000	0.000000	33.000000	1066.296854	0.000000	0.000000	0.000000	0	8.693595	432.227926	224.307784	-355.338489	-254.392428	227.623623	-353.488485	-248.981352	44.629669	0.000000	-420.000000	0	6.610374	0.070691	0.011080	225.965703	-354.413487	-251.686890	181.336034	354.413487	168.313110	353.488485	171.018648	212.607572	0	0	1	0	0
eoi	6	64.000000	80	1	32	8.000000	55.000000	0.715992	1.744316	1066.440570	-420.000000	0.000000	34.000000	1113.851131	0.000000	0.000000	0.000000	0	8.693089	432.242073	224.364347	-355.369350	-254.443848	227.651907	-353.478782	-248.993252	44.629669	0.000000	-420.000000	0	6.640128	0.029754	0.014147	226.008127	-354.424066	-251.718550	181.378458	354.424066	168.281450	353.478782	171.006748	212.556152	0	0	1	0	0
eoi	6	64.000000	80	1	32	8.000000	55.000000	0.715992	1.744316	1113.963624	-420.000000	0.000000	35.000000	1160.571341	0.000000	0.000000	0.000000	0	8.726123	432.193134	224.166142	-355.326649	-254.444804	227.717588	-353.461260	-248.974043	44.629669	0.000000	-420.000000	0	6.783927	0.143800	0.048939	225.941865	-354.393955	-251.709424	181.312196	354.393955	168.290576	353.461260	171.025957	212.555196	0	0	1	0	0
eoi	6	64.000000	80	1	32	8.000000	55.000000	0.715992	1.744316	1160.670574	-420.000000	0.000000	36.000000	1208.089689	0.000000	0.000000	0.000000	0	8.818965	432.100123	223.945430	-355.257717	-254.413137	227.607926	-353.461560	-248.983094	44.629669	0.000000	-420.000000	0	6.791571	0.007643	0.093011	225.776678	-354.359639	-251.698116	181.147009	354.359639	168.301884	353.461560	171.016906	212.586863	0	0	1	0	0
eoi	6	64.000000	80	1	32	8.000000	55.000000	0.715992	1.744316	1208.187211	-420.000000	0.000000	37.000000	1254.836418	0.000000	0.000000	0.000000	0	8.872895	432.100178	224.232172	-355.331389	-254.465496	227.333523	-353.451864	-249.078472	44.629669	0.000000	-420.000000	0	6.493922	0.297649	0.000055	225.782847	-354.391626	-251.771984	181.153178	354.391626	168.228016	353.451864	170.921528	212.534504	0	0	1	0	0
eoi	6	64.000000	80	1	32	8.000000	55.000000	0.715992	1.744316	1254.933512	-420.000000	0.000000	38.000000	1302.122083	0.000000	0.000000	0.000000	0	8.874403	432.090265	224.052131	-355.317738	-254.484360	227.514167	-353.442945	-249.063636	44.629669	0.000000	-420.000000	0	6.699611	0.205690	0.009913	225.783149	-354.380341	-251.773998	181.153480	354.380341	168.226002	353.442945	170.936364	212.515640	0	0	1	0	0
eoi	6	64.000000	80	1	32	8.000000	55.000000	0.715992	1.744316	1302.304722	-420.000000	0.000000	39.000000	1349.007395	0.000000	0.000000	0.000000	0	9.007552	431.995480	223.727151	-355.290278	-254.523200	227.504060	-353.445730	-249.099017	44.629669	0.000000	-420.000000	0	6.862154	0.162542	0.094786	225.615605	-354.368004	-251.811109	180.985936	354.368004	168.188891	353.445730	170.900983	212.476800	0	0	1	0	0
eoi	6	64.000000	80	1	32	8.000000	55.000000	0.715992	1.744316	1349.108339	-420.000000	0.000000	40.000000	1396.382027	0.000000	0.000000	0.000000	0	8.876843	432.064650	223.643715	-355.257599	-254.543987	227.955544	-353.438426	-249.034891	44.629669	0.000000	-420.000000	0	7.228513	0.366359	0.069170	225.799630	-354.348013	-251.789439	181.169960	354.348013	168.210561	353.438426	170.965109	212.456013	0	0	1	0	0
eoi	6	64.000000	80	1	32	8.000000	55.000000	0.715992	1.744316	1396.479977	-420.000000	0.000000	41.000000	1443.149287	0.000000	0.000000	0.000000	0	8.880452	432.095027	223.810783	-355.334726	-254.565137	227.839915	-353.432797	-249.063713	44.629669	0.000000	-420.000000	0	7.079329	0.149184	0.030378	225.825349	-354.383762	-251.814425	181.195680	354.383762	168.185575	353.432797	170.936287	212.434863	0	0	1	0	0
eoi	6	64.000000	80	1	32	8.000000	55.000000	0.715992	1.744316	1443.245953	-420.000000	0.000000	42.000000	1490.221088	0.000000	0.000000	0.000000	0	8.952291	432.023640	223.635136	-355.267913	-254.562619	227.825282	-353.438620	-249.099557	44.629669	0.000000	-420.000000	0	7.123810	0.044481	0.071387	225.730209	-354.353267	-251.831088	181.100540	354.353267	168.168912	353.438620	170.900443	212.437381	0	0	1	0	0
eoi	6	64.000000	80	1	32	8.000000	55.000000	0.715992	1.744316	1490.316899	-420.000000	0.000000	43.000000	1537.256960	0.000000	0.000000	0.000000	0	8.908386	432.029565	223.526121	-355.206866	-254.579146	228.102580	-353.436720	-249.101226	44.629669	0.000000	-420.000000	0	7.354251	0.230441	0.005924	225.814351	-354.321793	-251.840186	181.184682	354.321793	168.159814	353.436720	170.898774	212.420854	0	0	1	0	0
eoi	6	64.000000	80	1	32	8.000000	55.000000	0.715992	1.744316	1537.357476	-420.000000	0.000000	44.000000	1584.553746	0.000000	0.000000	0.000000	0	8.994663	431.919525	223.489125	-355.113277	-254.610380	228.053437	-353.375968	-249.217404	44.629669	0.000000	-420.000000	0	7.275670	0.078581	0.110040	225.771281	-354.244623	-251.913892	181.141612	354.244623	168.086108	353.375968	170.782596	212.389620	0	0	1	0	0
eoi	6	64.000000	80	1	32	8.000000	55.000000	0.715992	1.744316	1584.659394	-420.000000	0.000000	45.000000	1631.292348	0.000000	0.000000	0.000000	0	9.318196	431.721876	223.980197	-355.355003	-254.923906	227.550553	-353.035548	-249.699645	44.629669	0.000000	-420.000000	0	6.739452	0.536218	0.197649	225.765375	-354.195276	-252.311776	181.135706	354.195276	167.688224	353.035548	170.300355	212.076094	0	0	1	0	0
eoi	6	64.000000	80	1	32	8.000000	55.000000	0.715992	1.744316	1631.389869	-420.000000	0.000000	46.000000	1678.752953	0.000000	0.000000	0.000000	0	10.120258	430.780478	224.592270	-354.770761	-256.178815	227.360252	-352.097781	-250.537820	44.629669	0.000000	-420.000000	0	6.828423	0.088971	0.941397	225.976261	-353.434271	-253.358317	181.346592	353.434271	166.641683	352.097781	169.462180	210.821185	0	0	1	0	0
eoi	6	64.000000	80	1	32	8.000000	55.000000	0.715992	1.744316	1678.850047	-420.000000	0.000000	47.000000	1726.457790	0.000000	0.000000	0.000000	0	12.499073	426.957924	225.641036	-350.277985	-258.221828	228.162242	-348.070553	-252.249247	44.629669	0.000000	-420.000000	0	6.848428	0.020005	3.822554	226.901639	-349.174269	-255.235537	182.271970	349.174269	164.764463	348.070553	167.750753	208.778172	0	0	1	0	0
eoi	6	64.000000	80	1	32	8.000000	55.000000	0.715992	1.744316	1726.556595	-420.000000	0.000000	48.000000	1773.531303	1761.628939	0.000000	0.000000	0	21.110201	417.125701	226.826642	-337.945815	-259.321522	228.966906	-335.942130	-252.801805	44.629669	0.000000	-420.000000	0	7.148580	0.300151	9.832224	227.896774	-336.943972	-256.061664	183.267105	336.943972	163.938336	335.942130	167.198195	207.678478	0	0	1	0	0
eoi	6	64.000000	80	1	32	8.000000	55.000000	0.715992	1.744316	1773.708809	-420.000000	0.000000	49.000000	1820.654003	1761.628939	0.000000	0.000000	0	39.010770	400.826623	225.940762	-318.421933	-259.984001	227.249679	-316.794919	-253.363842	44.629669	0.000000	-420.000000	0	6.941682	0.206898	16.299078	226.595220	-317.608426	-256.673921	181.965551	317.608426	163.326079	316.794919	166.636158	207.015999	0	0	1	0	0
eoi	6	64.000000	80	1	32	8.000000	55.000000	0.715992	1.744316	1820.760507	-420.000000	0.000000	50.000000	1867.561557	1761.628939	0.000000	0.000000	0	63.253479	379.187275	222.098369	-294.594778	-263.223862	223.796563	-292.240233	-254.956809	44.629669	0.000000	-420.000000	0	8.761958	1.820276	21.639349	222.947466	-293.417505	-259.090336	178.317797	293.417505	160.909664	292.240233	165.043191	203.776138	0	0	1	0	0
eoi	6	64.000000	80	1	32	8.000000	55.000000	0.715992	1.744316	1867.659079	-420.000000	0.000000	51.000000	1914.787768	1761.628939	0.000000	0.000000	0	92.681440	350.742338	215.178580	-268.345555	-274.604327	212.837809	-263.734711	-258.451048	44.629669	0.000000	-420.000000	0	16.960764	8.198807	28.444936	214.008195	-266.040133	-266.527688	169.378526	266.040133	153.472312	263.734711	161.548952	192.395673	0	0	1	0	0
eoi	6	64.000000	80	1	32	8.000000	55.000000	0.715992	1.744316	1914.888712	-420.000000	0.000000	52.000000	1961.706871	1761.628939	0.000000	0.000000	0	125.971846	317.792073	208.303366	-239.708281	-294.584932	199.031776	-233.416777	-264.438791	44.629669	0.000000	-420.000000	0	32.161083	15.200319	32.950266	203.667571	-236.562529	-279.511861	159.037902	236.562529	140.488139	233.416777	155.561209	172.415068	0	0	1	0	0
eoi	6	64.000000	80	1	32	8.000000	55.000000	0.715992	1.744316	1961.804820	-420.000000	0.000000	53.000000	2008.435635	1761.628939	0.000000	0.000000	0	161.053671	283.674490	200.330289	-210.351983	-315.223862	187.265323	-201.145807	-272.685082	44.629669	0.000000	-420.000000	0	45.442215	13.281132	34.117583	193.797806	-205.748895	-293.954472	149.168137	205.748895	126.045528	201.145807	147.314918	151.776138	0	0	1	0	0
eoi	6	64.000000	80	1	32	8.000000	55.000000	0.715992	1.744316	2008.533584	-420.000000	0.000000	54.000000	2055.965532	1761.628939	0.000000	0.000000	0	196.126943	249.851367	191.440751	-180.746384	-335.287870	176.280338	-170.003851	-283.045381	44.629669	0.000000	-420.000000	0	55.448334	10.006120	33.823123	183.860545	-175.375117	-309.166625	139.230875	175.375117	110.833375	170.003851	136.954619	131.712130	0	0	0	0	0
eoi	6	64.000000	80	1	32	8.000000	55.000000	0.715992	1.744316	2056.068614	-420.000000	0.000000	55.000000	2102.282395	1761.628939	0.000000	0.000000	0	230.604770	216.624352	181.460393	-152.292818	-356.913335	166.556750	-141.241756	-297.112763	44.629669	0.000000	-420.000000	0	62.612722	7.164387	33.227015	174.008571	-146.767287	-327.013049	129.378902	146.767287	92.986951	141.241756	122.887237	110.086665	0	0	0	0	0
eoi	6	64.000000	80	1	32	8.000000	55.000000	0.715992	1.744316	2102.384194	-420.000000	0.000000	56.000000	2149.342220	1761.628939	0.000000	0.000000	0	262.543108	185.401887	169.704245	-128.091318	-377.653338	155.771977	-115.389569	-312.633336	44.629669	0.000000	-420.000000	0	67.698177	5.085456	31.222465	162.738111	-121.740444	-345.143337	118.108442	121.740444	74.856663	115.389569	107.366664	89.346662	0	0	0	0	0
eoi	6	64.000000	80	1	32	8.000000	55.000000	0.715992	1.744316	2149.439314	-420.000000	0.000000	57.000000	2196.715996	1761.628939	0.000000	0.000000	0	291.572177	155.881130	155.185394	-107.348537	-396.818360	141.967195	-93.669050	-326.699741	44.629669	0.000000	-420.000000	0	72.653080	4.954902	29.520757	148.576295	-100.508794	-361.759050	103.946625	100.508794	58.240950	93.669050	93.300259	70.181640	0	0	0	0	0
eoi	6	64.000000	80	1	32	8.000000	55.000000	0.715992	1.744316	2196.814374	-420.000000	0.000000	58.000000	2243.443477	1761.628939	0.000000	0.000000	0	318.391625	128.076308	139.442681	-88.188399	-413.065601	126.782687	-74.799466	-339.001798	44.629669	0.000000	-420.000000	0	76.321595	3.668516	27.804822	133.112684	-81.493932	-376.033699	88.483015	81.493932	43.966301	74.799466	80.998202	53.934399	0	0	0	0	0
eoi	6	64.000000	80	1	32	8.000000	55.000000	0.715992	1.744316	2243.605586	-420.000000	0.000000	59.000000	2290.793301	1761.628939	0.000000	0.000000	0	342.944436	102.446299	123.796648	-71.162015	-426.989097	111.588809	-57.649116	-349.482748	44.629669	0.000000	-420.000000	0	79.616982	3.295387	25.630009	117.692729	-64.405565	-388.235922	73.063059	64.405565	31.764078	57.649116	70.517252	40.010903	0	0	0	0	0
eoi	6	64.000000	80	1	32	8.000000	55.000000	0.715992	1.744316	2290.915631	-420.000000	0.000000	60.000000	2337.703849	1761.628939	0.000000	0.000000	0	365.076532	79.785063	109.771036	-56.051979	-439.507922	98.098482	-42.391941	-359.224114	44.629669	0.000000	-420.000000	0	82.269891	2.652909	22.661236	103.934759	-49.221960	-399.366018	59.305090	49.221960	20.633982	42.391941	60.775886	27.492078	0	0	0	0	0
eoi	6	64.000000	80	1	32	8.000000	55.000000	0.715992	1.744316	2337.803938	-420.000000	0.000000	61.000000	2384.586595	1761.628939	0.000000	0.000000	0	384.301457	60.608274	97.873469	-42.194755	-449.149014	86.344194	-29.654392	-368.177905	44.629669	0.000000	-420.000000	0	82.743613	0.473721	19.176788	92.108831	-35.924573	-408.663460	47.479162	35.924573	11.336540	29.654392	51.822095	17.850986	0	0	0	0	0
eoi	6	64.000000	80	1	32	8.000000	55.000000	0.715992	1.744316	2384.682834	-420.000000	0.000000	62.000000	2431.855579	1761.628939	0.000000	0.000000	0	399.714735	45.900915	88.012429	-31.661224	-456.880102	76.966083	-19.847494	-376.714064	44.629669	0.000000	-420.000000	0	81.781292	0.962321	14.707360	82.489256	-25.754359	-416.797083	37.859587	25.754359	3.202917	19.847494	43.285936	10.119898	0	0	0	0	0
eoi	6	64.000000	80	1	32	8.000000	55.000000	0.715992	1.744316	2431.952245	-420.000000	0.000000	63.000000	2479.003088	1761.628939	0.000000	0.000000	0	410.954681	35.061753	79.765167	-25.036998	-462.195953	67.857374	-13.414206	-383.509096	44.629669	0.000000	-420.000000	0	80.427025	1.354267	10.839162	73.811271	-19.225602	-422.852525	29.181602	19.225602	2.852525	13.414206	36.490904	4.804047	0	0	0	0	0
eoi	6	64.000000	80	1	32	8.000000	55.000000	0.715992	1.744316	2479.102748	-420.000000	0.000000	64.000000	2526.308428	1761.628939	0.000000	0.000000	0	419.047359	27.682450	72.790639	-20.525281	-465.797080	60.312090	-9.841336	-389.065552	44.629669	0.000000	-420.000000	0	78.470301	1.956723	7.379303	66.551365	-15.183308	-427.431316	21.921695	15.183308	7.431316	9.841336	30.934448	1.202920	0	0	0	0	0
eoi	6	64.000000	80	1	32	8.000000	55.000000	0.715992	1.744316	2526.405522	-420.000000	0.000000	65.000000	2572.859258	1761.628939	0.000000	0.000000	0	424.642053	23.266806	67.741273	-17.299652	-467.260991	54.441303	-7.939285	-393.820601	44.629669	0.000000	-420.000000	0	75.219655	3.250646	4.415644	61.091288	-12.619469	-430.540796	16.461619	12.619469	10.540796	7.939285	26.179399	0.260991	0	1	0	0	0
eoi	6	64.000000	80	1	32	8.000000	55.000000	0.715992	1.744316	2572.984582	-420.000000	0.000000	66.000000	2619.902401	1761.628939	0.000000	0.000000	0	427.480043	20.928671	62.530620	-15.892187	-464.456491	51.187458	-8.136273	-399.552678	44.629669	0.000000	-420.000000	0	66.342493	8.877162	2.338135	56.859039	-12.014230	-432.004585	12.229370	12.014230	12.004585	8.136273	20.447322	2.543509	0	1	0	0	0
eoi	6	64.000000	80	1	32	8.000000	55.000000	0.715992	1.744316	2619.999923	-420.000000	0.000000	67.000000	2666.865988	1761.628939	2654.919140	0.000000	0	428.273279	21.895162	60.065326	-16.047231	-462.789521	49.141580	-10.705784	-405.564723	44.629669	0.000000	-420.000000	0	58.502451	7.840042	0.966490	54.603453	-13.376507	-434.177122	9.973784	13.376507	14.177122	10.705784	14.435277	4.210479	0	1	0	1	0
eoi	6	64.000000	80	1	32	8.000000	55.000000	0.715992	1.744316	2666.964365	-420.000000	0.000000	68.000000	2713.763704	1761.628939	2654.919140	0.000000	0	428.357123	24.901057	60.375366	-16.491139	-462.764675	50.541666	-12.466968	-411.478906	44.629669	0.000000	-420.000000	0	52.374857	6.127594	3.005895	55.458516	-14.479053	-437.121791	10.828847	14.479053	17.121791	12.466968	8.521094	4.235325	0	1	0	1	0
eoi	6	64.000000	80	1	32	8.000000	55.000000	0.715992	1.744316	2713.915975	-420.000000	0.000000	69.000000	2761.352200	1761.628939	2654.919140	0.000000	0	427.434816	28.667762	62.077353	-18.447204	-462.596540	53.405454	-13.585019	-417.072449	44.629669	0.000000	-420.000000	0	46.597055	5.777803	3.766705	57.741403	-16.016111	-439.834495	13.111734	16.016111	19.834495	13.585019	2.927551	4.403460	0	1	0	1	0
eoi	6	64.000000	80	1	32	8.000000	55.000000	0.715992	1.744316	2761.454854	-420.000000	0.000000	70.000000	2807.968471	1761.628939	2654.919140	0.000000	0	427.400723	31.264713	62.279490	-20.821697	-464.179220	53.576928	-13.983494	-420.442782	44.629669	0.000000	-420.000000	0	45.115092	1.481962	2.596951	57.928209	-17.402595	-442.311001	13.298540	17.402595	22.311001	13.983494	0.442782	2.820780	0	1	0	1	0
eoi	6	64.000000	80	1	32	8.000000	55.000000	0.715992	1.744316	2808.065565	-420.000000	0.000000	71.000000	2854.852500	1761.628939	2654.919140	0.000000	0	428.400547	32.466058	61.390413	-22.355973	-466.867074	53.509346	-12.594996	-421.477299	44.629669	0.000000	-420.000000	0	47.091608	1.976515	1.201345	57.449880	-17.475484	-444.172186	12.820210	17.475484	24.172186	12.594996	1.477299	0.132926	0	1	0	1	0
eoi	6	64.000000	80	1	32	8.000000	55.000000	0.715992	1.744316	2854.950450	-420.000000	0.000000	72.000000	2901.888373	1761.628939	2654.919140	0.000000	0	429.709992	32.575389	60.098363	-22.115522	-468.165583	53.636740	-11.269791	-422.143280	44.629669	0.000000	-420.000000	0	47.722477	0.630869	0.109330	56.867551	-16.692656	-445.154431	12.237882	16.692656	25.154431	11.269791	2.143280	1.165583	0	1	0	1	0
eoi	6	64.000000	80	1	32	8.000000	55.000000	0.715992	1.744316	2901.986322	-420.000000	0.000000	73.000000	2948.883183	1761.628939	2654.919140	0.000000	0	431.057252	32.332731	58.672807	-21.538070	-469.122516	53.527788	-9.975628	-422.474069	44.629669	0.000000	-420.000000	0	48.334655	0.612178	0.242658	56.100297	-15.756849	-445.798292	11.470628	15.756849	25.798292	9.975628	2.474069	2.122516	0	1	0	1	0
eoi	6	64.000000	80	1	32	8.000000	55.000000	0.715992	1.744316	2948.980705	-420.000000	0.000000	74.000000	2996.035825	1761.628939	2654.919140	0.000000	0	431.000711	32.737001	58.787080	-21.812706	-469.355283	53.639904	-10.118580	-422.898886	44.629669	0.000000	-420.000000	0	48.181353	0.153302	0.404270	56.213492	-15.965643	-446.127085	11.583823	15.965643	26.127085	10.118580	2.898886	2.355283	0	1	0	1	0
eoi	6	64.000000	80	1	32	8.000000	55.000000	0.715992	1.744316	2996.134630	-420.000000	0.000000	75.000000	3042.879647	1761.628939	2654.919140	0.000000	0	430.817522	32.778076	58.764036	-21.795837	-468.949458	53.587286	-10.565017	-423.176777	44.629669	0.000000	-420.000000	0	47.413800	0.767554	0.041074	56.175661	-16.180427	-446.063117	11.545992	16.180427	26.063117	10.565017	3.176777	1.949458	0	1	0	1	0
eoi	6	64.000000	80	1	32	8.000000	55.000000	0.715992	1.744316	3042.977597	-420.000000	0.000000	76.000000	3089.876596	1761.628939	2654.919140	0.000000	0	430.434390	33.079622	58.904646	-22.134542	-468.817277	53.524466	-11.221667	-423.408872	44.629669	0.000000	-420.000000	0	47.010216	0.403584	0.301547	56.214556	-16.678104	-446.113074	11.584887	16.678104	26.113074	11.221667	3.408872	1.817277	0	1	0	1	0
eoi	6	64.000000	80	1	32	8.000000	55.000000	0.715992	1.744316	3089.974546	-420.000000	0.000000	77.000000	3137.027527	1761.628939	2654.919140	0.000000	0	430.205239	33.162225	58.886667	-22.239787	-468.714530	53.633239	-11.577428	-423.384170	44.629669	0.000000	-420.000000	0	46.862843	0.147373	0.082602	56.259953	-16.908608	-446.049350	11.630284	16.908608	26.049350	11.577428	3.384170	1.714530	0	1	0	1	0
eoi	6	64.000000	80	1	32	8.000000	55.000000	0.715992	1.744316	3137.129754	-420.000000	0.000000	78.000000	3184.133547	1761.628939	2654.919140	0.000000	0	429.917035	33.208943	59.158004	-22.439859	-468.503519	53.769503	-11.726070	-423.302298	44.629669	0.000000	-420.000000	0	46.765068	0.097775	0.046719	56.463754	-17.082965	-445.902909	11.834084	17.082965	25.902909	11.726070	3.302298	1.503519	0	1	0	1	0
eoi	6	64.000000	80	1	32	8.000000	55.000000	0.715992	1.744316	3184.231068	-420.000000	0.000000	79.000000	3231.218180	1761.628939	2654.919140	0.000000	0	430.081785	33.108950	58.936392	-22.277950	-468.494112	53.702013	-11.640488	-423.349586	44.629669	0.000000	-420.000000	0	46.675289	0.089779	0.099994	56.319203	-16.959219	-445.921849	11.689533	16.959219	25.921849	11.640488	3.349586	1.494112	0	1	0	1	0
eoi	6	64.000000	80	1	32	8.000000	55.000000	0.715992	1.744316	3231.322545	-420.000000	0.000000	80.000000	3277.937962	1761.628939	2654.919140	0.000000	0	429.921054	33.300294	59.102903	-22.416839	-468.480324	54.015876	-11.733366	-423.482442	44.629669	0.000000	-420.000000	0	46.527667	0.147622	0.191345	56.559389	-17.075102	-445.981383	11.929720	17.075102	25.981383	11.733366	3.482442	1.480324	0	1	0	1	0
eoi	6	64.000000	80	1	32	8.000000	55.000000	0.715992	1.744316	3278.039333	-420.000000	0.000000	81.000000	3325.540572	1761.628939	2654.919140	0.000000	0	429.783798	33.314624	59.292880	-22.451850	-468.291812	54.070974	-11.825622	-423.510542	44.629669	0.000000	-420.000000	0	46.320051	0.207616	0.014329	56.681927	-17.138736	-445.901177	12.052258	17.138736	25.901177	11.825622	3.510542	1.291812	0	1	0	1	0
eoi	6	64.000000	80	1	32	8.000000	55.000000	0.715992	1.744316	3325.643227	-420.000000	0.000000	82.000000	3372.200900	1761.628939	2654.919140	0.000000	0	429.753247	33.382240	58.980624	-22.612207	-468.379232	54.063559	-11.976986	-423.537669	44.629669	0.000000	-420.000000	0	46.347073	0.027022	0.067616	56.522092	-17.294597	-445.958450	11.892422	17.294597	25.958450	11.976986	3.537669	1.379232	0	1	0	1	0
eoi	6	64.000000	80	1	32	8.000000	55.000000	0.715992	1.744316	3372.303555	-420.000000	0.000000	83.000000	3419.380489	1761.628939	2654.919140	0.000000	0	429.778091	33.532892	59.157492	-22.698432	-468.437368	54.190124	-11.838758	-423.761833	44.629669	0.000000	-420.000000	0	46.244034	0.103040	0.150652	56.673808	-17.268595	-446.099601	12.044139	17.268595	26.099601	11.838758	3.761833	1.437368	0	1	0	1	0
eoi	6	64.000000	80	1	32	8.000000	55.000000	0.715992	1.744316	3419.478866	-420.000000	0.000000	84.000000	3466.644339	1761.628939	2654.919140	0.000000	0	430.279004	33.330484	58.876805	-22.206916	-468.576081	53.980449	-11.467564	-423.891552	44.629669	0.000000	-420.000000	0	46.217044	0.026990	0.202407	56.428627	-16.837240	-446.233816	11.798958	16.837240	26.233816	11.467564	3.891552	1.576081	0	1	0	1	0
eoi	6	64.000000	80	1	32	8.000000	55.000000	0.715992	1.744316	3466.742289	-420.000000	0.000000	85.000000	3513.817084	1761.628939	2654.919140	0.000000	0	430.112842	33.381606	59.230572	-22.289625	-468.383835	54.298000	-11.363810	-423.920821	44.629669	0.000000	-420.000000	0	46.050661	0.166383	0.051122	56.764286	-16.826718	-446.152328	12.134617	16.826718	26.152328	11.363810	3.920821	1.383835	0	1	0	1	0
eoi	6	64.000000	80	1	32	8.000000	55.000000	0.715992	1.744316	3513.914606	-420.000000	0.000000	86.000000	3560.687426	1761.628939	2654.919140	0.000000	0	429.989399	33.426688	59.009345	-22.374659	-468.382505	54.251246	-11.708413	-423.882760	44.629669	0.000000	-420.000000	0	46.006909	0.043752	0.045082	56.630296	-17.041536	-446.132632	12.000627	17.041536	26.132632	11.708413	3.882760	1.382505	0	1	0	1	0
eoi	6	64.000000	80	1	32	8.000000	55.000000	0.715992	1.744316	3560.785375	-420.000000	0.000000	87.000000	3607.653579	1761.628939	2654.919140	0.000000	0	429.934303	33.515904	59.172485	-22.455068	-468.372285	54.181995	-11.773621	-423.983080	44.629669	0.000000	-420.000000	0	45.928203	0.078706	0.089216	56.677240	-17.114345	-446.177683	12.047571	17.114345	26.177683	11.773621	3.983080	1.372285	0	1	0	1	0
eoi	6	64.000000	80	1	32	8.000000	55.000000	0.715992	1.744316	3607.751956	-420.000000	0.000000	88.000000	3654.857975	1761.628939	2654.919140	0.000000	0	429.823694	33.523319	59.230537	-22.606404	-468.312103	54.145580	-11.820671	-423.922073	44.629669	0.000000	-420.000000	0	45.963721	0.035518	0.007415	56.688058	-17.213537	-446.117088	12.058389	17.213537	26.117088	11.820671	3.922073	1.312103	0	1	0	1	0
eoi	6	64.000000	80	1	32	8.000000	55.000000	0.715992	1.744316	3654.956353	-420.000000	0.000000	89.000000	3702.008051	1761.628939	2654.919140	0.000000	0	429.763238	33.621570	58.903466	-22.835744	-468.430780	54.001928	-12.076370	-423.949064	44.629669	0.000000	-420.000000	0	46.026212	0.062492	0.098251	56.452697	-17.456057	-446.189922	11.823028	17.456057	26.189922	12.076370	3.949064	1.430780	0	1	0	1	0
eoi	6	64.000000	80	1	32	8.000000	55.000000	0.715992	1.744316	3702.111133	-420.000000	0.000000	90.000000	3749.171813	1761.628939	2654.919140	0.000000	0	429.707221	33.770257	59.110531	-22.916451	-468.529619	53.840557	-12.235226	-424.051572	44.629669	0.000000	-420.000000	0	46.045172	0.018960	0.148687	56.475544	-17.575839	-446.290595	11.845875	17.575839	26.290595	12.235226	4.051572	1.529619	0	1	0	1	0
eoi	6	64.000000	80	1	32	8.000000	55.000000	0.715992	1.744316	3749.271474	-420.000000	0.000000	91.000000	3796.040872	1761.628939	2654.919140	0.000000	0	429.862245	33.748506	59.242905	-22.955881	-468.604133	53.605733	-11.946724	-424.132949	44.629669	0.000000	-420.000000	0	46.159131	0.113959	0.021751	56.424319	-17.451303	-446.368541	11.794650	17.451303	26.368541	11.946724	4.132949	1.604133	0	1	0	1	0
eoi	6	64.000000	80	1	32	8.000000	55.000000	0.715992	1.744316	3796.138821	-420.000000	0.000000	92.000000	3843.035255	1761.628939	2654.919140	0.000000	0	429.865843	33.699631	59.272502	-22.917299	-468.525005	53.581770	-11.921945	-424.126363	44.629669	0.000000	-420.000000	0	46.092534	0.066597	0.048876	56.427136	-17.419622	-446.325684	11.797467	17.419622	26.325684	11.921945	4.126363	1.525005	0	1	0	1	0
eoi	6	64.000000	80	1	32	8.000000	55.000000	0.715992	1.744316	3843.133204	-420.000000	0.000000	93.000000	3878.333010	1761.628939	2654.919140	3878.328733	0	429.670487	33.779112	  59.349525  -22.992252 -468.417083	  53.797580  -12.125561 -424.120783	44.629669	0.000000	-420.000000	0	45.946395	0.146139	0.079481	0
