subjName	sessionNR	IOD	trialN	textureType	texnum	visualAngle	simulatedDepth	light_intensity	ambient_intensity	time	displayDistance	isRotated	frameN	timTote	startTime	touchTime	endTime	fingersOccluded	distanceToHome	distanceToObject	indexXraw	indexYraw	indexZraw	thumbXraw	thumbYraw	thumbZraw	targetX	targetY	targetZ	failCause	gripAperture	gripApertureVel	distFromObjVel	gripOriginX	gripOriginY	gripOriginZ	distFromObjX	distFromObjY	distFromObjZ	y_dist_thm	z_dist_thm	z_dist_ind	handOnObj	handnearObj	handfarObj	handTouchObj	framesOccluded
eoi	3	64.000000	43	1	7	8.000000	55.000000	0.769518	1.734654	919.027909	-420.000000	0.000000	30.000000	965.601607	0.000000	0.000000	0.000000	0	3.851972	432.851619	225.761024	-355.585471	-250.062645	229.956364	-351.720991	-247.813607	46.123306	0.000000	-420.000000	0	6.131334	0.156708	0.014141	227.858694	-353.653231	-248.938126	181.735388	353.653231	171.061874	351.720991	172.186393	216.937355	0	0	1	0	0
eoi	3	64.000000	43	1	7	8.000000	55.000000	0.769518	1.734654	965.732920	-420.000000	0.000000	31.000000	1012.907150	0.000000	0.000000	0.000000	0	3.783014	432.809445	225.556769	-355.574702	-250.063846	229.990397	-351.715748	-247.811922	46.123306	0.000000	-420.000000	0	6.294422	0.163089	0.042174	227.773583	-353.645225	-248.937884	181.650277	353.645225	171.062116	351.715748	172.188078	216.936154	0	0	1	0	0
eoi	3	64.000000	43	1	7	8.000000	55.000000	0.769518	1.734654	1013.019643	-420.000000	0.000000	32.000000	1060.100628	0.000000	0.000000	0.000000	0	3.867357	432.871666	225.645879	-355.572805	-250.071175	230.081834	-351.756179	-247.761154	46.123306	0.000000	-420.000000	0	6.291306	0.003117	0.062221	227.863856	-353.664492	-248.916165	181.740550	353.664492	171.083835	351.756179	172.238846	216.928825	0	0	1	0	0
eoi	3	64.000000	43	1	7	8.000000	55.000000	0.769518	1.734654	1060.209271	-420.000000	0.000000	33.000000	1106.894179	0.000000	0.000000	0.000000	0	3.840175	432.841258	225.645169	-355.564777	-250.063624	230.026307	-351.728742	-247.789528	46.123306	0.000000	-420.000000	0	6.251483	0.039822	0.030408	227.835738	-353.646759	-248.926576	181.712432	353.646759	171.073424	351.728742	172.210472	216.936376	0	0	1	0	0
eoi	3	64.000000	43	1	7	8.000000	55.000000	0.769518	1.734654	1107.009238	-420.000000	0.000000	34.000000	1154.624456	0.000000	0.000000	0.000000	0	3.793776	432.795315	225.747079	-355.564895	-250.083422	229.862088	-351.687887	-247.851824	46.123306	0.000000	-420.000000	0	6.078201	0.173282	0.045943	227.804583	-353.626391	-248.967623	181.681277	353.626391	171.032377	351.687887	172.148176	216.916578	0	0	1	0	0
eoi	3	64.000000	43	1	7	8.000000	55.000000	0.769518	1.734654	1154.735238	-420.000000	0.000000	35.000000	1201.636577	0.000000	0.000000	0.000000	0	3.771024	432.826383	225.784306	-355.586553	-250.173996	229.831097	-351.773693	-247.832854	46.123306	0.000000	-420.000000	0	6.032856	0.045344	0.031068	227.807701	-353.680123	-249.003425	181.684395	353.680123	170.996575	351.773693	172.167146	216.826004	0	0	1	0	0
eoi	3	64.000000	43	1	7	8.000000	55.000000	0.769518	1.734654	1201.747358	-420.000000	0.000000	36.000000	1248.493859	0.000000	0.000000	0.000000	0	3.876515	432.895975	226.056929	-355.568898	-250.278600	229.899854	-351.850065	-247.860282	46.123306	0.000000	-420.000000	0	5.869076	0.163781	0.069592	227.978391	-353.709482	-249.069441	181.855085	353.709482	170.930559	351.850065	172.139718	216.721400	0	0	1	0	0
eoi	3	64.000000	43	1	7	8.000000	55.000000	0.769518	1.734654	1248.608918	-420.000000	0.000000	37.000000	1295.360552	0.000000	0.000000	0.000000	0	4.002079	433.028261	225.803030	-355.529546	-250.327928	230.426350	-352.045069	-247.753064	46.123306	0.000000	-420.000000	0	6.336134	0.467058	0.132286	228.114690	-353.787308	-249.040496	181.991384	353.787308	170.959504	352.045069	172.246936	216.672072	0	0	1	0	0
eoi	3	64.000000	43	1	7	8.000000	55.000000	0.769518	1.734654	1295.470478	-420.000000	0.000000	38.000000	1342.693042	0.000000	0.000000	0.000000	0	3.681714	432.754062	225.580498	-355.482561	-250.401010	230.126069	-351.888433	-248.091374	46.123306	0.000000	-420.000000	0	6.238140	0.097994	0.274199	227.853283	-353.685497	-249.246192	181.729977	353.685497	170.753808	351.888433	171.908626	216.598990	0	0	1	0	0
eoi	3	64.000000	43	1	7	8.000000	55.000000	0.769518	1.734654	1342.844458	-420.000000	0.000000	39.000000	1389.749646	0.000000	0.000000	0.000000	0	3.441455	432.571249	225.349651	-355.457507	-250.427226	229.905526	-351.799346	-248.275151	46.123306	0.000000	-420.000000	0	6.226521	0.011619	0.182813	227.627589	-353.628427	-249.351189	181.504282	353.628427	170.648811	351.799346	171.724849	216.572774	0	0	1	0	0
eoi	3	64.000000	43	1	7	8.000000	55.000000	0.769518	1.734654	1389.864705	-420.000000	0.000000	40.000000	1436.989318	0.000000	0.000000	0.000000	0	3.362671	432.492628	225.414457	-355.454665	-250.484219	229.749411	-351.741248	-248.393369	46.123306	0.000000	-420.000000	0	6.078894	0.147627	0.078621	227.581934	-353.597957	-249.438794	181.458628	353.597957	170.561206	351.741248	171.606631	216.515781	0	0	1	0	0
eoi	3	64.000000	43	1	7	8.000000	55.000000	0.769518	1.734654	1437.100100	-420.000000	0.000000	41.000000	1484.001867	0.000000	0.000000	0.000000	0	3.253421	432.413356	225.295880	-355.412403	-250.485377	229.629243	-351.732124	-248.433757	46.123306	0.000000	-420.000000	0	6.044140	0.034754	0.079272	227.462562	-353.572264	-249.459567	181.339255	353.572264	170.540433	351.732124	171.566243	216.514623	0	0	1	0	0
eoi	3	64.000000	43	1	7	8.000000	55.000000	0.769518	1.734654	1484.117353	-420.000000	0.000000	42.000000	1530.981480	0.000000	0.000000	0.000000	0	3.212905	432.401878	225.400747	-355.418381	-250.541214	229.471393	-351.755794	-248.441262	46.123306	0.000000	-420.000000	0	5.864682	0.179458	0.011478	227.436070	-353.587087	-249.491238	181.312763	353.587087	170.508762	351.755794	171.558738	216.458786	0	0	1	0	0
eoi	3	64.000000	43	1	7	8.000000	55.000000	0.769518	1.734654	1531.091834	-420.000000	0.000000	43.000000	1578.053910	0.000000	0.000000	0.000000	0	3.246271	432.432208	225.438256	-355.396084	-250.565039	229.523183	-351.811813	-248.428505	46.123306	0.000000	-420.000000	0	5.839384	0.025298	0.030330	227.480720	-353.603949	-249.496772	181.357413	353.603949	170.503228	351.811813	171.571495	216.434961	0	0	1	0	0
eoi	3	64.000000	43	1	7	8.000000	55.000000	0.769518	1.734654	1578.164692	-420.000000	0.000000	44.000000	1625.253376	0.000000	0.000000	0.000000	0	3.492724	432.512448	225.685059	-355.349691	-250.543237	229.807359	-351.763815	-248.412710	46.123306	0.000000	-420.000000	0	5.864384	0.025000	0.080240	227.746209	-353.556753	-249.477974	181.622903	353.556753	170.522026	351.763815	171.587290	216.456763	0	0	1	0	0
eoi	3	64.000000	43	1	7	8.000000	55.000000	0.769518	1.734654	1625.364585	-420.000000	0.000000	45.000000	1672.137178	0.000000	0.000000	0.000000	0	3.971310	432.328690	226.198947	-354.986230	-250.491660	230.157032	-351.208543	-248.413489	46.123306	0.000000	-420.000000	0	5.852875	0.011509	0.183758	228.177990	-353.097386	-249.452575	182.054683	353.097386	170.547425	351.208543	171.586511	216.508340	0	0	1	0	0
eoi	3	64.000000	43	1	7	8.000000	55.000000	0.769518	1.734654	1672.249243	-420.000000	0.000000	46.000000	1720.045391	0.000000	0.000000	0.000000	0	6.868546	428.101212	226.890373	-350.342773	-252.127276	230.479837	-346.579844	-250.135823	46.123306	0.000000	-420.000000	0	5.568642	0.284234	4.227478	228.685105	-348.461309	-251.131549	182.561799	348.461309	168.868451	346.579844	169.864177	214.872724	0	0	1	0	0
eoi	3	64.000000	43	1	7	8.000000	55.000000	0.769518	1.734654	1720.156600	-420.000000	0.000000	47.000000	1767.124665	1755.547324	0.000000	0.000000	0	19.062514	417.127647	228.092172	-337.831074	-255.841855	231.593834	-334.298654	-253.686035	46.123306	0.000000	-420.000000	0	5.420995	0.147647	10.973565	229.843003	-336.064864	-254.763945	183.719697	336.064864	165.236055	334.298654	166.313965	211.158145	0	0	1	0	0
eoi	3	64.000000	43	1	7	8.000000	55.000000	0.769518	1.734654	1767.241007	-420.000000	0.000000	48.000000	1814.009322	1755.547324	0.000000	0.000000	0	38.211650	400.249742	227.987176	-318.692528	-260.515233	232.002975	-315.489642	-257.961693	46.123306	0.000000	-420.000000	0	5.736348	0.315353	16.877905	229.995075	-317.091085	-259.238463	183.871769	317.091085	160.761537	315.489642	162.038307	206.484767	0	0	1	0	0
eoi	3	64.000000	43	1	7	8.000000	55.000000	0.769518	1.734654	1814.129941	-420.000000	0.000000	49.000000	1861.255838	1755.547324	0.000000	0.000000	0	63.349469	376.955610	225.113438	-294.215927	-267.383037	229.450739	-290.877618	-264.763664	46.123306	0.000000	-420.000000	0	6.067750	0.331403	23.294132	227.282089	-292.546772	-266.073350	181.158782	292.546772	153.926650	290.877618	155.236336	199.616963	0	0	1	0	0
eoi	3	64.000000	43	1	7	8.000000	55.000000	0.769518	1.734654	1861.370469	-420.000000	0.000000	50.000000	1908.329124	1755.547324	0.000000	0.000000	0	93.418770	347.605632	218.934422	-266.953527	-278.620796	222.021273	-261.488955	-274.204659	46.123306	0.000000	-420.000000	0	7.674143	1.606392	29.349978	220.477847	-264.221241	-276.412727	174.354541	264.221241	143.587273	261.488955	145.795341	188.379204	0	0	1	0	0
eoi	3	64.000000	43	1	7	8.000000	55.000000	0.769518	1.734654	1908.445466	-420.000000	0.000000	51.000000	1955.175713	1755.547324	0.000000	0.000000	0	129.355210	311.636538	208.444678	-237.784099	-299.009941	211.195241	-226.647001	-284.891048	46.123306	0.000000	-420.000000	0	18.191857	10.517715	35.969094	209.819959	-232.215550	-291.950494	163.696653	232.215550	128.049506	226.647001	135.108952	167.990059	0	0	1	0	0
eoi	3	64.000000	43	1	7	8.000000	55.000000	0.769518	1.734654	1955.287778	-420.000000	0.000000	52.000000	2002.083040	1755.547324	0.000000	0.000000	0	169.744710	270.491186	195.669157	-207.351392	-330.567908	194.277288	-189.788020	-294.218188	46.123306	0.000000	-420.000000	0	40.394449	22.202591	41.145351	194.973223	-198.569706	-312.393048	148.849916	198.569706	107.606952	189.788020	125.781812	136.432092	0	0	1	0	0
eoi	3	64.000000	43	1	7	8.000000	55.000000	0.769518	1.734654	2002.199382	-420.000000	0.000000	53.000000	2049.237167	1755.547324	0.000000	0.000000	0	210.639512	229.836017	183.505991	-174.314736	-360.816636	176.957500	-156.024967	-305.304771	46.123306	0.000000	-420.000000	0	58.812971	18.418522	40.655169	180.231746	-165.169852	-333.060704	134.108439	165.169852	86.939296	156.024967	114.695229	106.183364	0	0	0	0	0
eoi	3	64.000000	43	1	7	8.000000	55.000000	0.769518	1.734654	2049.347949	-420.000000	0.000000	54.000000	2096.146632	1755.547324	0.000000	0.000000	0	249.712743	192.081363	171.506651	-141.381755	-384.414196	162.129008	-125.219169	-320.544047	46.123306	0.000000	-420.000000	0	66.547467	7.734496	37.754654	166.817829	-133.300462	-352.479122	120.694523	133.300462	67.520878	125.219169	99.455953	82.585804	0	0	0	0	0
eoi	3	64.000000	43	1	7	8.000000	55.000000	0.769518	1.734654	2096.258270	-420.000000	0.000000	55.000000	2143.143782	1755.547324	0.000000	0.000000	0	285.970056	156.316044	156.529019	-111.604443	-405.645988	145.317527	-98.170426	-335.353025	46.123306	0.000000	-420.000000	0	72.438049	5.890583	35.765319	150.923273	-104.887434	-370.499506	104.799967	104.887434	49.500494	98.170426	84.646975	61.354012	0	0	0	0	0
eoi	3	64.000000	43	1	7	8.000000	55.000000	0.769518	1.734654	2143.256275	-420.000000	0.000000	56.000000	2190.316301	1755.547324	0.000000	0.000000	0	318.234044	123.689317	139.793233	-87.063591	-425.798066	126.961084	-75.850673	-349.377620	46.123306	0.000000	-420.000000	0	78.297371	5.859321	32.626728	133.377159	-81.457132	-387.587843	87.253852	81.457132	32.412157	75.850673	70.622380	41.201934	0	0	0	0	0
eoi	3	64.000000	43	1	7	8.000000	55.000000	0.769518	1.734654	2190.427083	-420.000000	0.000000	57.000000	2237.438348	1755.547324	0.000000	0.000000	0	345.980415	96.103454	123.707489	-68.373948	-444.798980	110.154871	-57.546557	-363.068445	46.123306	0.000000	-420.000000	0	83.551099	5.253728	27.585863	116.931180	-62.960252	-403.933713	70.807873	62.960252	16.066287	57.546557	56.931555	22.201020	0	0	0	0	0
eoi	3	64.000000	43	1	7	8.000000	55.000000	0.769518	1.734654	2237.549558	-420.000000	0.000000	58.000000	2284.589908	1755.547324	0.000000	0.000000	0	369.406766	73.339597	108.442299	-53.667558	-460.234580	94.872336	-41.957704	-373.892604	46.123306	0.000000	-420.000000	0	88.182773	4.631674	22.763857	101.657317	-47.812631	-417.063592	55.534011	47.812631	2.936408	41.957704	46.107396	6.765420	0	0	0	0	0
eoi	3	64.000000	43	1	7	8.000000	55.000000	0.769518	1.734654	2284.707106	-420.000000	0.000000	59.000000	2331.588342	1755.547324	0.000000	0.000000	0	388.853987	55.034592	94.543908	-40.446911	-470.109641	82.224147	-28.971532	-382.236653	46.123306	0.000000	-420.000000	0	89.471352	1.288580	18.305005	88.384027	-34.709221	-426.173147	42.260721	34.709221	6.173147	28.971532	37.763347	3.109641	0	0	0	0	0
eoi	3	64.000000	43	1	7	8.000000	55.000000	0.769518	1.734654	2331.702973	-420.000000	0.000000	60.000000	2378.504223	1755.547324	0.000000	0.000000	0	404.864731	39.377759	80.481934	-29.442314	-475.590765	70.884280	-17.517803	-386.815750	46.123306	0.000000	-420.000000	0	90.085028	0.613676	15.656833	75.683107	-23.480059	-431.203258	29.559801	23.480059	11.203258	17.517803	33.184250	8.590765	0	0	0	0	0
eoi	3	64.000000	43	1	7	8.000000	55.000000	0.769518	1.734654	2378.615005	-420.000000	0.000000	61.000000	2425.006063	1755.547324	0.000000	0.000000	0	416.754891	27.159587	67.725644	-20.779220	-475.305918	62.070556	-8.793072	-390.502621	46.123306	0.000000	-420.000000	0	85.832668	4.252360	12.218172	64.898100	-14.786146	-432.904270	18.774794	14.786146	12.904270	8.793072	29.497379	8.305918	0	1	0	0	0
eoi	3	64.000000	43	1	7	8.000000	55.000000	0.769518	1.734654	2425.117700	-420.000000	0.000000	62.000000	2471.978833	1755.547324	0.000000	0.000000	0	425.427259	17.015275	55.396937	-14.546070	-470.431515	53.961323	-2.546846	-393.508036	46.123306	0.000000	-420.000000	0	77.866963	7.965705	10.144312	54.679130	-8.546458	-431.969775	8.555823	8.546458	11.969775	2.546846	26.491964	3.431515	0	1	0	0	0
eoi	3	64.000000	43	1	7	8.000000	55.000000	0.769518	1.734654	2472.089614	-420.000000	0.000000	63.000000	2519.241602	1755.547324	0.000000	0.000000	0	431.600825	17.104368	53.775778	-10.665530	-471.613295	49.224471	1.815962	-399.632217	46.123306	0.000000	-420.000000	0	73.196842	4.670121	0.089093	51.500125	-4.424784	-435.622756	5.376819	4.424784	15.622756	1.815962	20.367783	4.613295	0	1	0	0	0
eoi	3	64.000000	43	1	7	8.000000	55.000000	0.769518	1.734654	2519.357945	-420.000000	0.000000	64.000000	2565.919239	1755.547324	2554.465084	0.000000	0	434.760306	21.209218	54.267421	-9.173683	-470.772846	49.359291	3.525534	-409.698321	46.123306	0.000000	-420.000000	0	62.573616	10.623226	4.104850	51.813356	-2.824075	-440.235584	5.690050	2.824075	20.235584	3.525534	10.301679	3.772846	0	1	0	1	0
eoi	3	64.000000	43	1	7	8.000000	55.000000	0.769518	1.734654	2566.032159	-420.000000	0.000000	65.000000	2613.366360	1755.547324	2554.465084	0.000000	0	435.605417	25.705468	55.095969	-9.764964	-470.528711	49.507015	1.888810	-418.749789	46.123306	0.000000	-420.000000	0	53.367627	9.205989	4.496250	52.301492	-3.938077	-444.639250	6.178186	3.938077	24.639250	1.888810	1.250211	3.528711	1	1	0	1	0
eoi	3	64.000000	43	1	7	8.000000	55.000000	0.769518	1.734654	2613.478425	-420.000000	0.000000	66.000000	2660.139807	1755.547324	2554.465084	0.000000	0	436.405621	26.780136	55.233501	-9.742911	-470.286843	49.441665	2.603855	-421.320014	46.123306	0.000000	-420.000000	0	50.830486	2.537141	1.074668	52.337583	-3.569528	-445.803428	6.214277	3.569528	25.803428	2.603855	1.320014	3.286843	1	1	0	1	0
eoi	3	64.000000	43	1	7	8.000000	55.000000	0.769518	1.734654	2660.251017	-420.000000	0.000000	67.000000	2707.161766	1755.547324	2554.465084	0.000000	0	436.640592	27.736282	55.356359	-9.589732	-469.866145	50.040471	2.387512	-423.541767	46.123306	0.000000	-420.000000	0	48.142093	2.688393	0.956146	52.698415	-3.601110	-446.703956	6.575109	3.601110	26.703956	2.387512	3.541767	2.866145	1	1	0	1	0
eoi	3	64.000000	43	1	7	8.000000	55.000000	0.769518	1.734654	2707.272975	-420.000000	0.000000	68.000000	2754.172175	1755.547324	2554.465084	0.000000	0	436.667414	27.956082	55.110404	-9.574314	-469.807099	50.125932	2.103805	-424.059669	46.123306	0.000000	-420.000000	0	47.476844	0.665249	0.219800	52.618168	-3.735254	-446.933384	6.494862	3.735254	26.933384	2.103805	4.059669	2.807099	1	1	0	1	0
eoi	3	64.000000	43	1	7	8.000000	55.000000	0.769518	1.734654	2754.282957	-420.000000	0.000000	69.000000	2801.236479	1755.547324	2554.465084	0.000000	0	436.443570	28.122325	55.127293	-9.859455	-469.738787	50.393969	1.858782	-424.328148	46.123306	0.000000	-420.000000	0	47.136478	0.340366	0.166242	52.760631	-4.000337	-447.033468	6.637324	4.000337	27.033468	1.858782	4.328148	2.738787	1	1	0	1	0
eoi	3	64.000000	43	1	7	8.000000	55.000000	0.769518	1.734654	2801.393883	-420.000000	0.000000	70.000000	2848.406859	1755.547324	2554.465084	0.000000	0	436.274231	28.240814	55.090396	-10.349468	-469.786563	50.536508	1.893504	-424.431872	46.123306	0.000000	-420.000000	0	47.198265	0.061787	0.118489	52.813452	-4.227982	-447.109218	6.690146	4.227982	27.109218	1.893504	4.431872	2.786563	1	1	0	1	0
eoi	3	64.000000	43	1	7	8.000000	55.000000	0.769518	1.734654	2870.600861	-420.000000	0.000000	71.000000	2906.969373	1755.547324	2554.465084	0.000000	0	436.123156	28.208777	55.052540	-10.587266	-469.706339	50.441387	1.742931	-424.415994	46.123306	0.000000	-420.000000	0	47.164731	0.033535	0.032037	52.746964	-4.422167	-447.061166	6.623657	4.422167	27.061166	1.742931	4.415994	2.706339	1	1	0	1	0
eoi	3	64.000000	43	1	7	8.000000	55.000000	0.769518	1.734654	2907.081438	-420.000000	0.000000	72.000000	2954.232571	1755.547324	2554.465084	0.000000	0	435.986556	28.174835	55.238386	-10.668175	-469.553242	50.357503	1.607063	-424.437298	46.123306	0.000000	-420.000000	0	47.010136	0.154594	0.033942	52.797945	-4.530556	-446.995270	6.674638	4.530556	26.995270	1.607063	4.437298	2.553242	1	1	0	1	0
eoi	3	64.000000	43	1	7	8.000000	55.000000	0.769518	1.734654	2954.342925	-420.000000	0.000000	73.000000	3001.343069	1755.547324	2554.465084	0.000000	0	435.914028	28.108513	55.641751	-10.795890	-469.367470	50.157911	1.757973	-424.437593	46.123306	0.000000	-420.000000	0	46.971968	0.038169	0.066323	52.899831	-4.518959	-446.902532	6.776525	4.518959	26.902532	1.757973	4.437593	2.367470	1	1	0	1	0
eoi	3	64.000000	43	1	7	8.000000	55.000000	0.769518	1.734654	3001.454706	-420.000000	0.000000	74.000000	3048.358184	1755.547324	2554.465084	0.000000	0	436.072748	28.071271	55.525549	-10.605047	-469.321116	49.981125	1.800045	-424.517790	46.123306	0.000000	-420.000000	0	46.818425	0.153542	0.037241	52.753337	-4.402501	-446.919453	6.630031	4.402501	26.919453	1.800045	4.517790	2.321116	1	1	0	1	0
eoi	3	64.000000	43	1	7	8.000000	55.000000	0.769518	1.734654	3048.474954	-420.000000	0.000000	75.000000	3095.257384	1755.547324	2554.465084	0.000000	0	436.173979	28.170015	55.062918	-10.460270	-469.445394	50.112616	1.590526	-424.669018	46.123306	0.000000	-420.000000	0	46.633154	0.185272	0.098744	52.587767	-4.434872	-447.057206	6.464461	4.434872	27.057206	1.590526	4.669018	2.445394	1	1	0	1	0
eoi	3	64.000000	43	1	7	8.000000	55.000000	0.769518	1.734654	3095.369877	-420.000000	0.000000	76.000000	3142.293029	1755.547324	2554.465084	0.000000	0	435.912571	28.146652	55.058270	-10.627962	-469.310140	50.174142	1.219891	-424.650895	46.123306	0.000000	-420.000000	0	46.461538	0.171616	0.023363	52.616206	-4.704035	-446.980518	6.492900	4.704035	26.980518	1.219891	4.650895	2.310140	1	1	0	1	0
eoi	3	64.000000	43	1	7	8.000000	55.000000	0.769518	1.734654	3142.405522	-420.000000	0.000000	77.000000	3189.707643	1755.547324	2554.465084	0.000000	0	435.676618	28.220905	54.984559	-10.901702	-469.337911	50.178872	0.840462	-424.676949	46.123306	0.000000	-420.000000	0	46.428165	0.033372	0.074253	52.581715	-5.030620	-447.007430	6.458409	5.030620	27.007430	0.840462	4.676949	2.337911	1	1	0	1	0
eoi	3	64.000000	43	1	7	8.000000	55.000000	0.769518	1.734654	3189.818852	-420.000000	0.000000	78.000000	3236.475103	1755.547324	2554.465084	0.000000	0	435.452502	28.160630	55.377534	-11.018993	-469.091208	50.168188	0.733469	-424.662172	46.123306	0.000000	-420.000000	0	46.251453	0.176713	0.060276	52.772861	-5.142762	-446.876690	6.649555	5.142762	26.876690	0.733469	4.662172	2.091208	1	1	0	1	0
eoi	3	64.000000	43	1	7	8.000000	55.000000	0.769518	1.734654	3236.585884	-420.000000	0.000000	79.000000	3283.493639	1755.547324	2554.465084	0.000000	0	435.503797	28.178175	55.342970	-10.973949	-469.070334	50.198458	0.783021	-424.738875	46.123306	0.000000	-420.000000	0	46.151605	0.099848	0.017545	52.770714	-5.095464	-446.904605	6.647407	5.095464	26.904605	0.783021	4.738875	2.070334	1	1	0	1	0
eoi	3	64.000000	43	1	7	8.000000	55.000000	0.769518	1.734654	3283.658315	-420.000000	0.000000	80.000000	3330.608842	1755.547324	2554.465084	0.000000	0	435.491682	28.139751	55.400685	-10.921929	-468.985594	50.100226	0.721372	-424.751308	46.123306	0.000000	-420.000000	0	46.047077	0.104527	0.038423	52.750456	-5.100278	-446.868451	6.627149	5.100278	26.868451	0.721372	4.751308	1.985594	1	1	0	1	0
eoi	3	64.000000	43	1	7	8.000000	55.000000	0.769518	1.734654	3330.727323	-420.000000	0.000000	81.000000	3377.762969	1755.547324	2554.465084	0.000000	0	435.484617	28.151129	55.260832	-10.962225	-468.999543	50.186461	0.703091	-424.763236	46.123306	0.000000	-420.000000	0	46.029117	0.017960	0.011377	52.723647	-5.129567	-446.881390	6.600340	5.129567	26.881390	0.703091	4.763236	1.999543	1	1	0	1	0
eoi	3	64.000000	43	1	7	8.000000	55.000000	0.769518	1.734654	3377.875462	-420.000000	0.000000	82.000000	3424.704514	1755.547324	2554.465084	0.000000	0	435.256467	28.164043	55.265614	-11.034915	-468.891850	50.334199	0.335571	-424.774427	46.123306	0.000000	-420.000000	0	45.825254	0.203864	0.012914	52.799907	-5.349672	-446.833139	6.676600	5.349672	26.833139	0.335571	4.774427	1.891850	1	1	0	1	0
eoi	3	64.000000	43	1	7	8.000000	55.000000	0.769518	1.734654	3424.816151	-420.000000	0.000000	83.000000	3472.035293	1755.547324	2554.465084	0.000000	0	435.430245	28.159612	54.748853	-10.943253	-469.037706	50.290558	0.321399	-424.770989	46.123306	0.000000	-420.000000	0	45.894564	0.069311	0.004430	52.519706	-5.310927	-446.904347	6.396399	5.310927	26.904347	0.321399	4.770989	2.037706	1	1	0	1	0
eoi	3	64.000000	43	1	7	8.000000	55.000000	0.769518	1.734654	3472.147358	-420.000000	0.000000	84.000000	3519.109434	1755.547324	2554.465084	0.000000	0	435.452104	28.162050	54.762389	-10.794074	-468.957145	50.374453	0.273873	-424.853369	46.123306	0.000000	-420.000000	0	45.682563	0.212002	0.002437	52.568421	-5.260101	-446.905257	6.445115	5.260101	26.905257	0.273873	4.853369	1.957145	1	1	0	1	0
eoi	3	64.000000	43	1	7	8.000000	55.000000	0.769518	1.734654	3519.220216	-420.000000	0.000000	85.000000	3565.987675	1755.547324	2554.465084	0.000000	0	435.435774	28.214119	54.775106	-10.884444	-468.979351	50.394953	0.291154	-424.917891	46.123306	0.000000	-420.000000	0	45.667187	0.015375	0.052069	52.585029	-5.296645	-446.948621	6.461723	5.296645	26.948621	0.291154	4.917891	1.979351	1	1	0	1	0
eoi	3	64.000000	43	1	7	8.000000	55.000000	0.769518	1.734654	3566.098885	-420.000000	0.000000	86.000000	3612.990814	1755.547324	2554.465084	0.000000	0	435.507149	28.257684	54.738145	-10.823469	-468.982360	50.440701	0.349612	-425.027293	46.123306	0.000000	-420.000000	0	45.556050	0.111137	0.043566	52.589423	-5.236928	-447.004826	6.466117	5.236928	27.004826	0.349612	5.027293	1.982360	1	1	0	1	0
eoi	3	64.000000	43	1	7	8.000000	55.000000	0.769518	1.734654	3613.102879	-420.000000	0.000000	87.000000	3660.188141	1755.547324	2554.465084	0.000000	0	435.485781	28.290867	54.744687	-10.887811	-469.009879	50.446310	0.337556	-425.051454	46.123306	0.000000	-420.000000	0	45.572228	0.016178	0.033183	52.595499	-5.275127	-447.030667	6.472192	5.275127	27.030667	0.337556	5.051454	2.009879	1	1	0	1	0
eoi	3	64.000000	43	1	7	8.000000	55.000000	0.769518	1.734654	3660.299778	-420.000000	0.000000	88.000000	3707.320026	1755.547324	2554.465084	0.000000	0	435.251293	28.385805	54.555675	-11.073288	-469.105603	50.496810	-0.181607	-425.045600	46.123306	0.000000	-420.000000	0	45.567389	0.004839	0.094938	52.526242	-5.627448	-447.075601	6.402936	5.627448	27.075601	0.181607	5.045600	2.105603	1	1	0	1	0
eoi	3	64.000000	43	1	7	8.000000	55.000000	0.769518	1.734654	3707.431663	-420.000000	0.000000	89.000000	3754.466881	1755.547324	2554.465084	0.000000	0	434.997078	28.479889	54.715641	-11.554039	-469.110478	50.439213	-0.309859	-425.084000	46.123306	0.000000	-420.000000	0	45.640445	0.073056	0.094083	52.577427	-5.931949	-447.097239	6.454120	5.931949	27.097239	0.309859	5.084000	2.110478	1	1	0	1	0
eoi	3	64.000000	43	1	7	8.000000	55.000000	0.769518	1.734654	3754.578946	-420.000000	0.000000	90.000000	3801.716819	1755.547324	2554.465084	0.000000	0	435.266058	28.542153	54.402963	-11.348217	-469.268684	50.475005	-0.136459	-425.203044	46.123306	0.000000	-420.000000	0	45.638942	0.001504	0.062264	52.438984	-5.742338	-447.235864	6.315677	5.742338	27.235864	0.136459	5.203044	2.268684	1	1	0	1	0
eoi	3	64.000000	43	1	7	8.000000	55.000000	0.769518	1.734654	3801.833161	-420.000000	0.000000	91.000000	3848.364942	1755.547324	2554.465084	0.000000	0	435.507367	28.610540	54.276609	-11.128668	-469.311285	50.569836	0.094442	-425.403814	46.123306	0.000000	-420.000000	0	45.470478	0.168464	0.068387	52.423222	-5.517113	-447.357550	6.299916	5.517113	27.357550	0.094442	5.403814	2.311285	1	1	0	1	0
eoi	3	64.000000	43	1	7	8.000000	55.000000	0.769518	1.734654	3848.480856	-420.000000	0.000000	92.000000	3884.006315	1755.547324	2554.465084	3884.001610	0	435.629073	28.667732	  54.453147  -11.098079 -469.286055	  50.561446    0.371257 -425.570753	46.123306	0.000000	-420.000000	0	45.362084	0.108394	0.057191	0
