subjName	sessionNR	IOD	trialN	textureType	texnum	visualAngle	simulatedDepth	light_intensity	ambient_intensity	time	displayDistance	isRotated	frameN	timTote	startTime	touchTime	endTime	fingersOccluded	distanceToHome	distanceToObject	indexXraw	indexYraw	indexZraw	thumbXraw	thumbYraw	thumbZraw	targetX	targetY	targetZ	failCause	gripAperture	gripApertureVel	distFromObjVel	gripOriginX	gripOriginY	gripOriginZ	distFromObjX	distFromObjY	distFromObjZ	y_dist_thm	z_dist_thm	z_dist_ind	handOnObj	handnearObj	handfarObj	handTouchObj	framesOccluded
eoi	3	64.000000	107	2	5	8.000000	55.000000	0.455240	2.514724	911.592268	-420.000000	0.000000	30.000000	958.796439	0.000000	0.000000	0.000000	0	8.830468	425.440867	219.181682	-354.381623	-259.931076	223.010316	-351.257710	-258.182169	46.123306	0.000000	-420.000000	0	5.241750	0.140173	0.021262	221.095999	-352.819667	-259.056623	174.972693	352.819667	160.943377	351.257710	161.817831	207.068924	0	0	1	0	0
eoi	3	64.000000	107	2	5	8.000000	55.000000	0.455240	2.514724	958.925613	-420.000000	0.000000	31.000000	1006.107542	0.000000	0.000000	0.000000	0	8.787523	425.507932	219.165169	-354.401782	-259.968273	223.208875	-351.307374	-258.141422	46.123306	0.000000	-420.000000	0	5.409649	0.167899	0.067065	221.187022	-352.854578	-259.054847	175.063715	352.854578	160.945153	351.307374	161.858578	207.031727	0	0	1	0	0
eoi	3	64.000000	107	2	5	8.000000	55.000000	0.455240	2.514724	1006.222601	-420.000000	0.000000	32.000000	1052.892966	0.000000	0.000000	0.000000	0	8.917132	425.384418	219.071744	-354.396241	-259.989948	222.973579	-351.236585	-258.248042	46.123306	0.000000	-420.000000	0	5.314317	0.095332	0.123514	221.022661	-352.816413	-259.118995	174.899355	352.816413	160.881005	351.236585	161.751958	207.010052	0	0	1	0	0
eoi	3	64.000000	107	2	5	8.000000	55.000000	0.455240	2.514724	1053.001182	-420.000000	0.000000	33.000000	1099.633051	0.000000	0.000000	0.000000	0	8.950372	425.365500	219.138297	-354.390322	-260.027460	222.942631	-351.218500	-258.296655	46.123306	0.000000	-420.000000	0	5.246817	0.067500	0.018919	221.040464	-352.804411	-259.162058	174.917158	352.804411	160.837942	351.218500	161.703345	206.972540	0	0	1	0	0
eoi	3	64.000000	107	2	5	8.000000	55.000000	0.455240	2.514724	1099.754526	-420.000000	0.000000	34.000000	1146.697355	0.000000	0.000000	0.000000	0	8.917116	425.392862	219.082912	-354.376668	-260.019078	223.029641	-351.257106	-258.249438	46.123306	0.000000	-420.000000	0	5.332913	0.086096	0.027363	221.056277	-352.816887	-259.134258	174.932971	352.816887	160.865742	351.257106	161.750562	206.980922	0	0	1	0	0
eoi	3	64.000000	107	2	5	8.000000	55.000000	0.455240	2.514724	1146.808137	-420.000000	0.000000	35.000000	1194.053797	0.000000	0.000000	0.000000	0	9.010836	425.310170	219.136368	-354.380173	-260.044905	222.777782	-351.202663	-258.333522	46.123306	0.000000	-420.000000	0	5.126919	0.205994	0.082693	220.957075	-352.791418	-259.189213	174.833769	352.791418	160.810787	351.202663	161.666478	206.955095	0	0	1	0	0
eoi	3	64.000000	107	2	5	8.000000	55.000000	0.455240	2.514724	1194.163296	-420.000000	0.000000	36.000000	1241.316995	0.000000	0.000000	0.000000	0	9.022444	425.297560	219.101225	-354.362267	-260.042982	222.775978	-351.211878	-258.342910	46.123306	0.000000	-420.000000	0	5.130205	0.003286	0.012609	220.938602	-352.787073	-259.192946	174.815295	352.787073	160.807054	351.211878	161.657090	206.957018	0	0	1	0	0
eoi	3	64.000000	107	2	5	8.000000	55.000000	0.455240	2.514724	1241.428204	-420.000000	0.000000	37.000000	1288.414233	0.000000	0.000000	0.000000	0	9.060676	425.249204	218.926080	-354.334776	-260.016968	222.737161	-351.220673	-258.351141	46.123306	0.000000	-420.000000	0	5.195860	0.065655	0.048356	220.831620	-352.777724	-259.184055	174.708314	352.777724	160.815945	351.220673	161.648859	206.983032	0	0	1	0	0
eoi	3	64.000000	107	2	5	8.000000	55.000000	0.455240	2.514724	1288.524587	-420.000000	0.000000	38.000000	1335.140631	0.000000	0.000000	0.000000	0	9.109231	425.207663	218.873358	-354.334917	-260.024936	222.603287	-351.221578	-258.362501	46.123306	0.000000	-420.000000	0	5.135070	0.060790	0.041542	220.738323	-352.778248	-259.193718	174.615017	352.778248	160.806282	351.221578	161.637499	206.975064	0	0	1	0	0
eoi	3	64.000000	107	2	5	8.000000	55.000000	0.455240	2.514724	1335.346796	-420.000000	0.000000	39.000000	1381.948297	0.000000	0.000000	0.000000	0	9.148723	425.166630	218.830723	-354.311582	-260.024146	222.560963	-351.206899	-258.404640	46.123306	0.000000	-420.000000	0	5.116302	0.018768	0.041032	220.695843	-352.759240	-259.214393	174.572536	352.759240	160.785607	351.206899	161.595360	206.975854	0	0	1	0	0
eoi	3	64.000000	107	2	5	8.000000	55.000000	0.455240	2.514724	1382.066350	-420.000000	0.000000	40.000000	1429.644784	0.000000	0.000000	0.000000	0	9.259567	425.063735	218.866550	-354.312424	-260.040649	222.309114	-351.124141	-258.518088	46.123306	0.000000	-420.000000	0	4.933010	0.183292	0.102895	220.587832	-352.718282	-259.279368	174.464526	352.718282	160.720632	351.124141	161.481912	206.959351	0	0	1	0	0
eoi	3	64.000000	107	2	5	8.000000	55.000000	0.455240	2.514724	1429.755566	-420.000000	0.000000	41.000000	1476.896860	0.000000	0.000000	0.000000	0	9.207608	425.123661	218.842742	-354.306762	-260.049135	222.428801	-351.200226	-258.451262	46.123306	0.000000	-420.000000	0	5.006355	0.073345	0.059926	220.635772	-352.753494	-259.250199	174.512466	352.753494	160.749801	351.200226	161.548738	206.950865	0	0	1	0	0
eoi	3	64.000000	107	2	5	8.000000	55.000000	0.455240	2.514724	1477.007215	-420.000000	0.000000	42.000000	1524.214807	0.000000	0.000000	0.000000	0	9.232991	425.116355	218.767989	-354.272997	-260.069392	222.458914	-351.256027	-258.469547	46.123306	0.000000	-420.000000	0	5.028374	0.022019	0.007306	220.613452	-352.764512	-259.269469	174.490145	352.764512	160.730531	351.256027	161.530453	206.930608	0	0	1	0	0
eoi	3	64.000000	107	2	5	8.000000	55.000000	0.455240	2.514724	1524.324734	-420.000000	0.000000	43.000000	1570.597738	0.000000	0.000000	0.000000	0	9.414499	424.950276	218.497116	-354.204756	-260.076066	222.213337	-351.240775	-258.597770	46.123306	0.000000	-420.000000	0	4.978036	0.050338	0.166079	220.355227	-352.722765	-259.336918	174.231920	352.722765	160.663082	351.240775	161.402230	206.923934	0	0	1	0	0
eoi	3	64.000000	107	2	5	8.000000	55.000000	0.455240	2.514724	1570.707665	-420.000000	0.000000	44.000000	1617.863075	0.000000	0.000000	0.000000	0	9.584955	424.802833	218.107159	-354.167252	-260.052900	222.011607	-351.245270	-258.687192	46.123306	0.000000	-420.000000	0	5.064371	0.086335	0.147442	220.059383	-352.706261	-259.370046	173.936077	352.706261	160.629954	351.245270	161.312808	206.947100	0	0	1	0	0
eoi	3	64.000000	107	2	5	8.000000	55.000000	0.455240	2.514724	1634.273325	-420.000000	0.000000	45.000000	1676.719866	0.000000	0.000000	0.000000	0	9.595954	424.827408	218.099442	-354.168537	-260.092822	222.063292	-351.308866	-258.707374	46.123306	0.000000	-420.000000	0	5.080285	0.015914	0.024575	220.081367	-352.738701	-259.400098	173.958060	352.738701	160.599902	351.308866	161.292626	206.907178	0	0	1	0	0
eoi	3	64.000000	107	2	5	8.000000	55.000000	0.455240	2.514724	1676.831076	-420.000000	0.000000	46.000000	1724.179391	0.000000	0.000000	0.000000	0	9.602203	424.853261	218.180375	-354.199330	-260.139677	222.064966	-351.330491	-258.728371	46.123306	0.000000	-420.000000	0	5.031111	0.049174	0.025853	220.122671	-352.764910	-259.434024	173.999365	352.764910	160.565976	351.330491	161.271629	206.860323	0	0	1	0	0
eoi	3	64.000000	107	2	5	8.000000	55.000000	0.455240	2.514724	1724.289745	-420.000000	0.000000	47.000000	1770.503724	0.000000	0.000000	0.000000	0	9.693531	424.762471	217.940949	-354.183476	-260.093417	221.897140	-351.319163	-258.754253	46.123306	0.000000	-420.000000	0	5.064493	0.033382	0.090790	219.919045	-352.751320	-259.423835	173.795738	352.751320	160.576165	351.319163	161.245747	206.906583	0	0	1	0	0
eoi	3	64.000000	107	2	5	8.000000	55.000000	0.455240	2.514724	1770.614505	-420.000000	0.000000	48.000000	1818.071464	0.000000	0.000000	0.000000	0	9.688332	424.794384	218.043676	-354.205372	-260.141613	221.865012	-351.356185	-258.743075	46.123306	0.000000	-420.000000	0	4.967533	0.096960	0.031912	219.954344	-352.780778	-259.442344	173.831038	352.780778	160.557656	351.356185	161.256925	206.858387	0	0	1	0	0
eoi	3	64.000000	107	2	5	8.000000	55.000000	0.455240	2.514724	1818.190800	-420.000000	0.000000	49.000000	1864.845767	0.000000	0.000000	0.000000	0	9.749452	424.760801	217.806923	-354.232033	-260.128437	221.865908	-351.370877	-258.769541	46.123306	0.000000	-420.000000	0	5.148609	0.181076	0.033583	219.836416	-352.801455	-259.448989	173.713110	352.801455	160.551011	351.370877	161.230459	206.871563	0	0	1	0	0
eoi	3	64.000000	107	2	5	8.000000	55.000000	0.455240	2.514724	1864.959543	-420.000000	0.000000	50.000000	1912.099983	0.000000	0.000000	0.000000	0	9.742814	424.772118	217.706031	-354.242277	-260.096749	221.892965	-351.400292	-258.748622	46.123306	0.000000	-420.000000	0	5.236864	0.088255	0.011317	219.799498	-352.821284	-259.422686	173.676192	352.821284	160.577314	351.400292	161.251378	206.903251	0	0	1	0	0
eoi	3	64.000000	107	2	5	8.000000	55.000000	0.455240	2.514724	1912.211192	-420.000000	0.000000	51.000000	1959.154876	0.000000	0.000000	0.000000	0	9.766867	424.795312	217.911664	-354.379672	-260.125438	221.644896	-351.360220	-258.765184	46.123306	0.000000	-420.000000	0	4.990431	0.246433	0.023194	219.778280	-352.869946	-259.445311	173.654974	352.869946	160.554689	351.360220	161.234816	206.874562	0	0	1	0	0
eoi	3	64.000000	107	2	5	8.000000	55.000000	0.455240	2.514724	1959.265658	-420.000000	0.000000	52.000000	2006.325684	0.000000	0.000000	0.000000	0	9.804439	424.831051	217.783555	-354.563789	-260.115904	221.502342	-351.374164	-258.728325	46.123306	0.000000	-420.000000	0	5.091999	0.101569	0.035739	219.642949	-352.968976	-259.422114	173.519643	352.968976	160.577886	351.374164	161.271675	206.884096	0	0	1	0	0
eoi	3	64.000000	107	2	5	8.000000	55.000000	0.455240	2.514724	2006.436038	-420.000000	0.000000	53.000000	2053.662023	0.000000	0.000000	0.000000	0	9.906495	424.815220	217.713893	-354.731405	-260.101168	221.197293	-351.366366	-258.773474	46.123306	0.000000	-420.000000	0	5.021985	0.070014	0.015831	219.455593	-353.048886	-259.437321	173.332287	353.048886	160.562679	351.366366	161.226526	206.898832	0	0	1	0	0
eoi	3	64.000000	107	2	5	8.000000	55.000000	0.455240	2.514724	2053.771949	-420.000000	0.000000	54.000000	2100.997934	0.000000	0.000000	0.000000	0	10.002122	424.196734	218.041344	-353.833878	-260.209291	221.395807	-350.641101	-258.939948	46.123306	0.000000	-420.000000	0	4.801820	0.220165	0.618486	219.718575	-352.237490	-259.574619	173.595269	352.237490	160.425381	350.641101	161.060052	206.790709	0	0	1	0	0
eoi	3	64.000000	107	2	5	8.000000	55.000000	0.455240	2.514724	2101.108289	-420.000000	0.000000	55.000000	2148.568669	2136.348024	0.000000	0.000000	0	13.749514	418.060830	219.807039	-345.334443	-260.813701	223.545869	-342.745603	-259.233722	46.123306	0.000000	-420.000000	0	4.814279	0.012459	6.135904	221.676454	-344.040023	-260.023712	175.553148	344.040023	159.976288	342.745603	160.766278	206.186299	0	0	1	0	0
eoi	3	64.000000	107	2	5	8.000000	55.000000	0.455240	2.514724	2148.699554	-420.000000	0.000000	56.000000	2195.462309	2136.348024	0.000000	0.000000	0	30.475901	402.986067	221.388736	-326.605018	-262.330835	225.018360	-324.215751	-260.503972	46.123306	0.000000	-420.000000	0	4.713830	0.100449	15.074763	223.203548	-325.410384	-261.417403	177.080242	325.410384	158.582597	324.215751	159.496028	204.669165	0	0	1	0	0
eoi	3	64.000000	107	2	5	8.000000	55.000000	0.455240	2.514724	2195.574801	-420.000000	0.000000	57.000000	2242.524901	2136.348024	0.000000	0.000000	0	54.893235	381.102607	220.020711	-302.520855	-267.044311	222.841205	-300.109103	-264.957585	46.123306	0.000000	-420.000000	0	4.257483	0.456347	21.883460	221.430958	-301.314979	-266.000948	175.307652	301.314979	153.999052	300.109103	155.042415	199.955689	0	0	1	0	0
eoi	3	64.000000	107	2	5	8.000000	55.000000	0.455240	2.514724	2242.636539	-420.000000	0.000000	58.000000	2289.557981	2136.348024	0.000000	0.000000	0	83.777062	353.089866	214.409038	-276.688478	-279.791217	216.148490	-273.037458	-273.787878	46.123306	0.000000	-420.000000	0	7.238488	2.981005	28.012741	215.278764	-274.862968	-276.789548	169.155457	274.862968	143.210452	273.037458	146.212122	187.208783	0	0	1	0	0
eoi	3	64.000000	107	2	5	8.000000	55.000000	0.455240	2.514724	2289.682877	-420.000000	0.000000	59.000000	2336.327151	2136.348024	0.000000	0.000000	0	119.303887	316.883456	203.079337	-248.268082	-301.889498	202.212785	-240.961789	-284.502261	46.123306	0.000000	-420.000000	0	18.879853	11.641364	36.206411	202.646061	-244.614936	-293.195880	156.522755	244.614936	126.804120	240.961789	135.497739	165.110502	0	0	1	0	0
eoi	3	64.000000	107	2	5	8.000000	55.000000	0.455240	2.514724	2336.443066	-420.000000	0.000000	60.000000	2383.595054	2136.348024	0.000000	0.000000	0	158.855044	276.783994	189.195332	-218.273554	-328.211224	185.511127	-206.372160	-296.544800	46.123306	0.000000	-420.000000	0	34.029090	15.149237	40.099462	187.353230	-212.322857	-312.378012	141.229924	212.322857	107.621988	206.372160	123.455200	138.788776	0	0	1	0	0
eoi	3	64.000000	107	2	5	8.000000	55.000000	0.455240	2.514724	2383.706263	-420.000000	0.000000	61.000000	2430.561407	2136.348024	0.000000	0.000000	0	199.655054	236.013579	174.275821	-188.097993	-356.626275	169.431886	-172.693786	-311.891224	46.123306	0.000000	-420.000000	0	47.560258	13.531168	40.770415	171.853853	-180.395889	-334.258750	125.730547	180.395889	85.741250	172.693786	108.108776	110.373725	0	0	0	0	0
eoi	3	64.000000	107	2	5	8.000000	55.000000	0.455240	2.514724	2430.671761	-420.000000	0.000000	62.000000	2477.302775	2136.348024	0.000000	0.000000	0	239.968327	196.561821	159.924827	-157.459797	-382.182027	154.221783	-140.854886	-330.088031	46.123306	0.000000	-420.000000	0	54.973013	7.412755	39.451758	157.073305	-149.157342	-356.135029	110.949999	149.157342	63.864971	140.854886	89.911969	84.817973	0	0	0	0	0
eoi	3	64.000000	107	2	5	8.000000	55.000000	0.455240	2.514724	2477.414412	-420.000000	0.000000	63.000000	2524.663067	2136.348024	0.000000	0.000000	0	278.221982	159.746087	145.245426	-128.856020	-406.895227	139.347010	-111.558827	-347.787512	46.123306	0.000000	-420.000000	0	61.868459	6.895445	36.815733	142.296218	-120.207424	-377.341369	96.172912	120.207424	42.658631	111.558827	72.212488	60.104773	0	0	0	0	0
eoi	3	64.000000	107	2	5	8.000000	55.000000	0.455240	2.514724	2524.773849	-420.000000	0.000000	64.000000	2571.671766	2136.348024	0.000000	0.000000	0	313.380228	126.799449	131.633875	-102.123717	-429.937842	124.239016	-86.050178	-363.916441	46.123306	0.000000	-420.000000	0	68.351064	6.482605	32.946638	127.936446	-94.086947	-396.927142	81.813139	94.086947	23.072858	86.050178	56.083559	37.062158	0	0	0	0	0
eoi	3	64.000000	107	2	5	8.000000	55.000000	0.455240	2.514724	2571.782975	-420.000000	0.000000	65.000000	2618.753179	2136.348024	0.000000	0.000000	0	343.792308	100.089666	119.619160	-79.771683	-450.526144	110.452727	-65.053440	-379.392061	46.123306	0.000000	-420.000000	0	73.216855	4.865792	26.709783	115.035944	-72.412561	-414.959103	68.912637	72.412561	5.040897	65.053440	40.607939	16.473856	0	0	0	0	0
eoi	3	64.000000	107	2	5	8.000000	55.000000	0.455240	2.514724	2618.864388	-420.000000	0.000000	66.000000	2665.467600	2136.348024	0.000000	0.000000	0	367.920326	80.434552	106.813168	-64.435230	-468.179079	97.137024	-49.534440	-392.121005	46.123306	0.000000	-420.000000	0	78.105645	4.888790	19.655114	101.975096	-56.984835	-430.150042	55.851790	56.984835	10.150042	49.534440	27.878995	1.179079	0	0	0	0	0
eoi	3	64.000000	107	2	5	8.000000	55.000000	0.455240	2.514724	2665.584797	-420.000000	0.000000	67.000000	2712.649101	2136.348024	0.000000	0.000000	0	386.121289	66.026840	92.264791	-54.402431	-480.011861	83.494986	-39.132626	-401.399715	46.123306	0.000000	-420.000000	0	80.560200	2.454555	14.407713	87.879889	-46.767529	-440.705788	41.756582	46.767529	20.705788	39.132626	18.600285	13.011861	0	0	0	0	0
eoi	3	64.000000	107	2	5	8.000000	55.000000	0.455240	2.514724	2712.760311	-420.000000	0.000000	68.000000	2759.792107	2136.348024	0.000000	0.000000	0	400.631657	55.089324	77.175209	-46.900804	-487.655506	70.175225	-31.297506	-407.006431	46.123306	0.000000	-420.000000	0	82.442319	1.882119	10.937516	73.675217	-39.099155	-447.330969	27.551911	39.099155	27.330969	31.297506	12.993569	20.655506	0	0	0	0	0
eoi	3	64.000000	107	2	5	8.000000	55.000000	0.455240	2.514724	2759.997417	-420.000000	0.000000	69.000000	2806.474876	2136.348024	0.000000	0.000000	0	411.976691	49.217568	65.778376	-41.436029	-492.896923	59.361184	-25.008305	-411.853988	46.123306	0.000000	-420.000000	0	82.939784	0.497464	5.871756	62.569780	-33.222167	-452.375455	16.446474	33.222167	32.375455	25.008305	8.146012	25.896923	0	1	0	0	0
eoi	3	64.000000	107	2	5	8.000000	55.000000	0.455240	2.514724	2806.589935	-420.000000	0.000000	70.000000	2853.324887	2136.348024	0.000000	0.000000	0	421.334409	44.919299	56.733229	-35.746602	-494.901409	52.513079	-18.019491	-415.035644	46.123306	0.000000	-420.000000	0	81.918255	1.021529	4.298268	54.623154	-26.883046	-454.968526	8.499848	26.883046	34.968526	18.019491	4.964356	27.901409	0	1	0	0	0
eoi	3	64.000000	107	2	5	8.000000	55.000000	0.455240	2.514724	2853.435241	-420.000000	0.000000	71.000000	2900.725386	2136.348024	2888.841363	0.000000	0	428.001591	40.503975	50.546822	-28.754279	-491.147100	49.592688	-12.286341	-418.247841	46.123306	0.000000	-420.000000	0	74.742260	7.175995	4.415324	50.069755	-20.520310	-454.697470	3.946448	20.520310	34.697470	12.286341	1.752159	24.147100	0	1	0	1	0
eoi	3	64.000000	107	2	5	8.000000	55.000000	0.455240	2.514724	2900.837878	-420.000000	0.000000	72.000000	2947.764453	2136.348024	2888.841363	0.000000	0	431.332780	35.211458	43.660039	-24.650549	-481.516604	48.795763	-7.766635	-421.001149	46.123306	0.000000	-420.000000	0	63.036200	11.706059	5.292517	46.227901	-16.208592	-451.258877	0.104594	16.208592	31.258877	7.766635	1.001149	14.516604	0	1	0	1	0
eoi	3	64.000000	107	2	5	8.000000	55.000000	0.455240	2.514724	2947.880368	-420.000000	0.000000	73.000000	2993.991691	2136.348024	2888.841363	0.000000	0	432.831972	34.108031	41.599620	-23.924602	-477.587250	48.006362	-5.551037	-423.875299	46.123306	0.000000	-420.000000	0	57.127996	5.908205	1.103427	44.802991	-14.737819	-450.731274	1.320316	14.737819	30.731274	5.551037	3.875299	10.587250	0	1	0	1	0
eoi	3	64.000000	107	2	5	8.000000	55.000000	0.455240	2.514724	2994.103756	-420.000000	0.000000	74.000000	3041.139402	2136.348024	2888.841363	0.000000	0	433.640224	34.457860	41.765069	-23.707138	-476.966973	47.822681	-4.513342	-425.849518	46.123306	0.000000	-420.000000	0	54.937152	2.190843	0.349830	44.793875	-14.110240	-451.408245	1.329431	14.110240	31.408245	4.513342	5.849518	9.966973	0	1	0	1	0
eoi	3	64.000000	107	2	5	8.000000	55.000000	0.455240	2.514724	3041.251467	-420.000000	0.000000	75.000000	3088.409870	2136.348024	2888.841363	0.000000	0	433.286312	34.215354	42.743740	-23.842494	-476.450169	48.006784	-4.375994	-425.873506	46.123306	0.000000	-420.000000	0	54.448537	0.488616	0.242506	45.375262	-14.109244	-451.161838	0.748044	14.109244	31.161838	4.375994	5.873506	9.450169	0	1	0	1	0
eoi	3	64.000000	107	2	5	8.000000	55.000000	0.455240	2.514724	3088.521508	-420.000000	0.000000	76.000000	3135.426268	2136.348024	2888.841363	0.000000	0	432.886314	33.994144	43.413409	-23.865082	-476.187285	48.403511	-4.496353	-425.601481	46.123306	0.000000	-420.000000	0	54.396437	0.052100	0.221211	45.908460	-14.180717	-450.894383	0.214846	14.180717	30.894383	4.496353	5.601481	9.187285	0	1	0	1	0
eoi	3	64.000000	107	2	5	8.000000	55.000000	0.455240	2.514724	3135.538333	-420.000000	0.000000	77.000000	3182.498271	2136.348024	2888.841363	0.000000	0	432.301307	33.889705	44.323107	-23.976307	-475.885199	48.802640	-4.906700	-425.425872	46.123306	0.000000	-420.000000	0	54.128179	0.268258	0.104439	46.562873	-14.441503	-450.655536	0.439567	14.441503	30.655536	4.906700	5.425872	8.885199	0	1	0	1	0
eoi	3	64.000000	107	2	5	8.000000	55.000000	0.455240	2.514724	3182.609480	-420.000000	0.000000	78.000000	3229.367530	2136.348024	2888.841363	0.000000	0	431.944739	33.574629	45.614002	-23.732660	-475.234862	49.221054	-4.817734	-425.487438	46.123306	0.000000	-420.000000	0	53.344086	0.784094	0.315076	47.417528	-14.275197	-450.361150	1.294222	14.275197	30.361150	4.817734	5.487438	8.234862	0	1	0	1	0
eoi	3	64.000000	107	2	5	8.000000	55.000000	0.455240	2.514724	3229.479595	-420.000000	0.000000	79.000000	3276.510536	2136.348024	2888.841363	0.000000	0	431.768795	33.220999	46.633551	-23.335835	-474.747337	49.321828	-4.721359	-425.365706	46.123306	0.000000	-420.000000	0	52.841944	0.502142	0.353630	47.977690	-14.028597	-450.056522	1.854383	14.028597	30.056522	4.721359	5.365706	7.747337	1	1	0	1	0
eoi	3	64.000000	107	2	5	8.000000	55.000000	0.455240	2.514724	3276.689326	-420.000000	0.000000	80.000000	3323.385355	2136.348024	2888.841363	0.000000	0	431.460849	32.974517	47.138398	-22.863968	-474.242427	49.687221	-5.174267	-425.273665	46.123306	0.000000	-420.000000	0	52.128320	0.713624	0.246482	48.412810	-14.019118	-449.758046	2.289503	14.019118	29.758046	5.174267	5.273665	7.242427	1	1	0	1	0
eoi	3	64.000000	107	2	5	8.000000	55.000000	0.455240	2.514724	3323.499987	-420.000000	0.000000	81.000000	3370.549320	2136.348024	2888.841363	0.000000	0	430.574637	32.857783	48.921448	-22.683443	-473.564034	50.420260	-5.863349	-425.200545	46.123306	0.000000	-420.000000	0	51.226839	0.901481	0.116735	49.670854	-14.273396	-449.382290	3.547548	14.273396	29.382290	5.863349	5.200545	6.564034	1	1	0	1	0
eoi	3	64.000000	107	2	5	8.000000	55.000000	0.455240	2.514724	3370.660957	-420.000000	0.000000	82.000000	3417.848018	2136.348024	2888.841363	0.000000	0	430.318383	32.646531	49.945069	-22.327251	-473.102970	50.626978	-5.943893	-425.160342	46.123306	0.000000	-420.000000	0	50.669270	0.557569	0.211252	50.286023	-14.135572	-449.131656	4.162717	14.135572	29.131656	5.943893	5.160342	6.102970	1	1	0	1	0
eoi	3	64.000000	107	2	5	8.000000	55.000000	0.455240	2.514724	3417.958800	-420.000000	0.000000	83.000000	3464.936275	2136.348024	2888.841363	0.000000	0	430.098588	32.503843	50.844492	-22.224115	-472.672842	50.794499	-5.835396	-425.210198	46.123306	0.000000	-420.000000	0	50.212501	0.456770	0.142688	50.819496	-14.029755	-448.941520	4.696189	14.029755	28.941520	5.835396	5.210198	5.672842	1	1	0	1	0
eoi	3	64.000000	107	2	5	8.000000	55.000000	0.455240	2.514724	3465.052617	-420.000000	0.000000	84.000000	3511.658823	2136.348024	2888.841363	0.000000	0	430.218675	32.383831	50.898956	-22.078160	-472.493163	50.778482	-5.603549	-425.296390	46.123306	0.000000	-420.000000	0	49.989627	0.222874	0.120012	50.838719	-13.840855	-448.894777	4.715413	13.840855	28.894777	5.603549	5.296390	5.493163	1	1	0	1	0
eoi	3	64.000000	107	2	5	8.000000	55.000000	0.455240	2.514724	3511.770460	-420.000000	0.000000	85.000000	3558.984041	2136.348024	2888.841363	0.000000	0	430.376548	32.332325	50.706237	-22.100237	-472.448121	50.694425	-5.347360	-425.382232	46.123306	0.000000	-420.000000	0	49.958552	0.031074	0.051506	50.700331	-13.723799	-448.915176	4.577024	13.723799	28.915176	5.347360	5.382232	5.448121	1	1	0	1	0
eoi	3	64.000000	107	2	5	8.000000	55.000000	0.455240	2.514724	3559.095678	-420.000000	0.000000	86.000000	3606.002150	2136.348024	2888.841363	0.000000	0	430.475271	32.303424	50.672426	-22.122850	-472.401289	50.792809	-5.068818	-425.475089	46.123306	0.000000	-420.000000	0	49.929178	0.029375	0.028900	50.732617	-13.595834	-448.938189	4.609311	13.595834	28.938189	5.068818	5.475089	5.401289	1	1	0	1	0
eoi	3	64.000000	107	2	5	8.000000	55.000000	0.455240	2.514724	3606.114642	-420.000000	0.000000	87.000000	3653.128474	2136.348024	2888.841363	0.000000	0	430.285990	32.353265	50.765491	-22.288332	-472.339169	50.789848	-5.286833	-425.452638	46.123306	0.000000	-420.000000	0	49.873825	0.055353	0.049841	50.777670	-13.787583	-448.895903	4.654363	13.787583	28.895903	5.286833	5.452638	5.339169	1	1	0	1	0
eoi	3	64.000000	107	2	5	8.000000	55.000000	0.455240	2.514724	3653.237545	-420.000000	0.000000	88.000000	3700.113648	2136.348024	2888.841363	0.000000	0	430.146839	32.429443	50.663285	-22.525304	-472.339826	50.886040	-5.405481	-425.452958	46.123306	0.000000	-420.000000	0	49.915091	0.041267	0.076178	50.774662	-13.965393	-448.896392	4.651356	13.965393	28.896392	5.405481	5.452958	5.339826	1	1	0	1	0
eoi	3	64.000000	107	2	5	8.000000	55.000000	0.455240	2.514724	3700.225713	-420.000000	0.000000	89.000000	3747.118069	2136.348024	2888.841363	0.000000	0	430.173043	32.407883	50.511221	-22.611233	-472.357959	50.778091	-5.368394	-425.404084	46.123306	0.000000	-420.000000	0	50.020527	0.105436	0.021560	50.644656	-13.989814	-448.881022	4.521350	13.989814	28.881022	5.368394	5.404084	5.357959	1	1	0	1	0
eoi	3	64.000000	107	2	5	8.000000	55.000000	0.455240	2.514724	3747.345621	-420.000000	0.000000	90.000000	3794.316252	2136.348024	2888.841363	0.000000	0	430.020778	32.436567	50.693111	-22.719777	-472.265083	50.920937	-5.436367	-425.423791	46.123306	0.000000	-420.000000	0	49.928697	0.091830	0.028684	50.807024	-14.078072	-448.844437	4.683718	14.078072	28.844437	5.436367	5.423791	5.265083	1	1	0	1	0
eoi	3	64.000000	107	2	5	8.000000	55.000000	0.455240	2.514724	3794.431739	-420.000000	0.000000	91.000000	3841.156425	2136.348024	2888.841363	0.000000	0	430.028597	32.348044	50.869575	-22.733337	-472.154826	50.798440	-5.291712	-425.390094	46.123306	0.000000	-420.000000	0	49.911477	0.017220	0.088523	50.834007	-14.012524	-448.772460	4.710701	14.012524	28.772460	5.291712	5.390094	5.154826	1	1	0	1	0
eoi	3	64.000000	107	2	5	8.000000	55.000000	0.455240	2.514724	3841.268490	-420.000000	0.000000	92.000000	3888.280611	2136.348024	2888.841363	0.000000	0	430.119035	32.295091	50.771594	-22.666625	-472.121821	50.868596	-5.139214	-425.415016	46.123306	0.000000	-420.000000	0	49.887325	0.024152	0.052954	50.820095	-13.902919	-448.768418	4.696788	13.902919	28.768418	5.139214	5.415016	5.121821	1	1	0	1	0
eoi	3	64.000000	107	2	5	8.000000	55.000000	0.455240	2.514724	3888.393531	-420.000000	0.000000	93.000000	3935.522849	2136.348024	2888.841363	0.000000	0	429.983006	32.284668	50.828514	-22.666518	-472.046272	51.017932	-5.299370	-425.355396	46.123306	0.000000	-420.000000	0	49.816579	0.070746	0.010423	50.923223	-13.982944	-448.700834	4.799916	13.982944	28.700834	5.299370	5.355396	5.046272	1	1	0	1	0
eoi	3	64.000000	107	2	5	8.000000	55.000000	0.455240	2.514724	3935.634914	-420.000000	0.000000	94.000000	3982.832669	2136.348024	2888.841363	0.000000	0	429.626929	32.387018	51.105116	-22.946980	-471.997863	51.209953	-5.600796	-425.267540	46.123306	0.000000	-420.000000	0	49.846005	0.029426	0.102350	51.157534	-14.273888	-448.632701	5.034228	14.273888	28.632701	5.600796	5.267540	4.997863	1	1	0	1	0
eoi	3	64.000000	107	2	5	8.000000	55.000000	0.455240	2.514724	3982.946018	-420.000000	0.000000	95.000000	4029.603123	2136.348024	2888.841363	0.000000	0	429.775811	32.232448	51.051928	-22.894797	-472.048260	50.783257	-5.430794	-425.060786	46.123306	0.000000	-420.000000	0	50.128697	0.282693	0.154570	50.917592	-14.162795	-448.554523	4.794286	14.162795	28.554523	5.430794	5.060786	5.048260	1	1	0	1	0
eoi	3	64.000000	107	2	5	8.000000	55.000000	0.455240	2.514724	4029.713905	-420.000000	0.000000	96.000000	4076.718754	2136.348024	2888.841363	0.000000	0	429.987498	32.138869	50.783615	-22.644985	-472.110340	50.775257	-5.299598	-425.021171	46.123306	0.000000	-420.000000	0	50.182192	0.053494	0.093580	50.779436	-13.972292	-448.565756	4.656129	13.972292	28.565756	5.299598	5.021171	5.110340	1	1	0	1	0
eoi	3	64.000000	107	2	5	8.000000	55.000000	0.455240	2.514724	4076.830391	-420.000000	0.000000	97.000000	4123.898544	2136.348024	2888.841363	0.000000	0	429.790250	32.213306	50.997194	-22.711420	-472.072169	50.986419	-5.496066	-425.027015	46.123306	0.000000	-420.000000	0	50.096058	0.086134	0.074437	50.991806	-14.103743	-448.549592	4.868500	14.103743	28.549592	5.496066	5.027015	5.072169	1	1	0	1	0
eoi	3	64.000000	107	2	5	8.000000	55.000000	0.455240	2.514724	4124.010182	-420.000000	0.000000	98.000000	4170.670281	2136.348024	2888.841363	0.000000	0	429.786767	32.175890	50.864344	-22.693808	-472.058177	50.845505	-5.611882	-424.953987	46.123306	0.000000	-420.000000	0	50.105861	0.009803	0.037415	50.854924	-14.152845	-448.506082	4.731618	14.152845	28.506082	5.611882	4.953987	5.058177	1	1	0	1	0
eoi	3	64.000000	107	2	5	8.000000	55.000000	0.455240	2.514724	4170.782346	-420.000000	0.000000	99.000000	4206.319781	2136.348024	2888.841363	4206.315076	0	429.674446	32.212004	  51.071180  -22.742815 -472.023051	  50.941842   -5.676710 -424.962918	46.123306	0.000000	-420.000000	0	50.059213	0.046648	0.036114	0
