subjName	sessionNR	IOD	trialN	textureType	texnum	visualAngle	simulatedDepth	light_intensity	ambient_intensity	time	displayDistance	isRotated	frameN	timTote	startTime	touchTime	endTime	fingersOccluded	distanceToHome	distanceToObject	indexXraw	indexYraw	indexZraw	thumbXraw	thumbYraw	thumbZraw	targetX	targetY	targetZ	failCause	gripAperture	gripApertureVel	distFromObjVel	gripOriginX	gripOriginY	gripOriginZ	distFromObjX	distFromObjY	distFromObjZ	y_dist_thm	z_dist_thm	z_dist_ind	handOnObj	handnearObj	handfarObj	handTouchObj	framesOccluded
eoi	2	64.000000	86	2	17	8.000000	35.000000	0.491072	2.478141	883.448486	-420.000000	0.000000	30.000000	930.333771	0.000000	0.000000	0.000000	0	11.619145	438.866536	227.058165	-353.480285	-242.299160	232.903768	-355.793135	-235.832005	45.320801	0.000000	-420.000000	0	9.019116	0.076307	0.013448	229.980966	-354.636710	-239.065583	184.660165	354.636710	180.934417	355.793135	184.167995	204.700840	0	0	1	0	0
eoi	2	64.000000	86	2	17	8.000000	35.000000	0.491072	2.478141	930.528389	-420.000000	0.000000	31.000000	977.536005	0.000000	0.000000	0.000000	0	11.573117	438.780988	226.878169	-353.399466	-242.353453	232.931700	-355.783287	-235.859819	45.320801	0.000000	-420.000000	0	9.192122	0.173007	0.085547	229.904934	-354.591377	-239.106636	184.584133	354.591377	180.893364	355.783287	184.140181	204.646547	0	0	1	0	0
eoi	2	64.000000	86	2	17	8.000000	35.000000	0.491072	2.478141	977.640372	-420.000000	0.000000	32.000000	1024.753638	0.000000	0.000000	0.000000	0	11.566395	438.699363	226.894713	-353.326205	-242.314276	232.707568	-355.764160	-235.902091	45.320801	0.000000	-420.000000	0	8.991609	0.200513	0.081625	229.801141	-354.545182	-239.108184	184.480340	354.545182	180.891816	355.764160	184.097909	204.685724	0	0	1	0	0
eoi	2	64.000000	86	2	17	8.000000	35.000000	0.491072	2.478141	1024.859287	-420.000000	0.000000	33.000000	1071.798895	0.000000	0.000000	0.000000	0	11.517307	438.648781	226.820988	-353.334155	-242.376402	232.623927	-355.761336	-235.934901	45.320801	0.000000	-420.000000	0	9.003235	0.011626	0.050582	229.722458	-354.547745	-239.155651	184.401657	354.547745	180.844349	355.761336	184.065099	204.623598	0	0	1	0	0
eoi	2	64.000000	86	2	17	8.000000	35.000000	0.491072	2.478141	1071.903689	-420.000000	0.000000	34.000000	1118.630714	0.000000	0.000000	0.000000	0	11.473553	438.562722	226.795635	-353.251553	-242.387471	232.488460	-355.756208	-236.005349	45.320801	0.000000	-420.000000	0	8.911399	0.091835	0.086059	229.642047	-354.503880	-239.196410	184.321247	354.503880	180.803590	355.756208	183.994651	204.612529	0	0	1	0	0
eoi	2	64.000000	86	2	17	8.000000	35.000000	0.491072	2.478141	1118.730375	-420.000000	0.000000	35.000000	1165.841503	0.000000	0.000000	0.000000	0	11.434769	438.557036	226.906298	-353.279788	-242.404934	232.446864	-355.717872	-236.066093	45.320801	0.000000	-420.000000	0	8.764874	0.146525	0.005686	229.676581	-354.498830	-239.235513	184.355780	354.498830	180.764487	355.717872	183.933907	204.595066	0	0	1	0	0
eoi	2	64.000000	86	2	17	8.000000	35.000000	0.491072	2.478141	1165.940736	-420.000000	0.000000	36.000000	1212.805063	0.000000	0.000000	0.000000	0	11.465591	438.483938	226.822200	-353.221313	-242.384764	232.362451	-355.648338	-236.018096	45.320801	0.000000	-420.000000	0	8.781759	0.016885	0.073099	229.592326	-354.434826	-239.201430	184.271525	354.434826	180.798570	355.648338	183.981904	204.615236	0	0	1	0	0
eoi	2	64.000000	86	2	17	8.000000	35.000000	0.491072	2.478141	1212.905580	-420.000000	0.000000	37.000000	1259.997887	0.000000	0.000000	0.000000	0	11.470096	438.397080	226.868444	-353.193209	-242.377482	232.253052	-355.486822	-236.010597	45.320801	0.000000	-420.000000	0	8.648230	0.133529	0.086857	229.560748	-354.340015	-239.194039	184.239947	354.340015	180.805961	355.486822	183.989403	204.622518	0	0	1	0	0
eoi	2	64.000000	86	2	17	8.000000	35.000000	0.491072	2.478141	1260.098404	-420.000000	0.000000	38.000000	1307.257865	0.000000	0.000000	0.000000	0	11.743410	438.222234	226.667110	-353.043761	-242.360514	232.621130	-354.835424	-235.477063	45.320801	0.000000	-420.000000	0	9.275899	0.627668	0.174846	229.644120	-353.939592	-238.918788	184.323319	353.939592	181.081212	354.835424	184.522937	204.639486	0	0	1	0	0
eoi	2	64.000000	86	2	17	8.000000	35.000000	0.491072	2.478141	1307.520064	-420.000000	0.000000	39.000000	1354.708611	0.000000	0.000000	0.000000	0	13.375759	434.981778	226.398553	-349.435911	-241.432950	231.509001	-350.169124	-234.554547	45.320801	0.000000	-420.000000	0	8.600390	0.675508	3.240456	228.953777	-349.802518	-237.993748	183.632976	349.802518	182.006252	350.169124	185.445453	205.567050	0	0	1	0	0
eoi	2	64.000000	86	2	17	8.000000	35.000000	0.491072	2.478141	1354.818537	-420.000000	0.000000	40.000000	1402.226510	1390.176050	0.000000	0.000000	0	20.779115	426.350928	225.172700	-339.007554	-240.033323	230.470851	-338.723120	-233.149057	45.320801	0.000000	-420.000000	0	8.691629	0.091239	8.630850	227.821775	-338.865337	-236.591190	182.500974	338.865337	183.408810	338.723120	186.850943	206.966677	0	0	1	0	0
eoi	2	64.000000	86	2	17	8.000000	35.000000	0.491072	2.478141	1402.338148	-420.000000	0.000000	41.000000	1448.929155	1390.176050	0.000000	0.000000	0	35.636260	411.344235	221.532418	-323.235911	-239.994278	225.514132	-320.791173	-232.553758	45.320801	0.000000	-420.000000	0	8.785905	0.094276	15.006693	223.523275	-322.013542	-236.274018	178.202474	322.013542	183.725982	320.791173	187.446242	207.005722	0	0	1	0	0
eoi	2	64.000000	86	2	17	8.000000	35.000000	0.491072	2.478141	1449.035232	-420.000000	0.000000	42.000000	1496.500520	1390.176050	0.000000	0.000000	0	58.639982	389.523283	212.667559	-301.709673	-241.373494	215.727458	-296.785006	-231.692859	45.320801	0.000000	-420.000000	0	11.284061	2.498155	21.820952	214.197508	-299.247339	-236.533176	168.876708	299.247339	183.466824	296.785006	188.307141	205.626506	0	0	1	0	0
eoi	2	64.000000	86	2	17	8.000000	35.000000	0.491072	2.478141	1496.601465	-420.000000	0.000000	43.000000	1543.452532	1390.176050	0.000000	0.000000	0	87.039528	360.893351	200.456857	-276.769927	-248.779114	201.479685	-267.912890	-234.300543	45.320801	0.000000	-420.000000	0	17.003597	5.719537	28.629932	200.968271	-272.341409	-241.539829	155.647470	272.341409	178.460171	267.912890	185.699457	198.220886	0	0	1	0	0
eoi	2	64.000000	86	2	17	8.000000	35.000000	0.491072	2.478141	1543.559892	-420.000000	0.000000	44.000000	1590.395561	1390.176050	0.000000	0.000000	0	122.217402	323.810026	189.016690	-245.518734	-267.393362	185.958304	-233.208271	-241.870024	45.320801	0.000000	-420.000000	0	28.501614	11.498017	37.083325	187.487497	-239.363503	-254.631693	142.166696	239.363503	165.368307	233.208271	178.129976	179.606638	0	0	1	0	0
eoi	2	64.000000	86	2	17	8.000000	35.000000	0.491072	2.478141	1590.501211	-420.000000	0.000000	45.000000	1637.612338	1390.176050	0.000000	0.000000	0	160.937064	283.692831	179.633713	-210.590530	-290.742759	173.351474	-196.740013	-253.987599	45.320801	0.000000	-420.000000	0	39.777445	11.275831	40.117195	176.492594	-203.665271	-272.365179	131.171793	203.665271	147.634821	196.740013	166.012401	156.257241	0	0	1	0	0
eoi	2	64.000000	86	2	17	8.000000	35.000000	0.491072	2.478141	1637.717560	-420.000000	0.000000	46.000000	1684.335514	1390.176050	0.000000	0.000000	0	198.607808	244.958163	172.798279	-176.951767	-315.753632	162.744771	-163.393765	-270.856934	45.320801	0.000000	-420.000000	0	47.964631	8.187186	38.734668	167.771525	-170.172766	-293.305283	122.450724	170.172766	126.694717	163.393765	149.143066	131.246368	0	0	0	0	0
eoi	2	64.000000	86	2	17	8.000000	35.000000	0.491072	2.478141	1684.435603	-420.000000	0.000000	47.000000	1731.570255	1390.176050	0.000000	0.000000	0	234.592546	207.678483	165.020076	-147.667790	-343.893961	152.316326	-133.636492	-291.170004	45.320801	0.000000	-420.000000	0	56.018552	8.053921	37.279679	158.668201	-140.652141	-317.531983	113.347400	140.652141	102.468017	133.636492	128.829996	103.106039	0	0	0	0	0
eoi	2	64.000000	86	2	17	8.000000	35.000000	0.491072	2.478141	1731.670772	-420.000000	0.000000	48.000000	1778.037220	1390.176050	0.000000	0.000000	0	270.637640	171.317721	156.380871	-120.225986	-373.105296	141.154840	-105.498939	-313.134722	45.320801	0.000000	-420.000000	0	63.601789	7.583237	36.360762	148.767855	-112.862463	-343.120009	103.447055	112.862463	76.879991	105.498939	106.865278	73.894704	0	0	0	0	0
eoi	2	64.000000	86	2	17	8.000000	35.000000	0.491072	2.478141	1778.196336	-420.000000	0.000000	49.000000	1825.007197	1390.176050	0.000000	0.000000	0	306.152635	137.168831	147.528653	-92.930251	-399.716214	128.734279	-79.322829	-334.762457	45.320801	0.000000	-420.000000	0	68.973770	5.371981	34.148890	138.131466	-86.126540	-367.239335	92.810665	86.126540	52.760665	79.322829	85.237543	47.283786	0	0	0	0	0
eoi	2	64.000000	86	2	17	8.000000	35.000000	0.491072	2.478141	1825.112846	-420.000000	0.000000	50.000000	1872.271452	1390.176050	0.000000	0.000000	0	338.848180	106.789276	136.280453	-68.492171	-422.854665	115.985539	-55.805352	-353.556971	45.320801	0.000000	-420.000000	0	73.314455	4.340685	30.379555	126.132996	-62.148762	-388.205818	80.812196	62.148762	31.794182	55.805352	66.443029	24.145335	0	0	0	0	0
eoi	2	64.000000	86	2	17	8.000000	35.000000	0.491072	2.478141	1872.376246	-420.000000	0.000000	51.000000	1919.442461	1390.176050	0.000000	0.000000	0	366.264426	80.874706	121.872269	-49.810905	-440.807691	102.023460	-36.409099	-368.010256	45.320801	0.000000	-420.000000	0	76.635828	3.321372	25.914570	111.947865	-43.110002	-404.408973	66.627064	43.110002	15.591027	36.409099	51.989744	6.192309	0	0	0	0	0
eoi	2	64.000000	86	2	17	8.000000	35.000000	0.491072	2.478141	1919.547683	-420.000000	0.000000	52.000000	1966.276419	1390.176050	0.000000	0.000000	0	388.628676	58.902590	105.978263	-35.822577	-454.874418	87.054748	-22.122583	-379.090837	45.320801	0.000000	-420.000000	0	79.302840	2.667012	21.972116	96.516506	-28.972580	-416.982627	51.195705	28.972580	3.017373	22.122583	40.909163	7.874418	0	0	0	0	0
eoi	2	64.000000	86	2	17	8.000000	35.000000	0.491072	2.478141	1966.376081	-420.000000	0.000000	53.000000	2013.463255	1390.176050	0.000000	0.000000	0	406.198153	42.138791	90.798541	-26.740540	-465.235259	74.056535	-10.903911	-388.105140	45.320801	0.000000	-420.000000	0	80.499371	1.196532	16.763800	82.427538	-18.822225	-426.670199	37.106737	18.822225	6.670199	10.903911	31.894860	18.235259	0	0	0	0	0
eoi	2	64.000000	86	2	17	8.000000	35.000000	0.491072	2.478141	2013.562916	-420.000000	0.000000	54.000000	2060.212950	1390.176050	0.000000	0.000000	0	419.444910	30.205337	76.179962	-20.887491	-471.575849	61.898630	-4.232624	-396.139871	45.320801	0.000000	-420.000000	0	78.561618	1.937753	11.933454	69.039296	-12.560058	-433.857860	23.718495	12.560058	13.857860	4.232624	23.860129	24.575849	0	1	0	0	0
eoi	2	64.000000	86	2	17	8.000000	35.000000	0.491072	2.478141	2060.313039	-420.000000	0.000000	55.000000	2107.037926	1390.176050	0.000000	0.000000	0	428.548503	23.564716	61.124448	-17.954382	-472.223194	52.837730	-1.005642	-404.079032	45.320801	0.000000	-420.000000	0	70.707540	7.854078	6.640620	56.981089	-9.480012	-438.151113	11.660288	9.480012	18.151113	1.005642	15.920968	25.223194	0	1	0	0	0
eoi	2	64.000000	86	2	17	8.000000	35.000000	0.491072	2.478141	2107.142292	-420.000000	0.000000	56.000000	2154.462152	1390.176050	2142.796649	0.000000	0	433.231746	18.582643	47.068931	-16.607485	-463.753234	46.695868	0.537494	-409.612310	45.320801	0.000000	-420.000000	0	56.791981	13.915559	4.982073	46.882399	-8.034995	-436.682772	1.561599	8.034995	16.682772	0.537494	10.387690	16.753234	0	1	0	1	0
eoi	2	64.000000	86	2	17	8.000000	35.000000	0.491072	2.478141	2154.568229	-420.000000	0.000000	57.000000	2200.955636	1390.176050	2142.796649	0.000000	0	435.372698	18.419531	40.469008	-16.177953	-457.816705	43.035282	0.437866	-414.716737	45.320801	0.000000	-420.000000	0	46.263144	10.528838	0.163112	41.752145	-7.870044	-436.266721	3.568656	7.870044	16.266721	0.437866	5.283263	10.816705	0	1	0	1	0
eoi	2	64.000000	86	2	17	8.000000	35.000000	0.491072	2.478141	2201.060858	-420.000000	0.000000	58.000000	2247.859742	1390.176050	2142.796649	0.000000	0	436.308888	20.384188	39.833813	-15.725173	-457.109665	42.569450	-0.406442	-419.413770	45.320801	0.000000	-420.000000	0	40.781463	5.481681	1.964658	41.201632	-8.065807	-438.261718	4.119169	8.065807	18.261718	0.406442	0.586230	10.109665	0	1	0	1	0
eoi	2	64.000000	86	2	17	8.000000	35.000000	0.491072	2.478141	2247.965391	-420.000000	0.000000	59.000000	2294.976858	1390.176050	2142.796649	0.000000	0	436.258573	20.257680	40.352380	-15.152834	-456.412341	42.815484	-0.694123	-420.118628	45.320801	0.000000	-420.000000	0	39.145304	1.636159	0.126508	41.583932	-7.923479	-438.265484	3.736869	7.923479	18.265484	0.694123	0.118628	9.412341	0	1	0	1	0
eoi	2	64.000000	86	2	17	8.000000	35.000000	0.491072	2.478141	2295.081652	-420.000000	0.000000	60.000000	2342.194490	1390.176050	2142.796649	0.000000	0	436.162361	20.001540	41.543883	-14.252791	-456.173787	43.657756	-0.805521	-420.485462	45.320801	0.000000	-420.000000	0	38.196257	0.949047	0.256140	42.600820	-7.529156	-438.329624	2.719981	7.529156	18.329624	0.805521	0.485462	9.173787	0	1	0	1	0
eoi	2	64.000000	86	2	17	8.000000	35.000000	0.491072	2.478141	2342.293724	-420.000000	0.000000	61.000000	2412.700782	1390.176050	2142.796649	0.000000	0	434.575307	19.683071	44.322411	-14.444795	-455.300962	45.327288	-1.781284	-420.551843	45.320801	0.000000	-420.000000	0	36.998318	1.197939	0.318469	44.824849	-8.113040	-437.926403	0.495951	8.113040	17.926403	1.781284	0.551843	8.300962	0	1	0	1	0
eoi	2	64.000000	86	2	17	8.000000	35.000000	0.491072	2.478141	2432.644159	-420.000000	0.000000	62.000000	2471.719508	1390.176050	2142.796649	0.000000	0	432.725637	19.645504	47.335669	-14.931228	-454.100737	47.106469	-2.841697	-420.734049	45.320801	0.000000	-420.000000	0	35.490072	1.508246	0.037567	47.221069	-8.886462	-437.417393	1.900268	8.886462	17.417393	2.841697	0.734049	7.100737	1	1	0	1	0
eoi	2	64.000000	86	2	17	8.000000	35.000000	0.491072	2.478141	2471.821735	-420.000000	0.000000	63.000000	2518.417447	1390.176050	2142.796649	0.000000	0	431.447981	19.712384	49.301755	-15.469344	-453.049361	47.966445	-3.517207	-420.860983	45.320801	0.000000	-420.000000	0	34.361728	1.128344	0.066881	48.634100	-9.493275	-436.955172	3.313299	9.493275	16.955172	3.517207	0.860983	6.049361	1	1	0	1	0
eoi	2	64.000000	86	2	17	8.000000	35.000000	0.491072	2.478141	2518.517964	-420.000000	0.000000	64.000000	2565.794623	1390.176050	2142.796649	0.000000	0	431.108737	19.741249	49.470103	-15.635358	-452.738625	48.118019	-3.873533	-420.877096	45.320801	0.000000	-420.000000	0	33.990082	0.371646	0.028865	48.794061	-9.754445	-436.807861	3.473260	9.754445	16.807861	3.873533	0.877096	5.738625	1	1	0	1	0
eoi	2	64.000000	86	2	17	8.000000	35.000000	0.491072	2.478141	2565.894712	-420.000000	0.000000	65.000000	2612.646118	1390.176050	2142.796649	0.000000	0	431.207320	19.564372	49.283168	-15.460496	-452.523042	47.899049	-3.885532	-420.853747	45.320801	0.000000	-420.000000	0	33.746701	0.243381	0.176878	48.591109	-9.673014	-436.688395	3.270308	9.673014	16.688395	3.885532	0.853747	5.523042	1	1	0	1	0
eoi	2	64.000000	86	2	17	8.000000	35.000000	0.491072	2.478141	2612.747063	-420.000000	0.000000	66.000000	2659.754679	1390.176050	2142.796649	0.000000	0	431.223468	19.561776	49.197705	-15.391975	-452.426543	47.893983	-3.964222	-420.955882	45.320801	0.000000	-420.000000	0	33.506652	0.240049	0.002596	48.545844	-9.678098	-436.691213	3.225043	9.678098	16.691213	3.964222	0.955882	5.426543	1	1	0	1	0
eoi	2	64.000000	86	2	17	8.000000	35.000000	0.491072	2.478141	2659.861184	-420.000000	0.000000	67.000000	2707.012091	1390.176050	2142.796649	0.000000	0	430.896837	19.881813	49.282686	-15.477457	-452.361989	48.596782	-4.429079	-421.290485	45.320801	0.000000	-420.000000	0	32.984473	0.522180	0.320037	48.939734	-9.953268	-436.826237	3.618933	9.953268	16.826237	4.429079	1.290485	5.361989	1	1	0	1	0
eoi	2	64.000000	86	2	17	8.000000	35.000000	0.491072	2.478141	2707.117312	-420.000000	0.000000	68.000000	2753.876417	1390.176050	2142.796649	0.000000	0	430.810823	19.971529	49.338294	-15.687774	-452.303423	48.495521	-4.490756	-421.409287	45.320801	0.000000	-420.000000	0	32.871433	0.113040	0.089716	48.916908	-10.089265	-436.856355	3.596107	10.089265	16.856355	4.490756	1.409287	5.303423	1	1	0	1	0
eoi	2	64.000000	86	2	17	8.000000	35.000000	0.491072	2.478141	2753.979073	-420.000000	0.000000	69.000000	2801.044005	1390.176050	2142.796649	0.000000	0	430.828114	20.015245	49.220216	-15.642917	-452.190804	48.589737	-4.556784	-421.617877	45.320801	0.000000	-420.000000	0	32.526969	0.344464	0.043716	48.904976	-10.099851	-436.904341	3.584175	10.099851	16.904341	4.556784	1.617877	5.190804	1	1	0	1	0
eoi	2	64.000000	86	2	17	8.000000	35.000000	0.491072	2.478141	2801.234346	-420.000000	0.000000	70.000000	2848.236402	1390.176050	2142.796649	0.000000	0	430.659983	20.147119	49.346258	-15.763226	-452.110333	48.740438	-4.748055	-421.764193	45.320801	0.000000	-420.000000	0	32.289151	0.237818	0.131874	49.043348	-10.255640	-436.937263	3.722547	10.255640	16.937263	4.748055	1.764193	5.110333	1	1	0	1	0
eoi	2	64.000000	86	2	17	8.000000	35.000000	0.491072	2.478141	2848.341196	-420.000000	0.000000	71.000000	2894.864621	1390.176050	2142.796649	0.000000	0	430.576564	20.120863	49.216386	-15.733061	-452.060420	48.862836	-4.913508	-421.670833	45.320801	0.000000	-420.000000	0	32.260110	0.029041	0.026256	49.039611	-10.323285	-436.865626	3.718810	10.323285	16.865626	4.913508	1.670833	5.060420	1	1	0	1	0
eoi	2	64.000000	86	2	17	8.000000	35.000000	0.491072	2.478141	2894.970698	-420.000000	0.000000	72.000000	2942.247358	1390.176050	2142.796649	0.000000	0	430.292865	20.167347	49.286061	-16.073326	-451.925646	48.787253	-5.152677	-421.557394	45.320801	0.000000	-420.000000	0	32.275999	0.015889	0.046484	49.036657	-10.613001	-436.741520	3.715856	10.613001	16.741520	5.152677	1.557394	4.925646	1	1	0	1	0
eoi	2	64.000000	86	2	17	8.000000	35.000000	0.491072	2.478141	2942.353007	-420.000000	0.000000	73.000000	2989.273367	1390.176050	2142.796649	0.000000	0	430.105600	20.384109	49.145988	-16.281126	-451.993338	48.896418	-5.518712	-421.652505	45.320801	0.000000	-420.000000	0	32.194067	0.081932	0.216762	49.021203	-10.899919	-436.822922	3.700402	10.899919	16.822922	5.518712	1.652505	4.993338	1	1	0	1	0
eoi	2	64.000000	86	2	17	8.000000	35.000000	0.491072	2.478141	2989.380299	-420.000000	0.000000	74.000000	3036.529923	1390.176050	2142.796649	0.000000	0	429.913444	20.548192	49.258916	-16.342394	-451.911886	49.090926	-5.825948	-421.823265	45.320801	0.000000	-420.000000	0	31.873954	0.320113	0.164083	49.174921	-11.084171	-436.867576	3.854120	11.084171	16.867576	5.825948	1.823265	4.911886	1	1	0	1	0
eoi	2	64.000000	86	2	17	8.000000	35.000000	0.491072	2.478141	3036.630867	-420.000000	0.000000	75.000000	3083.574324	1390.176050	2142.796649	0.000000	0	429.903939	20.544793	49.345801	-16.338151	-451.811512	49.162511	-5.768385	-421.919335	45.320801	0.000000	-420.000000	0	31.706399	0.167555	0.003399	49.254156	-11.053268	-436.865423	3.933355	11.053268	16.865423	5.768385	1.919335	4.811512	1	1	0	1	0
eoi	2	64.000000	86	2	17	8.000000	35.000000	0.491072	2.478141	3083.675268	-420.000000	0.000000	76.000000	3130.442500	1390.176050	2142.796649	0.000000	0	430.212487	20.446405	49.082110	-16.130910	-451.936231	48.924745	-5.547926	-421.945962	45.320801	0.000000	-420.000000	0	31.803153	0.096754	0.098388	49.003427	-10.839418	-436.941096	3.682627	10.839418	16.941096	5.547926	1.945962	4.936231	1	1	0	1	0
eoi	2	64.000000	86	2	17	8.000000	35.000000	0.491072	2.478141	3130.543017	-420.000000	0.000000	77.000000	3177.611371	1390.176050	2142.796649	0.000000	0	430.157890	20.293841	49.360216	-16.056690	-451.635970	48.998768	-5.406205	-421.937025	45.320801	0.000000	-420.000000	0	31.552984	0.250169	0.152564	49.179492	-10.731448	-436.786497	3.858691	10.731448	16.786497	5.406205	1.937025	4.635970	1	1	0	1	0
eoi	2	64.000000	86	2	17	8.000000	35.000000	0.491072	2.478141	3177.717449	-420.000000	0.000000	78.000000	3224.287497	1390.176050	2142.796649	0.000000	0	430.023836	20.388302	49.319584	-16.154879	-451.631212	49.233729	-5.555276	-421.966486	45.320801	0.000000	-420.000000	0	31.501665	0.051319	0.094461	49.276657	-10.855078	-436.798849	3.955856	10.855078	16.798849	5.555276	1.966486	4.631212	1	1	0	1	0
eoi	2	64.000000	86	2	17	8.000000	35.000000	0.491072	2.478141	3224.388869	-420.000000	0.000000	79.000000	3271.770322	1390.176050	2142.796649	0.000000	0	430.163143	20.286584	49.224887	-16.123939	-451.665061	48.881516	-5.443598	-421.880431	45.320801	0.000000	-420.000000	0	31.643511	0.141845	0.101717	49.053202	-10.783769	-436.772746	3.732401	10.783769	16.772746	5.443598	1.880431	4.665061	1	1	0	1	0
eoi	2	64.000000	86	2	17	8.000000	35.000000	0.491072	2.478141	3271.875972	-420.000000	0.000000	80.000000	3318.912246	1390.176050	2142.796649	0.000000	0	430.195684	20.320348	49.350831	-16.047115	-451.629982	49.010394	-5.370128	-422.035656	45.320801	0.000000	-420.000000	0	31.463281	0.180230	0.033763	49.180612	-10.708622	-436.832819	3.859812	10.708622	16.832819	5.370128	2.035656	4.629982	1	1	0	1	0
eoi	2	64.000000	86	2	17	8.000000	35.000000	0.491072	2.478141	3319.017468	-420.000000	0.000000	81.000000	3365.691455	1390.176050	2142.796649	0.000000	0	430.327381	20.226041	49.394122	-15.985780	-451.584738	48.783806	-5.182466	-422.052743	45.320801	0.000000	-420.000000	0	31.451912	0.011369	0.094306	49.088964	-10.584123	-436.818740	3.768163	10.584123	16.818740	5.182466	2.052743	4.584738	1	1	0	1	0
eoi	2	64.000000	86	2	17	8.000000	35.000000	0.491072	2.478141	3365.792827	-420.000000	0.000000	82.000000	3412.924058	1390.176050	2142.796649	0.000000	0	430.341632	20.167580	49.327114	-15.938269	-451.513769	48.716606	-5.211168	-422.024792	45.320801	0.000000	-420.000000	0	31.385397	0.066516	0.058461	49.021860	-10.574719	-436.769280	3.701059	10.574719	16.769280	5.211168	2.024792	4.513769	1	1	0	1	0
eoi	2	64.000000	86	2	17	8.000000	35.000000	0.491072	2.478141	3413.025858	-420.000000	0.000000	83.000000	3459.951778	1390.176050	2142.796649	0.000000	0	430.069531	20.280245	49.590340	-16.142861	-451.410999	48.905914	-5.404749	-422.042823	45.320801	0.000000	-420.000000	0	31.277232	0.108165	0.112665	49.248127	-10.773805	-436.726911	3.927326	10.773805	16.726911	5.404749	2.042823	4.410999	1	1	0	1	0
eoi	2	64.000000	86	2	17	8.000000	35.000000	0.491072	2.478141	3460.056572	-420.000000	0.000000	84.000000	3507.293024	1390.176050	2142.796649	0.000000	0	430.408678	20.137591	49.142069	-15.646957	-451.476908	48.803173	-5.395374	-422.078530	45.320801	0.000000	-420.000000	0	31.136385	0.140847	0.142654	48.972621	-10.521165	-436.777719	3.651821	10.521165	16.777719	5.395374	2.078530	4.476908	1	1	0	1	0
eoi	2	64.000000	86	2	17	8.000000	35.000000	0.491072	2.478141	3507.399102	-420.000000	0.000000	85.000000	3554.011067	1390.176050	2142.796649	0.000000	0	430.169431	20.138204	49.813871	-15.884659	-451.236524	48.726002	-5.317655	-422.084164	45.320801	0.000000	-420.000000	0	31.027490	0.108895	0.000613	49.269937	-10.601157	-436.660344	3.949136	10.601157	16.660344	5.317655	2.084164	4.236524	1	1	0	1	0
eoi	2	64.000000	86	2	17	8.000000	35.000000	0.491072	2.478141	3554.112439	-420.000000	0.000000	86.000000	3601.056752	1390.176050	2142.796649	0.000000	0	430.387826	19.958803	49.673450	-15.546439	-451.187890	48.678794	-5.164597	-422.053865	45.320801	0.000000	-420.000000	0	30.944521	0.082969	0.179400	49.176122	-10.355518	-436.620878	3.855321	10.355518	16.620878	5.164597	2.053865	4.187890	1	1	0	1	0
eoi	2	64.000000	86	2	17	8.000000	35.000000	0.491072	2.478141	3601.158979	-420.000000	0.000000	87.000000	3648.163602	1390.176050	2142.796649	0.000000	0	430.508904	19.884473	49.878651	-15.344522	-451.150691	48.833485	-4.890632	-422.120530	45.320801	0.000000	-420.000000	0	30.872746	0.071775	0.074330	49.356068	-10.117577	-436.635610	4.035267	10.117577	16.635610	4.890632	2.120530	4.150691	1	1	0	1	0
eoi	2	64.000000	86	2	17	8.000000	35.000000	0.491072	2.478141	3648.266257	-420.000000	0.000000	88.000000	3695.197310	1390.176050	2142.796649	0.000000	0	430.886496	19.593789	49.825440	-15.041853	-451.081727	48.510384	-4.381907	-422.072198	45.320801	0.000000	-420.000000	0	30.934069	0.061323	0.290684	49.167912	-9.711880	-436.576963	3.847111	9.711880	16.576963	4.381907	2.072198	4.081727	1	1	0	1	0
eoi	2	64.000000	86	2	17	8.000000	35.000000	0.491072	2.478141	3695.302532	-420.000000	0.000000	89.000000	3730.495796	1390.176050	2142.796649	3730.491518	0	430.812088	19.757089	  49.824949  -15.203517 -451.197518	  48.586685   -4.482638 -422.170913	45.320801	0.000000	-420.000000	0	30.967957	0.033887	0.163300	0
