subjName	sessionNR	IOD	trialN	textureType	texnum	visualAngle	simulatedDepth	light_intensity	ambient_intensity	time	displayDistance	isRotated	frameN	timTote	startTime	touchTime	endTime	fingersOccluded	distanceToHome	distanceToObject	indexXraw	indexYraw	indexZraw	thumbXraw	thumbYraw	thumbZraw	targetX	targetY	targetZ	failCause	gripAperture	gripApertureVel	distFromObjVel	gripOriginX	gripOriginY	gripOriginZ	distFromObjX	distFromObjY	distFromObjZ	y_dist_thm	z_dist_thm	z_dist_ind	handOnObj	handnearObj	handfarObj	handTouchObj	framesOccluded
lg	2	60.500000	92	2	18	8.000000	25.000000	0.463782	2.461832	884.992722	-420.000000	0.000000	30.000000	931.985394	0.000000	0.000000	0.000000	0	3.577823	434.067963	224.458962	-357.361583	-253.484172	230.251686	-353.953033	-248.396472	44.758224	0.000000	-420.000000	0	8.429623	0.072978	0.085839	227.355324	-355.657308	-250.940322	182.597100	355.657308	169.059678	353.953033	171.603528	183.515828	0	0	1	0	0
lg	2	60.500000	92	2	18	8.000000	25.000000	0.463782	2.461832	932.175305	-420.000000	0.000000	31.000000	978.728701	0.000000	0.000000	0.000000	0	3.660203	434.139679	224.731207	-357.359539	-253.389940	230.257711	-353.952431	-248.417512	44.758224	0.000000	-420.000000	0	8.177755	0.251869	0.071717	227.494459	-355.655985	-250.903726	182.736234	355.655985	169.096274	353.952431	171.582488	183.610060	0	0	1	0	0
lg	2	60.500000	92	2	18	8.000000	25.000000	0.463782	2.461832	978.830500	-420.000000	0.000000	32.000000	1026.130707	0.000000	0.000000	0.000000	0	3.584277	434.043853	224.462657	-357.360337	-253.490968	230.215198	-353.937699	-248.443187	44.758224	0.000000	-420.000000	0	8.383691	0.205936	0.095827	227.338927	-355.649018	-250.967078	182.580703	355.649018	169.032922	353.937699	171.556813	183.509032	0	0	1	0	0
lg	2	60.500000	92	2	18	8.000000	25.000000	0.463782	2.461832	1026.227374	-420.000000	0.000000	33.000000	1073.375738	0.000000	0.000000	0.000000	0	3.603020	434.078437	224.523863	-357.372445	-253.471394	230.245056	-353.942877	-248.419887	44.758224	0.000000	-420.000000	0	8.367300	0.016391	0.034585	227.384459	-355.657661	-250.945641	182.626235	355.657661	169.054359	353.942877	171.580113	183.528606	0	0	1	0	0
lg	2	60.500000	92	2	18	8.000000	25.000000	0.463782	2.461832	1073.473688	-420.000000	0.000000	34.000000	1120.282009	0.000000	0.000000	0.000000	0	3.631709	434.120651	224.632133	-357.403285	-253.456257	230.242568	-353.947946	-248.408074	44.758224	0.000000	-420.000000	0	8.300632	0.066668	0.042213	227.437351	-355.675615	-250.932166	182.679126	355.675615	169.067834	353.947946	171.591926	183.543743	0	0	1	0	0
lg	2	60.500000	92	2	18	8.000000	25.000000	0.463782	2.461832	1120.380386	-420.000000	0.000000	35.000000	1167.676744	0.000000	0.000000	0.000000	0	3.663386	434.137417	224.569348	-357.375812	-253.462539	230.404415	-353.954050	-248.377785	44.758224	0.000000	-420.000000	0	8.462339	0.161707	0.016766	227.486881	-355.664931	-250.920162	182.728657	355.664931	169.079838	353.954050	171.622215	183.537461	0	0	1	0	0
lg	2	60.500000	92	2	18	8.000000	25.000000	0.463782	2.461832	1167.773411	-420.000000	0.000000	36.000000	1214.579593	0.000000	0.000000	0.000000	0	3.690245	434.213384	224.772047	-357.438213	-253.440297	230.354974	-353.955317	-248.309489	44.758224	0.000000	-420.000000	0	8.344149	0.118190	0.075967	227.563510	-355.696765	-250.874893	182.805286	355.696765	169.125107	353.955317	171.690511	183.559703	0	0	1	0	0
lg	2	60.500000	92	2	18	8.000000	25.000000	0.463782	2.461832	1214.674977	-420.000000	0.000000	37.000000	1262.549622	0.000000	0.000000	0.000000	0	6.504289	431.480046	228.013148	-355.675026	-255.351592	229.311049	-349.003878	-248.723981	44.758224	0.000000	-420.000000	0	9.492839	1.148690	2.733339	228.662099	-352.339452	-252.037786	183.903874	352.339452	167.962214	349.003878	171.276019	181.648408	0	0	1	0	0
lg	2	60.500000	92	2	18	8.000000	25.000000	0.463782	2.461832	1262.646716	-420.000000	0.000000	38.000000	1309.484123	1297.843100	0.000000	0.000000	0	47.880128	398.250089	240.103426	-316.616958	-269.263712	230.265059	-304.864074	-249.604557	44.758224	0.000000	-420.000000	0	24.928019	15.435179	33.229957	235.184242	-310.740516	-259.434135	190.426018	310.740516	160.565865	304.864074	170.395443	167.736288	0	0	1	0	0
lg	2	60.500000	92	2	18	8.000000	25.000000	0.463782	2.461832	1309.650508	-420.000000	0.000000	39.000000	1368.548966	1297.843100	0.000000	0.000000	0	131.912917	321.431489	228.585006	-229.610131	-288.897668	209.699410	-223.858396	-257.844750	44.758224	0.000000	-420.000000	0	36.797172	11.869154	76.818600	219.142208	-226.734263	-273.371209	174.383983	226.734263	146.628791	223.858396	162.155250	148.102332	0	0	1	0	0
lg	2	60.500000	92	2	18	8.000000	25.000000	0.463782	2.461832	1368.655470	-420.000000	0.000000	40.000000	1415.698185	1297.843100	0.000000	0.000000	0	197.882902	255.613914	203.539079	-163.936289	-310.764230	182.332000	-168.823270	-278.638679	44.758224	0.000000	-420.000000	0	38.803013	2.005841	65.817575	192.935539	-166.379779	-294.701455	148.177315	166.379779	125.298545	168.823270	141.361321	126.235770	0	0	1	0	0
lg	2	60.500000	92	2	18	8.000000	25.000000	0.463782	2.461832	1415.796135	-420.000000	0.000000	41.000000	1461.905550	1297.843100	0.000000	0.000000	0	256.614194	192.584610	172.159388	-116.905398	-342.432563	150.181642	-121.078243	-303.887728	44.758224	0.000000	-420.000000	0	44.566111	5.763098	63.029304	161.170515	-118.991820	-323.160146	116.412290	118.991820	96.839854	121.078243	116.112272	94.567437	0	0	0	0	0
lg	2	60.500000	92	2	18	8.000000	25.000000	0.463782	2.461832	1462.014621	-420.000000	0.000000	42.000000	1508.763060	1297.843100	0.000000	0.000000	0	310.383365	136.607797	148.733020	-77.212752	-380.640609	124.515944	-80.598546	-332.928707	44.758224	0.000000	-420.000000	0	53.613021	9.046909	55.976813	136.624482	-78.905649	-356.784658	91.866258	78.905649	63.215342	80.598546	87.071293	56.359391	0	0	0	0	0
lg	2	60.500000	92	2	18	8.000000	25.000000	0.463782	2.461832	1508.859726	-420.000000	0.000000	43.000000	1555.796366	1297.843100	0.000000	0.000000	0	353.257733	92.957205	127.292078	-47.647966	-409.081851	103.058470	-49.914244	-358.727157	44.758224	0.000000	-420.000000	0	55.928516	2.315496	43.650592	115.175274	-48.781105	-383.904504	70.417049	48.781105	36.095496	49.914244	61.272843	27.918149	0	0	0	0	0
lg	2	60.500000	92	2	18	8.000000	25.000000	0.463782	2.461832	1555.893032	-420.000000	0.000000	44.000000	1602.892120	1297.843100	0.000000	0.000000	0	383.030978	61.588802	104.989659	-31.334077	-427.277872	86.244416	-28.972158	-378.234382	44.758224	0.000000	-420.000000	0	52.556890	3.371626	31.368403	95.617038	-30.153117	-402.756127	50.858813	30.153117	17.243873	28.972158	41.765618	9.722128	0	0	0	0	0
lg	2	60.500000	92	2	18	8.000000	25.000000	0.463782	2.461832	1602.989214	-420.000000	0.000000	45.000000	1650.205159	1297.843100	0.000000	0.000000	0	403.119589	40.280889	87.372446	-22.392465	-439.227079	72.702073	-15.380918	-391.557144	44.758224	0.000000	-420.000000	0	50.366699	2.190191	21.307913	80.037259	-18.886692	-415.392112	35.279035	18.886692	4.607888	15.380918	28.442856	2.227079	0	1	0	0	0
lg	2	60.500000	92	2	18	8.000000	25.000000	0.463782	2.461832	1650.303109	-420.000000	0.000000	46.000000	1696.913820	1297.843100	0.000000	0.000000	0	414.711965	27.241998	73.924254	-17.582672	-443.476222	63.172772	-8.750425	-399.864810	44.758224	0.000000	-420.000000	0	45.777267	4.589431	13.038892	68.548513	-13.166549	-421.670516	23.790288	13.166549	1.670516	8.750425	20.135190	6.476222	0	1	0	0	0
lg	2	60.500000	92	2	18	8.000000	25.000000	0.463782	2.461832	1697.011342	-420.000000	0.000000	47.000000	1743.218707	1297.843100	0.000000	0.000000	0	420.052250	17.577493	60.424150	-18.063019	-440.895074	53.668030	-6.681768	-403.532334	44.758224	0.000000	-420.000000	0	39.637764	6.139504	9.664505	57.046090	-12.372394	-422.213704	12.287866	12.372394	2.213704	6.681768	16.467666	3.895074	0	1	0	0	0
lg	2	60.500000	92	2	18	8.000000	25.000000	0.463782	2.461832	1743.314945	-420.000000	0.000000	48.000000	1791.307215	1297.843100	1779.340265	0.000000	0	424.007708	13.640916	54.700861	-16.675149	-440.874254	48.774734	-5.389940	-407.036023	44.758224	0.000000	-420.000000	0	36.159381	3.478383	3.936576	51.737797	-11.032545	-423.955138	6.979573	11.032545	3.955138	5.389940	12.963977	3.874254	0	1	0	1	0
lg	2	60.500000	92	2	18	8.000000	25.000000	0.463782	2.461832	1791.456920	-420.000000	0.000000	49.000000	1838.196805	1297.843100	1779.340265	0.000000	0	426.368631	13.873535	53.704878	-15.427274	-442.016742	49.386097	-4.211257	-412.123989	44.758224	0.000000	-420.000000	0	32.218436	3.940945	0.232619	51.545487	-9.819265	-427.070366	6.787263	9.819265	7.070366	4.211257	7.876011	5.016742	1	1	0	1	0
lg	2	60.500000	92	2	18	8.000000	25.000000	0.463782	2.461832	1838.298176	-420.000000	0.000000	50.000000	1885.037634	1297.843100	1779.340265	0.000000	0	427.952204	15.007995	52.859676	-14.530295	-443.090470	49.094460	-4.569693	-416.440378	44.758224	0.000000	-420.000000	0	28.698743	3.519693	1.134459	50.977068	-9.549994	-429.765424	6.218844	9.549994	9.765424	4.569693	3.559622	6.090470	1	1	0	1	0
lg	2	60.500000	92	2	18	8.000000	25.000000	0.463782	2.461832	1885.135583	-420.000000	0.000000	51.000000	1931.601295	1297.843100	1779.340265	0.000000	0	428.355633	16.506666	52.698327	-14.602397	-442.906741	50.125862	-4.918416	-420.152358	44.758224	0.000000	-420.000000	0	24.862804	3.835939	1.498672	51.412095	-9.760407	-431.529549	6.653870	9.760407	11.529549	4.918416	0.152358	5.906741	1	1	0	1	0
lg	2	60.500000	92	2	18	8.000000	25.000000	0.463782	2.461832	1931.699672	-420.000000	0.000000	52.000000	1978.558893	1297.843100	1779.340265	0.000000	0	429.150156	17.157128	52.237220	-14.357788	-443.249317	49.713314	-4.932244	-422.260609	44.758224	0.000000	-420.000000	0	23.145990	1.716814	0.650461	50.975267	-9.645016	-432.754963	6.217042	9.645016	12.754963	4.932244	2.260609	6.249317	1	1	0	1	0
lg	2	60.500000	92	2	18	8.000000	25.000000	0.463782	2.461832	1978.656843	-420.000000	0.000000	53.000000	2025.610591	1297.843100	1779.340265	0.000000	0	429.924250	16.850328	51.625585	-13.807939	-443.350934	48.295396	-4.870715	-422.698784	44.758224	0.000000	-420.000000	0	22.748087	0.397903	0.306800	49.960490	-9.339327	-433.024859	5.202266	9.339327	13.024859	4.870715	2.698784	6.350934	1	1	0	1	0
lg	2	60.500000	92	2	18	8.000000	25.000000	0.463782	2.461832	2025.712818	-420.000000	0.000000	54.000000	2072.928336	1297.843100	1779.340265	0.000000	0	430.092416	16.404099	51.978345	-13.367702	-443.228417	48.752751	-4.133454	-422.155025	44.758224	0.000000	-420.000000	0	23.232813	0.484727	0.446228	50.365548	-8.750578	-432.691721	5.607324	8.750578	12.691721	4.133454	2.155025	6.228417	1	1	0	1	0
lg	2	60.500000	92	2	18	8.000000	25.000000	0.463782	2.461832	2073.025857	-420.000000	0.000000	55.000000	2120.012113	1297.843100	1779.340265	0.000000	0	430.911978	15.112181	52.012680	-12.659237	-443.142868	50.256618	-1.145453	-420.527945	44.758224	0.000000	-420.000000	0	25.437880	2.205067	1.291919	51.134649	-6.902345	-431.835407	6.376424	6.902345	11.835407	1.145453	0.527945	6.142868	1	1	0	1	0
lg	2	60.500000	92	2	18	8.000000	25.000000	0.463782	2.461832	2120.110490	-420.000000	0.000000	56.000000	2166.980832	1297.843100	1779.340265	0.000000	0	431.558597	15.120425	52.577994	-11.292432	-443.043434	51.535718	-0.124527	-420.853887	44.758224	0.000000	-420.000000	0	24.863315	0.574565	0.008244	52.056856	-5.708480	-431.948660	7.298632	5.708480	11.948660	0.124527	0.853887	6.043434	1	1	0	1	0
lg	2	60.500000	92	2	18	8.000000	25.000000	0.463782	2.461832	2167.077926	-420.000000	0.000000	57.000000	2213.981203	1297.843100	1779.340265	0.000000	0	432.636953	14.922289	52.908537	-9.738553	-443.004134	52.172393	1.369722	-421.045989	44.758224	0.000000	-420.000000	0	24.619013	0.244302	0.198136	52.540465	-4.184416	-432.025061	7.782241	4.184416	12.025061	1.369722	1.045989	6.004134	1	1	0	1	0
lg	2	60.500000	92	2	18	8.000000	25.000000	0.463782	2.461832	2214.078297	-420.000000	0.000000	58.000000	2261.350702	1297.843100	1779.340265	0.000000	0	434.040986	14.448015	53.682864	-7.898847	-442.730255	52.245610	3.720160	-420.682660	44.758224	0.000000	-420.000000	0	24.963242	0.344229	0.474274	52.964237	-2.089343	-431.706457	8.206013	2.089343	11.706457	3.720160	0.682660	5.730255	1	1	0	1	0
lg	2	60.500000	92	2	18	8.000000	25.000000	0.463782	2.461832	2261.447369	-420.000000	0.000000	59.000000	2308.217622	1297.843100	1779.340265	0.000000	0	435.472380	14.491740	53.464579	-5.812646	-442.830519	52.608883	5.023372	-420.945193	44.758224	0.000000	-420.000000	0	24.436019	0.527223	0.043725	53.036731	-0.394637	-431.887856	8.278506	0.394637	11.887856	5.023372	0.945193	5.830519	1	1	0	1	0
lg	2	60.500000	92	2	18	8.000000	25.000000	0.463782	2.461832	2308.322416	-420.000000	0.000000	60.000000	2355.287285	1297.843100	1779.340265	0.000000	0	436.308579	14.410243	53.661232	-4.705533	-442.694073	52.167017	5.866778	-421.037701	44.758224	0.000000	-420.000000	0	24.145495	0.290524	0.081497	52.914125	0.580623	-431.865887	8.155900	0.580623	11.865887	5.866778	1.037701	5.694073	1	1	0	1	0
lg	2	60.500000	92	2	18	8.000000	25.000000	0.463782	2.461832	2355.386946	-420.000000	0.000000	61.000000	2402.333423	1297.843100	1779.340265	0.000000	0	437.144529	14.157067	52.846164	-4.146944	-442.924621	51.572783	6.559724	-421.029173	44.758224	0.000000	-420.000000	0	24.406247	0.260752	0.253176	52.209474	1.206390	-431.976897	7.451249	1.206390	11.976897	6.559724	1.029173	5.924621	1	1	0	1	0
lg	2	60.500000	92	2	18	8.000000	25.000000	0.463782	2.461832	2402.430089	-420.000000	0.000000	62.000000	2449.451419	1297.843100	1779.340265	0.000000	0	437.119131	14.166130	53.012098	-3.997372	-442.796682	51.545303	6.450369	-421.087823	44.758224	0.000000	-420.000000	0	24.136722	0.269525	0.009063	52.278700	1.226499	-431.942252	7.520476	1.226499	11.942252	6.450369	1.087823	5.796682	1	1	0	1	0
lg	2	60.500000	92	2	18	8.000000	25.000000	0.463782	2.461832	2449.548940	-420.000000	0.000000	63.000000	2496.581391	1297.843100	1779.340265	0.000000	0	436.866623	14.199032	53.297987	-4.173467	-442.681588	51.596480	6.221951	-421.104340	44.758224	0.000000	-420.000000	0	24.011195	0.125527	0.032902	52.447234	1.024242	-431.892964	7.689009	1.024242	11.892964	6.221951	1.104340	5.681588	1	1	0	1	0
lg	2	60.500000	92	2	18	8.000000	25.000000	0.463782	2.461832	2496.678057	-420.000000	0.000000	64.000000	2543.709224	1297.843100	1779.340265	0.000000	0	436.543884	14.438732	53.406879	-4.410486	-442.694435	52.073457	5.830781	-421.327325	44.758224	0.000000	-420.000000	0	23.732149	0.279046	0.239699	52.740168	0.710147	-432.010880	7.981944	0.710147	12.010880	5.830781	1.327325	5.694435	1	1	0	1	0
lg	2	60.500000	92	2	18	8.000000	25.000000	0.463782	2.461832	2543.805035	-420.000000	0.000000	65.000000	2590.775037	1297.843100	1779.340265	0.000000	0	436.412150	14.448376	53.142367	-4.438509	-442.686958	52.201573	5.400935	-421.470577	44.758224	0.000000	-420.000000	0	23.405867	0.326283	0.009644	52.671970	0.481213	-432.078768	7.913745	0.481213	12.078768	5.400935	1.470577	5.686958	1	1	0	1	0
lg	2	60.500000	92	2	18	8.000000	25.000000	0.463782	2.461832	2590.872131	-420.000000	0.000000	66.000000	2637.606884	1297.843100	1779.340265	0.000000	0	436.297896	14.440643	53.160277	-4.509948	-442.622797	52.229593	5.235697	-421.494343	44.758224	0.000000	-420.000000	0	23.286377	0.119490	0.007733	52.694935	0.362875	-432.058570	7.936710	0.362875	12.058570	5.235697	1.494343	5.622797	1	1	0	1	0
lg	2	60.500000	92	2	18	8.000000	25.000000	0.463782	2.461832	2637.703978	-420.000000	0.000000	67.000000	2684.706487	1297.843100	1779.340265	0.000000	0	436.147937	14.478813	53.415286	-4.684243	-442.542045	52.169099	5.152719	-421.544176	44.758224	0.000000	-420.000000	0	23.221311	0.065066	0.038170	52.792193	0.234238	-432.043110	8.033968	0.234238	12.043110	5.152719	1.544176	5.542045	1	1	0	1	0
lg	2	60.500000	92	2	18	8.000000	25.000000	0.463782	2.461832	2684.804009	-420.000000	0.000000	68.000000	2731.881798	1297.843100	1779.340265	0.000000	0	436.055643	14.523966	53.336765	-4.786824	-442.605306	52.264304	4.985388	-421.582044	44.758224	0.000000	-420.000000	0	23.208272	0.013039	0.045153	52.800534	0.099282	-432.093675	8.042310	0.099282	12.093675	4.985388	1.582044	5.605306	1	1	0	1	0
lg	2	60.500000	92	2	18	8.000000	25.000000	0.463782	2.461832	2731.978037	-420.000000	0.000000	69.000000	2778.847523	1297.843100	1779.340265	0.000000	0	435.954872	14.601684	53.588361	-4.825440	-442.525721	52.368515	4.975581	-421.609865	44.758224	0.000000	-420.000000	0	23.130523	0.077749	0.077718	52.978438	0.075071	-432.067793	8.220213	0.075071	12.067793	4.975581	1.609865	5.525721	1	1	0	1	0
lg	2	60.500000	92	2	18	8.000000	25.000000	0.463782	2.461832	2778.997228	-420.000000	0.000000	70.000000	2825.956965	1297.843100	1779.340265	0.000000	0	435.915742	14.270672	53.573788	-4.996745	-442.451840	51.862467	5.029841	-421.237124	44.758224	0.000000	-420.000000	0	23.527117	0.396594	0.331012	52.718127	0.016548	-431.844482	7.959903	0.016548	11.844482	5.029841	1.237124	5.451840	1	1	0	1	0
lg	2	60.500000	92	2	18	8.000000	25.000000	0.463782	2.461832	2826.062186	-420.000000	0.000000	71.000000	2873.095491	1297.843100	1779.340265	0.000000	0	435.798098	14.447009	52.806771	-5.176818	-442.689869	52.624722	4.702213	-421.421340	44.758224	0.000000	-420.000000	0	23.451625	0.075492	0.176337	52.715747	-0.237303	-432.055604	7.957522	0.237303	12.055604	4.702213	1.421340	5.689869	1	1	0	1	0
lg	2	60.500000	92	2	18	8.000000	25.000000	0.463782	2.461832	2873.193441	-420.000000	0.000000	72.000000	2920.253266	1297.843100	1779.340265	0.000000	0	435.620706	14.270877	52.887541	-5.485425	-442.619261	52.162294	4.488372	-421.304608	44.758224	0.000000	-420.000000	0	23.543938	0.092313	0.176132	52.524918	-0.498526	-431.961935	7.766693	0.498526	11.961935	4.488372	1.304608	5.619261	1	1	0	1	0
lg	2	60.500000	92	2	18	8.000000	25.000000	0.463782	2.461832	2920.350788	-420.000000	0.000000	73.000000	2967.233106	1297.843100	1779.340265	0.000000	0	435.592732	14.331030	53.049016	-5.637096	-442.619383	52.051424	4.541179	-421.410846	44.758224	0.000000	-420.000000	0	23.545583	0.001645	0.060153	52.550220	-0.547958	-432.015114	7.791995	0.547958	12.015114	4.541179	1.410846	5.619383	1	1	0	1	0
lg	2	60.500000	92	2	18	8.000000	25.000000	0.463782	2.461832	2967.331483	-420.000000	0.000000	74.000000	3014.201825	1297.843100	1779.340265	0.000000	0	435.543498	14.357641	52.763204	-5.668547	-442.583237	52.303526	4.396207	-421.523552	44.758224	0.000000	-420.000000	0	23.345683	0.199900	0.026610	52.533365	-0.636170	-432.053394	7.775141	0.636170	12.053394	4.396207	1.523552	5.583237	1	1	0	1	0
lg	2	60.500000	92	2	18	8.000000	25.000000	0.463782	2.461832	3014.298919	-420.000000	0.000000	75.000000	3061.472091	1297.843100	1779.340265	0.000000	0	435.551736	14.410053	52.907522	-5.782354	-442.523337	52.217790	4.513537	-421.670710	44.758224	0.000000	-420.000000	0	23.266138	0.079545	0.052412	52.562656	-0.634408	-432.097024	7.804432	0.634408	12.097024	4.513537	1.670710	5.523337	1	1	0	1	0
lg	2	60.500000	92	2	18	8.000000	25.000000	0.463782	2.461832	3061.570041	-420.000000	0.000000	76.000000	3108.097346	1297.843100	1779.340265	0.000000	0	435.562496	14.529176	53.007596	-5.766454	-442.485171	52.331552	4.550913	-421.857229	44.758224	0.000000	-420.000000	0	23.074165	0.191973	0.119123	52.669574	-0.607771	-432.171200	7.911350	0.607771	12.171200	4.550913	1.857229	5.485171	1	1	0	1	0
lg	2	60.500000	92	2	18	8.000000	25.000000	0.463782	2.461832	3108.193584	-420.000000	0.000000	77.000000	3155.586609	1297.843100	1779.340265	0.000000	0	435.715833	14.452872	52.830473	-5.671708	-442.522329	52.168697	4.643817	-421.865596	44.758224	0.000000	-420.000000	0	23.098671	0.024506	0.076303	52.499585	-0.513946	-432.193962	7.741360	0.513946	12.193962	4.643817	1.865596	5.522329	1	1	0	1	0
lg	2	60.500000	92	2	18	8.000000	25.000000	0.463782	2.461832	3155.683703	-420.000000	0.000000	78.000000	3202.506567	1297.843100	1779.340265	0.000000	0	435.731187	14.484009	52.987974	-5.580143	-442.506609	52.159224	4.669698	-421.865442	44.758224	0.000000	-420.000000	0	23.060872	0.037799	0.031137	52.573599	-0.455222	-432.186025	7.815375	0.455222	12.186025	4.669698	1.865442	5.506609	1	1	0	1	0
lg	2	60.500000	92	2	18	8.000000	25.000000	0.463782	2.461832	3202.605372	-420.000000	0.000000	79.000000	3249.686155	1297.843100	1779.340265	0.000000	0	435.915046	14.408273	52.767343	-5.446331	-442.482434	52.079181	4.830159	-421.910238	44.758224	0.000000	-420.000000	0	23.006413	0.054459	0.075736	52.423262	-0.308086	-432.196336	7.665038	0.308086	12.196336	4.830159	1.910238	5.482434	1	1	0	1	0
lg	2	60.500000	92	2	18	8.000000	25.000000	0.463782	2.461832	3249.782822	-420.000000	0.000000	80.000000	3296.706201	1297.843100	1779.340265	0.000000	0	435.944442	14.354922	52.747528	-5.369902	-442.459800	52.004631	4.813766	-421.867530	44.758224	0.000000	-420.000000	0	22.984790	0.021623	0.053351	52.376080	-0.278068	-432.163665	7.617855	0.278068	12.163665	4.813766	1.867530	5.459800	1	1	0	1	0
lg	2	60.500000	92	2	18	8.000000	25.000000	0.463782	2.461832	3296.807573	-420.000000	0.000000	81.000000	3343.797678	1297.843100	1779.340265	0.000000	0	436.010159	14.387643	52.526708	-5.324298	-442.533182	52.120991	4.804871	-421.937055	44.758224	0.000000	-420.000000	0	22.955721	0.029069	0.032721	52.323850	-0.259714	-432.235119	7.565625	0.259714	12.235119	4.804871	1.937055	5.533182	1	1	0	1	0
lg	2	60.500000	92	2	18	8.000000	25.000000	0.463782	2.461832	3343.898622	-420.000000	0.000000	82.000000	3378.926482	1297.843100	1779.340265	3378.922205	0	435.956284	14.480975	  52.602520   -5.402663 -442.547024	  52.239442    4.795193 -422.020315	44.758224	0.000000	-420.000000	0	22.923217	0.032504	0.093332	0
