subjName	sessionNR	IOD	trialN	textureType	texnum	visualAngle	simulatedDepth	light_intensity	ambient_intensity	time	displayDistance	isRotated	frameN	timTote	startTime	touchTime	endTime	fingersOccluded	distanceToHome	distanceToObject	indexXraw	indexYraw	indexZraw	thumbXraw	thumbYraw	thumbZraw	targetX	targetY	targetZ	failCause	gripAperture	gripApertureVel	distFromObjVel	gripOriginX	gripOriginY	gripOriginZ	distFromObjX	distFromObjY	distFromObjZ	y_dist_thm	z_dist_thm	z_dist_ind	handOnObj	handnearObj	handfarObj	handTouchObj	framesOccluded
lg	3	60.500000	7	3	17	8.000000	25.000000	0.291644	3.255177	877.369341	-420.000000	0.000000	30.000000	924.711038	0.000000	0.000000	0.000000	0	4.881803	435.751290	222.733627	-357.225113	-248.203414	229.409095	-353.664535	-242.440660	44.341415	0.000000	-420.000000	0	9.510464	0.108784	0.064614	226.071361	-355.444824	-245.322037	181.729945	355.444824	174.677963	353.664535	177.559340	188.796586	0	0	1	0	0
lg	3	60.500000	7	3	17	8.000000	25.000000	0.291644	3.255177	924.996760	-420.000000	0.000000	31.000000	972.082676	0.000000	0.000000	0.000000	0	4.934657	435.799185	222.844490	-357.230739	-248.171746	229.400173	-353.681503	-242.385415	44.341415	0.000000	-420.000000	0	9.436932	0.073532	0.047895	226.122332	-355.456121	-245.278581	181.780916	355.456121	174.721419	353.681503	177.614585	188.828254	0	0	1	0	0
lg	3	60.500000	7	3	17	8.000000	25.000000	0.291644	3.255177	972.181053	-420.000000	0.000000	32.000000	1018.606131	0.000000	0.000000	0.000000	0	4.990474	435.882864	222.934024	-357.257743	-248.179515	229.587792	-353.692931	-242.326829	44.341415	0.000000	-420.000000	0	9.551673	0.114741	0.083679	226.260908	-355.475337	-245.253172	181.919493	355.475337	174.746828	353.692931	177.673171	188.820485	0	0	1	0	0
lg	3	60.500000	7	3	17	8.000000	25.000000	0.291644	3.255177	1018.708358	-420.000000	0.000000	33.000000	1065.868271	0.000000	0.000000	0.000000	0	4.976608	435.896071	222.989245	-357.278060	-248.203496	229.585845	-353.698044	-242.344156	44.341415	0.000000	-420.000000	0	9.521738	0.029934	0.013207	226.287545	-355.488052	-245.273826	181.946129	355.488052	174.726174	353.698044	177.655844	188.796504	0	0	1	0	0
lg	3	60.500000	7	3	17	8.000000	25.000000	0.291644	3.255177	1065.965793	-420.000000	0.000000	34.000000	1113.093626	0.000000	0.000000	0.000000	0	4.914286	435.800573	222.853020	-357.235611	-248.195541	229.427718	-353.685929	-242.411150	44.341415	0.000000	-420.000000	0	9.449131	0.072608	0.095498	226.140369	-355.460770	-245.303346	181.798953	355.460770	174.696654	353.685929	177.588850	188.804459	0	0	1	0	0
lg	3	60.500000	7	3	17	8.000000	25.000000	0.291644	3.255177	1113.191576	-420.000000	0.000000	35.000000	1159.859603	0.000000	0.000000	0.000000	0	4.881372	435.759746	222.785907	-357.226908	-248.211678	229.388780	-353.670788	-242.439840	44.341415	0.000000	-420.000000	0	9.463512	0.014381	0.040827	226.087343	-355.448848	-245.325759	181.745928	355.448848	174.674241	353.670788	177.560160	188.788322	0	0	1	0	0
lg	3	60.500000	7	3	17	8.000000	25.000000	0.291644	3.255177	1159.962685	-420.000000	0.000000	36.000000	1207.356993	0.000000	0.000000	0.000000	0	4.894914	435.806890	222.750190	-357.258856	-248.276575	229.532900	-353.696240	-242.369332	44.341415	0.000000	-420.000000	0	9.674342	0.210831	0.047143	226.141545	-355.477548	-245.322953	181.800130	355.477548	174.677047	353.696240	177.630668	188.723425	0	0	1	0	0
lg	3	60.500000	7	3	17	8.000000	25.000000	0.291644	3.255177	1207.453231	-420.000000	0.000000	37.000000	1254.675165	0.000000	0.000000	0.000000	0	4.921975	435.764113	222.736640	-357.227190	-248.231952	229.288167	-353.701272	-242.304491	44.341415	0.000000	-420.000000	0	9.512591	0.161751	0.042777	226.012403	-355.464231	-245.268221	181.670988	355.464231	174.731779	353.701272	177.695509	188.768048	0	0	1	0	0
lg	3	60.500000	7	3	17	8.000000	25.000000	0.291644	3.255177	1254.773114	-420.000000	0.000000	38.000000	1301.937305	0.000000	0.000000	0.000000	0	4.862144	435.050394	223.222706	-356.555181	-248.497330	228.833942	-352.763718	-242.358647	44.341415	0.000000	-420.000000	0	9.140273	0.372318	0.713719	226.028324	-354.659449	-245.427989	181.686909	354.659449	174.572011	352.763718	177.641353	188.502670	0	0	1	0	0
lg	3	60.500000	7	3	17	8.000000	25.000000	0.291644	3.255177	1302.166139	-420.000000	0.000000	39.000000	1349.439399	1337.643968	0.000000	0.000000	0	18.990202	422.491586	230.494003	-339.770024	-253.651237	231.545056	-335.665988	-242.273364	44.341415	0.000000	-420.000000	0	12.140997	3.000724	12.558808	231.019530	-337.718006	-247.962300	186.678115	337.718006	172.037700	335.665988	177.726636	183.348763	0	0	1	0	0
lg	3	60.500000	7	3	17	8.000000	25.000000	0.291644	3.255177	1349.553175	-420.000000	0.000000	40.000000	1408.098757	1337.643968	0.000000	0.000000	0	68.873092	382.157197	236.569872	-290.569697	-263.955965	233.900585	-285.016413	-248.759251	44.341415	0.000000	-420.000000	0	16.398298	4.257301	40.334389	235.235229	-287.793055	-256.357608	190.893813	287.793055	163.642392	285.016413	171.240749	173.044035	0	0	1	0	0
lg	3	60.500000	7	3	17	8.000000	25.000000	0.291644	3.255177	1408.201839	-420.000000	0.000000	41.000000	1455.167137	1337.643968	0.000000	0.000000	0	119.824668	335.807755	229.665305	-240.027584	-276.823539	224.682530	-234.307576	-259.264214	44.341415	0.000000	-420.000000	0	19.127897	2.729599	46.349442	227.173918	-237.167580	-268.043876	182.832502	237.167580	151.956124	234.307576	160.735786	160.176461	0	0	1	0	0
lg	3	60.500000	7	3	17	8.000000	25.000000	0.291644	3.255177	1455.266797	-420.000000	0.000000	42.000000	1502.186755	1337.643968	0.000000	0.000000	0	172.901335	283.645606	213.259044	-189.152958	-296.611353	206.558555	-185.063375	-274.816086	44.341415	0.000000	-420.000000	0	23.165813	4.037916	52.162149	209.908799	-187.108167	-285.713719	165.567384	187.108167	134.286281	185.063375	145.183914	140.388647	0	0	1	0	0
lg	3	60.500000	7	3	17	8.000000	25.000000	0.291644	3.255177	1502.288554	-420.000000	0.000000	43.000000	1549.031433	1337.643968	0.000000	0.000000	0	224.787528	231.566281	193.061202	-143.178248	-319.491292	185.561640	-139.317193	-295.513405	44.341415	0.000000	-420.000000	0	25.418305	2.252492	52.079325	189.311421	-141.247720	-307.502348	144.970006	141.247720	112.497652	139.317193	124.486595	117.508708	0	0	0	0	0
lg	3	60.500000	7	3	17	8.000000	25.000000	0.291644	3.255177	1549.134943	-420.000000	0.000000	44.000000	1595.861996	1337.643968	0.000000	0.000000	0	273.703690	181.694521	172.934751	-103.088736	-348.345393	163.894676	-99.849111	-320.508200	44.341415	0.000000	-420.000000	0	29.447028	4.028723	49.871760	168.414714	-101.468924	-334.426796	124.073298	101.468924	85.573204	99.849111	99.491800	88.654607	0	0	0	0	0
lg	3	60.500000	7	3	17	8.000000	25.000000	0.291644	3.255177	1595.965934	-420.000000	0.000000	45.000000	1642.937219	1337.643968	0.000000	0.000000	0	317.270994	137.685459	153.033179	-70.690971	-376.700361	143.698579	-66.495360	-346.147188	44.341415	0.000000	-420.000000	0	32.221643	2.774616	44.009062	148.365879	-68.593166	-361.423775	104.024464	68.593166	58.576225	66.495360	73.852812	60.299639	0	0	0	0	0
lg	3	60.500000	7	3	17	8.000000	25.000000	0.291644	3.255177	1643.036880	-420.000000	0.000000	46.000000	1689.609951	1337.643968	0.000000	0.000000	0	354.042967	100.769017	135.148506	-45.883470	-404.479017	122.759480	-41.078454	-369.052573	44.341415	0.000000	-420.000000	0	37.836611	5.614968	36.916442	128.953993	-43.480962	-386.765795	84.612578	43.480962	33.234205	41.078454	50.947427	32.520983	0	0	0	0	0
lg	3	60.500000	7	3	17	8.000000	25.000000	0.291644	3.255177	1689.707901	-420.000000	0.000000	47.000000	1737.047032	1337.643968	0.000000	0.000000	0	383.444469	71.489641	117.501530	-28.190293	-428.541713	102.426429	-23.262024	-387.574187	44.341415	0.000000	-420.000000	0	43.930453	6.093842	29.279376	109.963980	-25.726159	-408.057950	65.622564	25.726159	11.942050	23.262024	32.425813	8.458287	0	0	0	0	0
lg	3	60.500000	7	3	17	8.000000	25.000000	0.291644	3.255177	1737.150542	-420.000000	0.000000	48.000000	1783.916090	1337.643968	0.000000	0.000000	0	405.491364	50.949681	102.456031	-16.638408	-447.527631	83.975473	-11.041581	-400.377761	44.341415	0.000000	-420.000000	0	50.950621	7.020168	20.539959	93.215752	-13.839994	-423.952696	48.874337	13.839994	3.952696	11.041581	19.622239	10.527631	0	1	0	0	0
lg	3	60.500000	7	3	17	8.000000	25.000000	0.291644	3.255177	1784.074349	-420.000000	0.000000	49.000000	1830.960517	1337.643968	1819.199731	0.000000	0	420.608447	38.934606	89.011234	-9.448623	-458.489680	71.145793	-3.137751	-409.735074	44.341415	0.000000	-420.000000	0	52.306908	1.356287	12.015075	80.078513	-6.293187	-434.112377	35.737098	6.293187	14.112377	3.137751	10.264926	21.489680	0	1	0	1	0
lg	3	60.500000	7	3	17	8.000000	25.000000	0.291644	3.255177	1831.062744	-420.000000	0.000000	50.000000	1878.235061	1337.643968	1819.199731	0.000000	0	429.787238	30.932511	77.380898	-6.125930	-462.688917	60.743139	1.708501	-414.234443	44.341415	0.000000	-420.000000	0	51.826918	0.479990	8.002095	69.062019	-2.208715	-438.461680	24.720603	2.208715	18.461680	1.708501	5.765557	25.688917	0	1	0	1	0
lg	3	60.500000	7	3	17	8.000000	25.000000	0.291644	3.255177	1878.334294	-420.000000	0.000000	51.000000	1924.973235	1337.643968	1819.199731	0.000000	0	435.226676	26.507439	68.121829	-5.075530	-464.297676	52.502639	3.157258	-417.970862	44.341415	0.000000	-420.000000	0	49.577329	2.249588	4.425073	60.312234	-0.959136	-441.134269	15.970819	0.959136	21.134269	3.157258	2.029138	27.297676	0	1	0	1	0
lg	3	60.500000	7	3	17	8.000000	25.000000	0.291644	3.255177	1925.071184	-420.000000	0.000000	52.000000	1971.529197	1337.643968	1819.199731	0.000000	0	438.855390	25.655086	61.766239	-4.667808	-464.949170	49.587579	5.287414	-421.076651	44.341415	0.000000	-420.000000	0	46.607126	2.970203	0.852353	55.676909	0.309803	-443.012911	11.335493	0.309803	23.012911	5.287414	1.076651	27.949170	0	1	0	1	0
lg	3	60.500000	7	3	17	8.000000	25.000000	0.291644	3.255177	1971.627147	-420.000000	0.000000	53.000000	2019.062944	1337.643968	1819.199731	0.000000	0	440.256692	23.268092	56.680567	-4.048416	-461.622252	48.693610	6.695947	-421.736783	44.341415	0.000000	-420.000000	0	42.072360	4.534766	2.386994	52.687088	1.323765	-441.679518	8.345673	1.323765	21.679518	6.695947	1.736783	24.622252	0	1	0	1	0
lg	3	60.500000	7	3	17	8.000000	25.000000	0.291644	3.255177	2019.162177	-420.000000	0.000000	54.000000	2066.028241	1337.643968	1819.199731	0.000000	0	439.739363	17.732375	51.607962	-2.171454	-452.362337	48.791968	6.507204	-420.828917	44.341415	0.000000	-420.000000	0	32.826902	9.245458	5.535717	50.199965	2.167875	-436.595627	5.858549	2.167875	16.595627	6.507204	0.828917	15.362337	0	1	0	1	0
lg	3	60.500000	7	3	17	8.000000	25.000000	0.291644	3.255177	2066.127474	-420.000000	0.000000	55.000000	2112.859660	1337.643968	1819.199731	0.000000	0	439.154960	15.126448	50.395603	-0.940728	-447.084075	48.959278	6.101620	-420.749543	44.341415	0.000000	-420.000000	0	27.297716	5.529185	2.605926	49.677440	2.580446	-433.916809	5.336025	2.580446	13.916809	6.101620	0.749543	10.084075	0	1	0	1	0
lg	3	60.500000	7	3	17	8.000000	25.000000	0.291644	3.255177	2112.962742	-420.000000	0.000000	56.000000	2159.721875	1337.643968	1819.199731	0.000000	0	439.765393	15.034867	50.332246	-0.335498	-446.444847	48.555764	6.932638	-421.060079	44.341415	0.000000	-420.000000	0	26.464470	0.833247	0.091581	49.444005	3.298570	-433.752463	5.102590	3.298570	13.752463	6.932638	1.060079	9.444847	0	1	0	1	0
lg	3	60.500000	7	3	17	8.000000	25.000000	0.291644	3.255177	2159.820252	-420.000000	0.000000	57.000000	2207.052451	1337.643968	1819.199731	0.000000	0	440.147283	15.083009	50.189455	-0.026475	-446.267115	48.309503	7.334630	-421.305029	44.341415	0.000000	-420.000000	0	26.092639	0.371830	0.048142	49.249479	3.654077	-433.786072	4.908064	3.654077	13.786072	7.334630	1.305029	9.267115	0	1	0	1	0
lg	3	60.500000	7	3	17	8.000000	25.000000	0.291644	3.255177	2207.149973	-420.000000	0.000000	58.000000	2253.901406	1337.643968	1819.199731	0.000000	0	440.154362	15.265132	50.645304	0.082073	-445.997675	48.572450	7.573592	-421.615785	44.341415	0.000000	-420.000000	0	25.590939	0.501700	0.182123	49.608877	3.827832	-433.806730	5.267462	3.827832	13.806730	7.573592	1.615785	8.997675	0	1	0	1	0
lg	3	60.500000	7	3	17	8.000000	25.000000	0.291644	3.255177	2253.999356	-420.000000	0.000000	59.000000	2300.970214	1337.643968	1819.199731	0.000000	0	440.149947	15.179534	50.239195	0.162876	-445.796604	48.795886	7.447672	-421.709459	44.341415	0.000000	-420.000000	0	25.205991	0.384948	0.085598	49.517541	3.805274	-433.753032	5.176125	3.805274	13.753032	7.447672	1.709459	8.796604	0	1	0	1	0
lg	3	60.500000	7	3	17	8.000000	25.000000	0.291644	3.255177	2301.072868	-420.000000	0.000000	60.000000	2348.158357	1337.643968	1819.199731	0.000000	0	440.089545	15.091066	49.857327	0.178394	-445.707994	48.927282	7.178463	-421.765481	44.341415	0.000000	-420.000000	0	24.962169	0.243822	0.088468	49.392305	3.678428	-433.736737	5.050889	3.678428	13.736737	7.178463	1.765481	8.707994	0	1	0	1	0
lg	3	60.500000	7	3	17	8.000000	25.000000	0.291644	3.255177	2348.258445	-420.000000	0.000000	61.000000	2395.015867	1337.643968	1819.199731	0.000000	0	439.902772	15.022269	50.323954	0.224170	-445.419792	48.897690	7.037564	-421.762460	44.341415	0.000000	-420.000000	0	24.660209	0.301960	0.068797	49.610822	3.630867	-433.591126	5.269407	3.630867	13.591126	7.037564	1.762460	8.419792	0	1	0	1	0
lg	3	60.500000	7	3	17	8.000000	25.000000	0.291644	3.255177	2395.118093	-420.000000	0.000000	62.000000	2442.310941	1337.643968	1819.199731	0.000000	0	439.794420	15.085058	50.223064	0.300507	-445.321168	49.216572	6.746048	-421.971196	44.341415	0.000000	-420.000000	0	24.244159	0.416050	0.062790	49.719818	3.523278	-433.646182	5.378403	3.523278	13.646182	6.746048	1.971196	8.321168	0	1	0	1	0
lg	3	60.500000	7	3	17	8.000000	25.000000	0.291644	3.255177	2442.409319	-420.000000	0.000000	63.000000	2489.297625	1337.643968	1819.199731	0.000000	0	439.915691	15.028879	49.734166	0.367665	-445.289857	49.250138	6.734453	-422.039768	44.341415	0.000000	-420.000000	0	24.110929	0.133230	0.056180	49.492152	3.551059	-433.664812	5.150737	3.551059	13.664812	6.734453	2.039768	8.289857	0	1	0	1	0
lg	3	60.500000	7	3	17	8.000000	25.000000	0.291644	3.255177	2489.395147	-420.000000	0.000000	64.000000	2536.575591	1337.643968	1819.199731	0.000000	0	439.781570	15.027482	50.025844	0.402812	-445.148357	49.328524	6.614708	-422.057773	44.341415	0.000000	-420.000000	0	23.921726	0.189203	0.001397	49.677184	3.508760	-433.603065	5.335769	3.508760	13.603065	6.614708	2.057773	8.148357	0	1	0	1	0
lg	3	60.500000	7	3	17	8.000000	25.000000	0.291644	3.255177	2536.679528	-420.000000	0.000000	65.000000	2583.584516	1337.643968	1819.199731	0.000000	0	439.682545	15.106537	50.522984	0.362673	-445.121406	49.252523	6.608369	-422.103344	44.341415	0.000000	-420.000000	0	23.884179	0.037547	0.079056	49.887754	3.485521	-433.612375	5.546338	3.485521	13.612375	6.608369	2.103344	8.121406	0	1	0	1	0
lg	3	60.500000	7	3	17	8.000000	25.000000	0.291644	3.255177	2583.682893	-420.000000	0.000000	66.000000	2630.696951	1337.643968	1819.199731	0.000000	0	439.603598	15.051397	50.450396	0.270227	-445.023665	49.317280	6.544272	-422.121630	44.341415	0.000000	-420.000000	0	23.772901	0.111277	0.055140	49.883838	3.407250	-433.572648	5.542422	3.407250	13.572648	6.544272	2.121630	8.023665	0	1	0	1	0
lg	3	60.500000	7	3	17	8.000000	25.000000	0.291644	3.255177	2630.794046	-420.000000	0.000000	67.000000	2677.537352	1337.643968	1819.199731	0.000000	0	439.287855	15.059460	50.554494	0.154093	-444.961144	49.580373	6.061599	-422.193328	44.341415	0.000000	-420.000000	0	23.541899	0.231002	0.008063	50.067434	3.107846	-433.577236	5.726018	3.107846	13.577236	6.061599	2.193328	7.961144	1	1	0	1	0
lg	3	60.500000	7	3	17	8.000000	25.000000	0.291644	3.255177	2677.634019	-420.000000	0.000000	68.000000	2724.658342	1337.643968	1819.199731	0.000000	0	439.314336	14.985295	50.265434	0.087320	-444.978798	49.441148	5.957772	-422.227269	44.341415	0.000000	-420.000000	0	23.511140	0.030759	0.074164	49.853291	3.022546	-433.603033	5.511876	3.022546	13.603033	5.957772	2.227269	7.978798	1	1	0	1	0
lg	3	60.500000	7	3	17	8.000000	25.000000	0.291644	3.255177	2724.756292	-420.000000	0.000000	69.000000	2771.804140	1337.643968	1819.199731	0.000000	0	439.134231	15.047252	50.602481	-0.100982	-444.978089	49.544820	5.917804	-422.232381	44.341415	0.000000	-420.000000	0	23.552318	0.041178	0.061956	50.073651	2.908411	-433.605235	5.732235	2.908411	13.605235	5.917804	2.232381	7.978089	1	1	0	1	0
lg	3	60.500000	7	3	17	8.000000	25.000000	0.291644	3.255177	2772.020570	-420.000000	0.000000	70.000000	2818.949511	1337.643968	1819.199731	0.000000	0	439.058895	14.936983	50.284156	-0.203259	-444.996936	49.527562	5.689564	-422.178461	44.341415	0.000000	-420.000000	0	23.579241	0.026924	0.110268	49.905859	2.743153	-433.587699	5.564444	2.743153	13.587699	5.689564	2.178461	7.996936	1	1	0	1	0
lg	3	60.500000	7	3	17	8.000000	25.000000	0.291644	3.255177	2819.050882	-420.000000	0.000000	71.000000	2866.035855	1337.643968	1819.199731	0.000000	0	438.996735	14.921975	50.477079	-0.325396	-445.000546	49.350427	5.673161	-422.163013	44.341415	0.000000	-420.000000	0	23.639055	0.059813	0.015009	49.913753	2.673883	-433.581779	5.572338	2.673883	13.581779	5.673161	2.163013	8.000546	0	1	0	1	0
lg	3	60.500000	7	3	17	8.000000	25.000000	0.291644	3.255177	2866.135087	-420.000000	0.000000	72.000000	2912.866418	1337.643968	1819.199731	0.000000	0	439.042186	14.932062	50.413547	-0.184314	-444.969862	49.477131	5.692727	-422.157753	44.341415	0.000000	-420.000000	0	23.575597	0.063458	0.010088	49.945339	2.754207	-433.563808	5.603924	2.754207	13.563808	5.692727	2.157753	7.969862	1	1	0	1	0
lg	3	60.500000	7	3	17	8.000000	25.000000	0.291644	3.255177	2912.969928	-420.000000	0.000000	73.000000	2959.879193	1337.643968	1819.199731	0.000000	0	439.084603	14.975372	50.493769	-0.061734	-444.957285	49.537098	5.741595	-422.172190	44.341415	0.000000	-420.000000	0	23.531987	0.043610	0.043310	50.015433	2.839930	-433.564737	5.674018	2.839930	13.564737	5.741595	2.172190	7.957285	1	1	0	1	0
lg	3	60.500000	7	3	17	8.000000	25.000000	0.291644	3.255177	2959.977998	-420.000000	0.000000	74.000000	3006.892823	1337.643968	1819.199731	0.000000	0	439.128875	14.972649	50.242873	0.059439	-444.930520	49.719697	5.691718	-422.206401	44.341415	0.000000	-420.000000	0	23.417555	0.114432	0.002724	49.981285	2.875579	-433.568461	5.639870	2.875579	13.568461	5.691718	2.206401	7.930520	1	1	0	1	0
lg	3	60.500000	7	3	17	8.000000	25.000000	0.291644	3.255177	3006.990773	-420.000000	0.000000	75.000000	3054.251202	1337.643968	1819.199731	0.000000	0	439.069246	14.959647	50.379118	-0.013149	-444.929451	49.626247	5.650733	-422.184788	44.341415	0.000000	-420.000000	0	23.451356	0.033801	0.013002	50.002682	2.818792	-433.557120	5.661267	2.818792	13.557120	5.650733	2.184788	7.929451	1	1	0	1	0
lg	3	60.500000	7	3	17	8.000000	25.000000	0.291644	3.255177	3054.350862	-420.000000	0.000000	76.000000	3101.078771	1337.643968	1819.199731	0.000000	0	439.000541	14.965657	50.320744	-0.086675	-444.942327	49.713007	5.550926	-422.208771	44.341415	0.000000	-420.000000	0	23.430033	0.021322	0.006011	50.016875	2.732126	-433.575549	5.675460	2.732126	13.575549	5.550926	2.208771	7.942327	1	1	0	1	0
lg	3	60.500000	7	3	17	8.000000	25.000000	0.291644	3.255177	3101.177148	-420.000000	0.000000	77.000000	3148.062888	1337.643968	1819.199731	0.000000	0	439.049543	14.912642	50.199769	-0.173742	-445.008682	49.536037	5.605978	-422.155084	44.341415	0.000000	-420.000000	0	23.582465	0.152432	0.053015	49.867903	2.716118	-433.581883	5.526487	2.716118	13.581883	5.605978	2.155084	8.008682	0	1	0	1	0
lg	3	60.500000	7	3	17	8.000000	25.000000	0.291644	3.255177	3148.160837	-420.000000	0.000000	78.000000	3195.527343	1337.643968	1819.199731	0.000000	0	438.948773	14.994255	50.404260	-0.164700	-444.997924	49.733616	5.533287	-422.191612	44.341415	0.000000	-420.000000	0	23.516902	0.065563	0.081612	50.068938	2.684293	-433.594768	5.727523	2.684293	13.594768	5.533287	2.191612	7.997924	1	1	0	1	0
lg	3	60.500000	7	3	17	8.000000	25.000000	0.291644	3.255177	3195.625720	-420.000000	0.000000	79.000000	3242.297169	1337.643968	1819.199731	0.000000	0	439.035274	14.964986	50.292837	-0.008523	-444.935966	49.713139	5.546807	-422.210250	44.341415	0.000000	-420.000000	0	23.402049	0.114853	0.029269	50.002988	2.769142	-433.573108	5.661572	2.769142	13.573108	5.546807	2.210250	7.935966	1	1	0	1	0
lg	3	60.500000	7	3	17	8.000000	25.000000	0.291644	3.255177	3242.395546	-420.000000	0.000000	80.000000	3277.681753	1337.643968	1819.199731	3277.677476	0	439.065069	14.997104	  50.322240   -0.032580 -444.934895	  49.722211    5.642087 -422.251491	44.341415	0.000000	-420.000000	0	23.390141	0.011908	0.032118	0
