subjName	sessionNR	IOD	trialN	textureType	texnum	visualAngle	simulatedDepth	light_intensity	ambient_intensity	time	displayDistance	isRotated	frameN	timTote	startTime	touchTime	endTime	fingersOccluded	distanceToHome	distanceToObject	indexXraw	indexYraw	indexZraw	thumbXraw	thumbYraw	thumbZraw	targetX	targetY	targetZ	failCause	gripAperture	gripApertureVel	distFromObjVel	gripOriginX	gripOriginY	gripOriginZ	distFromObjX	distFromObjY	distFromObjZ	y_dist_thm	z_dist_thm	z_dist_ind	handOnObj	handnearObj	handfarObj	handTouchObj	framesOccluded
lg	3	60.500000	2	1	50	8.000000	45.000000	0.720212	1.712833	881.457985	-420.000000	0.000000	30.000000	928.540052	0.000000	0.000000	0.000000	0	3.073542	435.102513	223.337113	-357.052963	-249.472400	229.213725	-353.947192	-245.077687	44.341415	0.000000	-420.000000	0	7.968306	0.098473	0.038366	226.275419	-355.500077	-247.275044	181.934004	355.500077	172.724956	353.947192	174.922313	207.527600	0	0	1	0	0
lg	3	60.500000	2	1	50	8.000000	45.000000	0.720212	1.712833	928.735095	-420.000000	0.000000	31.000000	975.874477	0.000000	0.000000	0.000000	0	3.095876	435.114787	223.177546	-357.029237	-249.469101	229.356783	-353.982109	-245.024800	44.341415	0.000000	-420.000000	0	8.198767	0.230461	0.012274	226.267164	-355.505673	-247.246950	181.925749	355.505673	172.753050	353.982109	174.975200	207.530899	0	0	1	0	0
lg	3	60.500000	2	1	50	8.000000	45.000000	0.720212	1.712833	975.976704	-420.000000	0.000000	32.000000	1022.612224	0.000000	0.000000	0.000000	0	3.036917	435.062002	223.252099	-357.031549	-249.474026	229.188953	-353.942276	-245.110343	44.341415	0.000000	-420.000000	0	7.989466	0.209301	0.052786	226.220526	-355.486912	-247.292185	181.879110	355.486912	172.707815	353.942276	174.889657	207.525974	0	0	1	0	0
lg	3	60.500000	2	1	50	8.000000	45.000000	0.720212	1.712833	1022.714451	-420.000000	0.000000	33.000000	1069.579660	0.000000	0.000000	0.000000	0	3.018261	435.052262	223.261824	-357.043575	-249.483758	229.143575	-353.936970	-245.125968	44.341415	0.000000	-420.000000	0	7.952127	0.037339	0.009739	226.202699	-355.490273	-247.304863	181.861284	355.490273	172.695137	353.936970	174.874032	207.516242	0	0	1	0	0
lg	3	60.500000	2	1	50	8.000000	45.000000	0.720212	1.712833	1069.677609	-420.000000	0.000000	34.000000	1116.796460	0.000000	0.000000	0.000000	0	3.021172	435.056042	223.440533	-357.057157	-249.466122	229.037482	-353.907552	-245.168440	44.341415	0.000000	-420.000000	0	7.727608	0.224519	0.003780	226.239007	-355.482355	-247.317281	181.897592	355.482355	172.682719	353.907552	174.831560	207.533878	0	0	1	0	0
lg	3	60.500000	2	1	50	8.000000	45.000000	0.720212	1.712833	1116.893982	-420.000000	0.000000	35.000000	1163.463632	0.000000	0.000000	0.000000	0	3.053334	435.061149	223.023261	-357.002570	-249.476701	229.365700	-353.968289	-245.051010	44.341415	0.000000	-420.000000	0	8.307836	0.580228	0.005107	226.194481	-355.485429	-247.263855	181.853065	355.485429	172.736145	353.968289	174.948990	207.523299	0	0	1	0	0
lg	3	60.500000	2	1	50	8.000000	45.000000	0.720212	1.712833	1163.565431	-420.000000	0.000000	36.000000	1211.035874	0.000000	0.000000	0.000000	0	3.095959	435.126437	223.200080	-357.039332	-249.492292	229.404869	-353.979012	-245.031701	44.341415	0.000000	-420.000000	0	8.231757	0.076078	0.065289	226.302475	-355.509172	-247.261996	181.961059	355.509172	172.738004	353.979012	174.968299	207.507708	0	0	1	0	0
lg	3	60.500000	2	1	50	8.000000	45.000000	0.720212	1.712833	1211.144089	-420.000000	0.000000	37.000000	1258.425904	0.000000	0.000000	0.000000	0	3.081343	435.076068	223.159452	-357.009104	-249.472958	229.298407	-353.947570	-245.022952	44.341415	0.000000	-420.000000	0	8.176937	0.054821	0.050370	226.228929	-355.478337	-247.247955	181.887514	355.478337	172.752045	353.947570	174.977048	207.527042	0	0	1	0	0
lg	3	60.500000	2	1	50	8.000000	45.000000	0.720212	1.712833	1258.524281	-420.000000	0.000000	38.000000	1305.471614	0.000000	0.000000	0.000000	0	3.108388	434.425995	223.211623	-356.458510	-249.544647	229.233406	-353.014006	-245.158972	44.341415	0.000000	-420.000000	0	8.207351	0.030415	0.650073	226.222515	-354.736258	-247.351810	181.881099	354.736258	172.648190	353.014006	174.841028	207.455353	0	0	1	0	0
lg	3	60.500000	2	1	50	8.000000	45.000000	0.720212	1.712833	1305.666658	-420.000000	0.000000	39.000000	1353.013915	1341.342524	0.000000	0.000000	0	14.534265	424.790849	228.164987	-344.236983	-253.033763	231.508033	-339.597603	-245.607772	44.341415	0.000000	-420.000000	0	9.372575	1.165223	9.635145	229.836510	-341.917293	-249.320767	185.495094	341.917293	170.679233	339.597603	174.392228	203.966237	0	0	1	0	0
lg	3	60.500000	2	1	50	8.000000	45.000000	0.720212	1.712833	1353.121702	-420.000000	0.000000	40.000000	1411.977815	1341.342524	0.000000	0.000000	0	54.915335	391.720230	237.068210	-308.147513	-272.252915	234.399577	-298.054397	-251.877056	44.341415	0.000000	-420.000000	0	22.894721	13.522146	33.070620	235.733893	-303.100955	-262.064986	191.392478	303.100955	157.935014	298.054397	168.122944	184.747085	0	0	1	0	0
lg	3	60.500000	2	1	50	8.000000	45.000000	0.720212	1.712833	1412.080469	-420.000000	0.000000	41.000000	1458.799823	1341.342524	0.000000	0.000000	0	96.897180	353.766630	240.132122	-267.812131	-294.718553	226.938226	-259.080576	-262.774320	44.341415	0.000000	-420.000000	0	35.647622	12.752902	37.953599	233.535174	-263.446354	-278.746437	189.193759	263.446354	141.253563	259.080576	157.225680	162.281447	0	0	1	0	0
lg	3	60.500000	2	1	50	8.000000	45.000000	0.720212	1.712833	1458.898628	-420.000000	0.000000	42.000000	1506.010636	1341.342524	0.000000	0.000000	0	142.130799	310.433493	234.318107	-225.036885	-318.293241	213.444756	-218.182159	-276.565524	44.341415	0.000000	-420.000000	0	47.158100	11.510477	43.333137	223.881431	-221.609522	-297.429382	179.540016	221.609522	122.570618	218.182159	143.434476	138.706759	0	0	1	0	0
lg	3	60.500000	2	1	50	8.000000	45.000000	0.720212	1.712833	1506.113718	-420.000000	0.000000	43.000000	1552.762069	1341.342524	0.000000	0.000000	0	189.737091	265.149133	223.558106	-181.164756	-341.833026	198.419605	-175.937419	-291.747962	44.341415	0.000000	-420.000000	0	56.283060	9.124961	45.284361	210.988856	-178.551088	-316.790494	166.647441	178.551088	103.209506	175.937419	128.252038	115.166974	0	0	1	0	0
lg	3	60.500000	2	1	50	8.000000	45.000000	0.720212	1.712833	1552.865152	-420.000000	0.000000	44.000000	1599.746187	1341.342524	0.000000	0.000000	0	235.103454	221.562208	210.163117	-141.407377	-367.631089	181.652353	-138.937124	-311.506198	44.341415	0.000000	-420.000000	0	62.999756	6.716696	43.586925	195.907735	-140.172250	-339.568644	151.566319	140.172250	80.431356	138.937124	108.493802	89.368911	0	0	0	0	0
lg	3	60.500000	2	1	50	8.000000	45.000000	0.720212	1.712833	1599.849697	-420.000000	0.000000	45.000000	1646.536116	1341.342524	0.000000	0.000000	0	276.301908	182.103445	194.295277	-109.815079	-393.452742	165.401902	-105.939990	-334.085565	44.341415	0.000000	-420.000000	0	66.138530	3.138774	39.458763	179.848590	-107.877534	-363.769153	135.507174	107.877534	56.230847	105.939990	85.914435	63.547258	0	0	0	0	0
lg	3	60.500000	2	1	50	8.000000	45.000000	0.720212	1.712833	1646.634493	-420.000000	0.000000	46.000000	1693.792695	1341.342524	0.000000	0.000000	0	312.325193	147.731017	176.676348	-83.528571	-416.168087	149.054202	-79.070700	-355.511572	44.341415	0.000000	-420.000000	0	66.798715	0.660185	34.372429	162.865275	-81.299636	-385.839829	118.523859	81.299636	34.160171	79.070700	64.488428	40.831913	0	0	0	0	0
lg	3	60.500000	2	1	50	8.000000	45.000000	0.720212	1.712833	1693.891500	-420.000000	0.000000	47.000000	1740.878611	1341.342524	0.000000	0.000000	0	342.174927	118.327650	159.024746	-62.888911	-435.913238	130.091374	-58.879501	-372.390052	44.341415	0.000000	-420.000000	0	69.917169	3.118454	29.403367	144.558060	-60.884206	-404.151645	100.216645	60.884206	15.848355	58.879501	47.609948	21.086762	0	0	0	0	0
lg	3	60.500000	2	1	50	8.000000	45.000000	0.720212	1.712833	1740.978272	-420.000000	0.000000	48.000000	1787.648865	1341.342524	0.000000	0.000000	0	367.000724	94.686955	142.464855	-46.150040	-450.798408	114.023045	-41.504387	-384.658696	44.341415	0.000000	-420.000000	0	72.145549	2.228380	23.640695	128.243950	-43.827214	-417.728552	83.902535	43.827214	2.271448	41.504387	35.341304	6.201592	0	0	0	0	0
lg	3	60.500000	2	1	50	8.000000	45.000000	0.720212	1.712833	1787.909779	-420.000000	0.000000	49.000000	1834.934958	1341.342524	0.000000	0.000000	0	385.590818	77.550430	128.617214	-36.194442	-463.243444	100.563720	-27.521817	-392.781484	44.341415	0.000000	-420.000000	0	76.335450	4.189901	17.136525	114.590467	-31.858129	-428.012464	70.249052	31.858129	8.012464	27.521817	27.218516	6.243444	0	1	0	0	0
lg	3	60.500000	2	1	50	8.000000	45.000000	0.720212	1.712833	1835.037184	-420.000000	0.000000	50.000000	1881.603840	1341.342524	0.000000	0.000000	0	400.021250	65.057292	116.882024	-28.450599	-473.278007	88.176212	-19.045017	-400.348417	44.341415	0.000000	-420.000000	0	78.938038	2.602588	12.493138	102.529118	-23.747808	-436.813212	58.187703	23.747808	16.813212	19.045017	19.651583	16.278007	0	1	0	0	0
lg	3	60.500000	2	1	50	8.000000	45.000000	0.720212	1.712833	1881.702217	-420.000000	0.000000	51.000000	1928.809092	1341.342524	1916.801935	0.000000	0	410.132490	55.988921	105.574506	-23.973932	-479.568287	77.866892	-14.219487	-406.269620	44.341415	0.000000	-420.000000	0	78.965535	0.027497	9.068371	91.720699	-19.096709	-442.918954	47.379284	19.096709	22.918954	14.219487	13.730380	22.568287	0	1	0	1	0
lg	3	60.500000	2	1	50	8.000000	45.000000	0.720212	1.712833	1928.911747	-420.000000	0.000000	52.000000	1976.031881	1341.342524	1916.801935	0.000000	0	418.184145	49.114981	96.287421	-19.904999	-483.064649	69.320616	-10.090147	-410.151228	44.341415	0.000000	-420.000000	0	78.357558	0.607976	6.873940	82.804018	-14.997573	-446.607939	38.462603	14.997573	26.607939	10.090147	9.848772	26.064649	0	1	0	1	0
lg	3	60.500000	2	1	50	8.000000	45.000000	0.720212	1.712833	1976.131114	-420.000000	0.000000	53.000000	2022.663123	1341.342524	1916.801935	0.000000	0	424.407198	44.359140	88.182795	-16.777629	-485.372301	62.946309	-7.032503	-412.975567	44.341415	0.000000	-420.000000	0	77.286058	1.071500	4.755842	75.564552	-11.905066	-449.173934	31.223137	11.905066	29.173934	7.032503	7.024433	28.372301	0	1	0	1	0
lg	3	60.500000	2	1	50	8.000000	45.000000	0.720212	1.712833	2022.762356	-420.000000	0.000000	54.000000	2069.461607	1341.342524	1916.801935	0.000000	0	429.333786	39.261692	80.050029	-14.105281	-483.976116	58.420265	-3.062296	-414.268237	44.341415	0.000000	-420.000000	0	73.817225	3.468834	5.097447	69.235147	-8.583789	-449.122177	24.893731	8.583789	29.122177	3.062296	5.731763	26.976116	0	1	0	1	0
lg	3	60.500000	2	1	50	8.000000	45.000000	0.720212	1.712833	2069.559557	-420.000000	0.000000	55.000000	2116.381565	1341.342524	1916.801935	0.000000	0	432.825701	36.303022	74.261141	-11.743414	-483.114899	53.835902	-2.141241	-416.259959	44.341415	0.000000	-420.000000	0	70.561853	3.255372	2.958671	64.048521	-6.942327	-449.687429	19.707106	6.942327	29.687429	2.141241	3.740041	26.114899	0	1	0	1	0
lg	3	60.500000	2	1	50	8.000000	45.000000	0.720212	1.712833	2116.479087	-420.000000	0.000000	56.000000	2163.752775	1341.342524	1916.801935	0.000000	0	434.948167	33.679638	67.304363	-12.106943	-481.771153	48.513025	-2.564267	-418.109925	44.341415	0.000000	-420.000000	0	67.059146	3.502707	2.623384	57.908694	-7.335605	-449.940539	13.567278	7.335605	29.940539	2.564267	1.890075	24.771153	0	1	0	1	0
lg	3	60.500000	2	1	50	8.000000	45.000000	0.720212	1.712833	2163.851153	-420.000000	0.000000	57.000000	2210.721922	1341.342524	1916.801935	0.000000	0	437.434229	30.478577	59.550602	-11.659543	-478.481761	45.117578	-0.852918	-418.995901	44.341415	0.000000	-420.000000	0	62.158369	4.900777	3.201061	52.334090	-6.256230	-448.738831	7.992674	6.256230	28.738831	0.852918	1.004099	21.481761	0	1	0	1	0
lg	3	60.500000	2	1	50	8.000000	45.000000	0.720212	1.712833	2210.820299	-420.000000	0.000000	58.000000	2258.141466	1341.342524	1916.801935	0.000000	0	439.905722	29.247677	54.602978	-9.210999	-475.486052	42.050415	-0.873379	-421.579541	44.341415	0.000000	-420.000000	0	55.973160	6.185209	1.230900	48.326696	-5.042189	-448.532797	3.985281	5.042189	28.532797	0.873379	1.579541	18.486052	0	1	0	1	0
lg	3	60.500000	2	1	50	8.000000	45.000000	0.720212	1.712833	2258.239843	-420.000000	0.000000	59.000000	2305.208562	1341.342524	1916.801935	0.000000	0	441.459339	27.778675	48.866889	-9.317548	-470.925793	40.157913	0.500126	-423.926329	44.341415	0.000000	-420.000000	0	48.797363	7.175797	1.469002	44.512401	-4.408711	-447.426061	0.170985	4.408711	27.426061	0.500126	3.926329	13.925793	0	1	0	1	0
lg	3	60.500000	2	1	50	8.000000	45.000000	0.720212	1.712833	2305.316349	-420.000000	0.000000	60.000000	2352.042119	1341.342524	1916.801935	0.000000	0	443.731396	26.663189	46.289068	-7.384208	-468.756139	38.779448	3.247080	-424.286518	44.341415	0.000000	-420.000000	0	46.335363	2.462000	1.115486	42.534258	-2.068564	-446.521329	1.807157	2.068564	26.521329	3.247080	4.286518	11.756139	0	1	0	1	0
lg	3	60.500000	2	1	50	8.000000	45.000000	0.720212	1.712833	2352.143918	-420.000000	0.000000	61.000000	2399.025809	1341.342524	1916.801935	0.000000	0	445.485703	25.919851	46.532441	-2.164861	-468.111006	39.124261	3.447692	-423.624394	44.341415	0.000000	-420.000000	0	45.447118	0.888245	0.743338	42.828351	0.641416	-445.867700	1.513064	0.641416	25.867700	3.447692	3.624394	11.111006	0	1	0	1	0
lg	3	60.500000	2	1	50	8.000000	45.000000	0.720212	1.712833	2399.122475	-420.000000	0.000000	62.000000	2446.000516	1341.342524	1916.801935	0.000000	0	446.464772	24.247693	48.906905	1.647903	-466.705186	40.908694	6.308220	-421.119696	44.341415	0.000000	-420.000000	0	46.515877	1.068758	1.672158	44.907800	3.978062	-443.912441	0.566384	3.978062	23.912441	6.308220	1.119696	9.705186	0	1	0	1	0
lg	3	60.500000	2	1	50	8.000000	45.000000	0.720212	1.712833	2446.098038	-420.000000	0.000000	63.000000	2493.140753	1341.342524	1916.801935	0.000000	0	446.374350	24.201694	50.819991	2.836957	-464.638651	42.974097	7.287554	-422.417245	44.341415	0.000000	-420.000000	0	43.174217	3.341659	0.045998	46.897044	5.062256	-443.527948	2.555629	5.062256	23.527948	7.287554	2.417245	7.638651	1	1	0	1	0
lg	3	60.500000	2	1	50	8.000000	45.000000	0.720212	1.712833	2493.239986	-420.000000	0.000000	64.000000	2540.097068	1341.342524	1916.801935	0.000000	0	446.595022	24.785743	51.186741	2.556875	-464.404966	43.123487	7.778779	-423.749357	44.341415	0.000000	-420.000000	0	41.775148	1.399070	0.584048	47.155114	5.167827	-444.077161	2.813699	5.167827	24.077161	7.778779	3.749357	7.404966	1	1	0	1	0
lg	3	60.500000	2	1	50	8.000000	45.000000	0.720212	1.712833	2540.194162	-420.000000	0.000000	65.000000	2587.067498	1341.342524	1916.801935	0.000000	0	446.854683	24.870976	51.498466	3.180575	-463.863259	43.766668	8.388988	-424.064607	44.341415	0.000000	-420.000000	0	40.875921	0.899227	0.085233	47.632567	5.784781	-443.963933	3.291151	5.784781	23.963933	8.388988	4.064607	6.863259	0	1	0	1	0
lg	3	60.500000	2	1	50	8.000000	45.000000	0.720212	1.712833	2587.165876	-420.000000	0.000000	66.000000	2634.327927	1341.342524	1916.801935	0.000000	0	447.041503	25.023866	51.628874	3.410252	-463.621754	43.969666	8.712657	-424.440535	44.341415	0.000000	-420.000000	0	40.273402	0.602519	0.152890	47.799270	6.061455	-444.031144	3.457855	6.061455	24.031144	8.712657	4.440535	6.621754	0	1	0	1	0
lg	3	60.500000	2	1	50	8.000000	45.000000	0.720212	1.712833	2634.425449	-420.000000	0.000000	67.000000	2681.226927	1341.342524	1916.801935	0.000000	0	447.619283	25.048412	51.748599	4.045517	-463.403396	43.346940	9.379762	-424.433106	44.341415	0.000000	-420.000000	0	40.220959	0.052443	0.024546	47.547769	6.712640	-443.918251	3.206354	6.712640	23.918251	9.379762	4.433106	6.403396	0	1	0	1	0
lg	3	60.500000	2	1	50	8.000000	45.000000	0.720212	1.712833	2681.325304	-420.000000	0.000000	68.000000	2728.362032	1341.342524	1916.801935	0.000000	0	447.803692	25.066308	52.089969	4.289651	-463.320798	42.961273	9.620401	-424.420514	44.341415	0.000000	-420.000000	0	40.311067	0.090107	0.017895	47.525621	6.955026	-443.870656	3.184205	6.955026	23.870656	9.620401	4.420514	6.320798	0	1	0	1	0
lg	3	60.500000	2	1	50	8.000000	45.000000	0.720212	1.712833	2728.464258	-420.000000	0.000000	69.000000	2775.577977	1341.342524	1916.801935	0.000000	0	448.086901	25.100947	51.833596	4.491894	-463.199204	42.843431	9.954797	-424.503970	44.341415	0.000000	-420.000000	0	40.099720	0.211346	0.034639	47.338514	7.223346	-443.851587	2.997098	7.223346	23.851587	9.954797	4.503970	6.199204	0	1	0	1	0
lg	3	60.500000	2	1	50	8.000000	45.000000	0.720212	1.712833	2775.734525	-420.000000	0.000000	70.000000	2822.529159	1341.342524	1916.801935	0.000000	0	448.100741	25.122577	51.932205	4.555276	-463.205925	42.801021	9.940550	-424.520789	44.341415	0.000000	-420.000000	0	40.111338	0.011617	0.021630	47.366613	7.247913	-443.863357	3.025198	7.247913	23.863357	9.940550	4.520789	6.205925	0	1	0	1	0
lg	3	60.500000	2	1	50	8.000000	45.000000	0.720212	1.712833	2822.631814	-420.000000	0.000000	71.000000	2869.542362	1341.342524	1916.801935	0.000000	0	447.951200	25.090570	52.131804	4.423211	-463.137859	42.971455	9.921923	-424.518642	44.341415	0.000000	-420.000000	0	40.069836	0.041501	0.032007	47.551630	7.172567	-443.828251	3.210214	7.172567	23.828251	9.921923	4.518642	6.137859	0	1	0	1	0
lg	3	60.500000	2	1	50	8.000000	45.000000	0.720212	1.712833	2869.639884	-420.000000	0.000000	72.000000	2916.576523	1341.342524	1916.801935	0.000000	0	447.623936	25.065556	52.333097	4.253850	-463.107744	43.261962	9.494575	-424.603158	44.341415	0.000000	-420.000000	0	39.904309	0.165527	0.025015	47.797530	6.874213	-443.855451	3.456115	6.874213	23.855451	9.494575	4.603158	6.107744	0	1	0	1	0
lg	3	60.500000	2	1	50	8.000000	45.000000	0.720212	1.712833	2916.679178	-420.000000	0.000000	73.000000	2963.601274	1341.342524	1916.801935	0.000000	0	447.613983	25.074562	52.166105	4.232030	-463.142711	43.333501	9.411605	-424.630895	44.341415	0.000000	-420.000000	0	39.849754	0.054555	0.009006	47.749803	6.821817	-443.886803	3.408387	6.821817	23.886803	9.411605	4.630895	6.142711	0	1	0	1	0
lg	3	60.500000	2	1	50	8.000000	45.000000	0.720212	1.712833	2963.704784	-420.000000	0.000000	74.000000	3010.510539	1341.342524	1916.801935	0.000000	0	447.722285	24.991842	52.085335	4.286942	-463.090920	43.095977	9.570486	-424.491745	44.341415	0.000000	-420.000000	0	39.982755	0.133002	0.082720	47.590656	6.928714	-443.791333	3.249241	6.928714	23.791333	9.570486	4.491745	6.090920	0	1	0	1	0
lg	3	60.500000	2	1	50	8.000000	45.000000	0.720212	1.712833	3010.612766	-420.000000	0.000000	75.000000	3057.708092	1341.342524	1916.801935	0.000000	0	447.817522	25.175014	52.036986	4.345457	-463.196545	43.277621	9.635805	-424.716597	44.341415	0.000000	-420.000000	0	39.817342	0.165414	0.183172	47.657303	6.990631	-443.956571	3.315888	6.990631	23.956571	9.635805	4.716597	6.196545	0	1	0	1	0
lg	3	60.500000	2	1	50	8.000000	45.000000	0.720212	1.712833	3057.805187	-420.000000	0.000000	76.000000	3105.096412	1341.342524	1916.801935	0.000000	0	448.036190	25.304214	51.831041	4.629146	-463.228919	43.429013	9.784584	-424.835594	44.341415	0.000000	-420.000000	0	39.638618	0.178723	0.129200	47.630027	7.206865	-444.032257	3.288612	7.206865	24.032257	9.784584	4.835594	6.228919	0	1	0	1	0
lg	3	60.500000	2	1	50	8.000000	45.000000	0.720212	1.712833	3105.193078	-420.000000	0.000000	77.000000	3151.850412	1341.342524	1916.801935	0.000000	0	448.216050	25.313853	51.814481	4.874005	-463.216436	43.233557	9.915067	-424.782857	44.341415	0.000000	-420.000000	0	39.701191	0.062573	0.009639	47.524019	7.394536	-443.999647	3.182603	7.394536	23.999647	9.915067	4.782857	6.216436	0	1	0	1	0
lg	3	60.500000	2	1	50	8.000000	45.000000	0.720212	1.712833	3151.949217	-420.000000	0.000000	78.000000	3199.053953	1341.342524	1916.801935	0.000000	0	448.253389	25.465779	51.619042	4.900202	-463.277766	43.609824	9.915581	-425.009556	44.341415	0.000000	-420.000000	0	39.417731	0.283460	0.151925	47.614433	7.407891	-444.143661	3.273018	7.407891	24.143661	9.915581	5.009556	6.277766	0	1	0	1	0
lg	3	60.500000	2	1	50	8.000000	45.000000	0.720212	1.712833	3199.150619	-420.000000	0.000000	79.000000	3246.005563	1341.342524	1916.801935	0.000000	0	448.293577	25.400055	51.627465	4.878865	-463.256667	43.353949	9.978492	-424.912181	44.341415	0.000000	-420.000000	0	39.557007	0.139276	0.065724	47.490707	7.428678	-444.084424	3.149291	7.428678	24.084424	9.978492	4.912181	6.256667	0	1	0	1	0
lg	3	60.500000	2	1	50	8.000000	45.000000	0.720212	1.712833	3246.104368	-420.000000	0.000000	80.000000	3293.153500	1341.342524	1916.801935	0.000000	0	448.285718	25.353193	51.588985	4.726740	-463.269621	43.208881	10.047965	-424.849523	44.341415	0.000000	-420.000000	0	39.681803	0.124796	0.046862	47.398933	7.387353	-444.059572	3.057518	7.387353	24.059572	10.047965	4.849523	6.269621	0	1	0	1	0
lg	3	60.500000	2	1	50	8.000000	45.000000	0.720212	1.712833	3293.331862	-420.000000	0.000000	81.000000	3340.320684	1341.342524	1916.801935	0.000000	0	448.092471	25.273441	51.794140	4.588859	-463.204889	43.259833	9.893966	-424.801816	44.341415	0.000000	-420.000000	0	39.696027	0.014224	0.079752	47.526986	7.241412	-444.003352	3.185571	7.241412	24.003352	9.893966	4.801816	6.204889	0	1	0	1	0
lg	3	60.500000	2	1	50	8.000000	45.000000	0.720212	1.712833	3340.423766	-420.000000	0.000000	82.000000	3387.345863	1341.342524	1916.801935	0.000000	0	447.977377	25.282580	51.764352	4.438749	-463.227796	43.355067	9.737307	-424.880885	44.341415	0.000000	-420.000000	0	39.614093	0.081934	0.009139	47.559710	7.088028	-444.054341	3.218294	7.088028	24.054341	9.737307	4.880885	6.227796	0	1	0	1	0
lg	3	60.500000	2	1	50	8.000000	45.000000	0.720212	1.712833	3387.443813	-420.000000	0.000000	83.000000	3434.526735	1341.342524	1916.801935	0.000000	0	448.089466	25.265305	51.538276	4.433381	-463.218407	43.217889	9.853403	-424.868440	44.341415	0.000000	-420.000000	0	39.614712	0.000620	0.017276	47.378083	7.143392	-444.043424	3.036667	7.143392	24.043424	9.853403	4.868440	6.218407	0	1	0	1	0
lg	3	60.500000	2	1	50	8.000000	45.000000	0.720212	1.712833	3434.625540	-420.000000	0.000000	84.000000	3481.370985	1341.342524	1916.801935	0.000000	0	448.078290	25.325254	51.485669	4.495959	-463.253523	43.388445	9.756147	-424.954562	44.341415	0.000000	-420.000000	0	39.497405	0.117307	0.059949	47.437057	7.126053	-444.104042	3.095642	7.126053	24.104042	9.756147	4.954562	6.253523	0	1	0	1	0
lg	3	60.500000	2	1	50	8.000000	45.000000	0.720212	1.712833	3481.468935	-420.000000	0.000000	85.000000	3528.489409	1341.342524	1916.801935	0.000000	0	448.219681	25.372944	51.702151	4.612142	-463.284766	43.163058	9.985996	-424.921227	44.341415	0.000000	-420.000000	0	39.668067	0.170662	0.047690	47.432604	7.299069	-444.102996	3.091189	7.299069	24.102996	9.985996	4.921227	6.284766	0	1	0	1	0
lg	3	60.500000	2	1	50	8.000000	45.000000	0.720212	1.712833	3528.592063	-420.000000	0.000000	86.000000	3575.865324	1341.342524	1916.801935	0.000000	0	448.324875	25.398692	51.503597	4.750521	-463.282526	43.221358	10.030016	-424.939904	44.341415	0.000000	-420.000000	0	39.580617	0.087450	0.025748	47.362478	7.390269	-444.111215	3.021062	7.390269	24.111215	10.030016	4.939904	6.282526	0	1	0	1	0
lg	3	60.500000	2	1	50	8.000000	45.000000	0.720212	1.712833	3575.964557	-420.000000	0.000000	87.000000	3610.963331	1341.342524	1916.801935	3610.959054	0	448.278214	25.420192	  51.642364    4.719059 -463.281461	  43.271848   10.020859 -424.974619	44.341415	0.000000	-420.000000	0	39.567522	0.013095	0.021499	0
