subjName	sessionNR	IOD	trialN	textureType	texnum	visualAngle	simulatedDepth	light_intensity	ambient_intensity	time	displayDistance	isRotated	frameN	timTote	startTime	touchTime	endTime	fingersOccluded	distanceToHome	distanceToObject	indexXraw	indexYraw	indexZraw	thumbXraw	thumbYraw	thumbZraw	targetX	targetY	targetZ	failCause	gripAperture	gripApertureVel	distFromObjVel	gripOriginX	gripOriginY	gripOriginZ	distFromObjX	distFromObjY	distFromObjZ	y_dist_thm	z_dist_thm	z_dist_ind	handOnObj	handnearObj	handfarObj	handTouchObj	framesOccluded
lg	4	60.500000	22	1	4	8.000000	45.000000	0.771093	1.732191	1045.955861	-420.000000	0.000000	30.000000	1092.603357	0.000000	0.000000	0.000000	0	3.938921	433.944272	221.968391	-357.350087	-251.523924	226.743900	-354.018327	-245.715967	44.286011	0.000000	-420.000000	0	8.224262	0.089614	0.112114	224.356146	-355.684207	-248.619945	180.070135	355.684207	171.380055	354.018327	174.284033	205.476076	0	0	1	0	0
lg	4	60.500000	22	1	4	8.000000	45.000000	0.771093	1.732191	1092.799684	-420.000000	0.000000	31.000000	1140.427530	0.000000	0.000000	0.000000	0	3.909975	433.892535	221.870998	-357.358922	-251.577995	226.665041	-354.010649	-245.741152	44.286011	0.000000	-420.000000	0	8.262113	0.037851	0.051738	224.268020	-355.684785	-248.659574	179.982009	355.684785	171.340426	354.010649	174.258848	205.422005	0	0	1	0	0
lg	4	60.500000	22	1	4	8.000000	45.000000	0.771093	1.732191	1140.531468	-420.000000	0.000000	32.000000	1187.090852	0.000000	0.000000	0.000000	0	3.906811	433.824851	221.829722	-357.339997	-251.561938	226.492678	-353.992628	-245.798941	44.286011	0.000000	-420.000000	0	8.133890	0.128222	0.067684	224.161200	-355.666312	-248.680440	179.875189	355.666312	171.319560	353.992628	174.201059	205.438062	0	0	1	0	0
lg	4	60.500000	22	1	4	8.000000	45.000000	0.771093	1.732191	1187.192651	-420.000000	0.000000	33.000000	1234.368818	0.000000	0.000000	0.000000	0	3.910135	433.866605	221.945960	-357.351298	-251.521380	226.538393	-353.986227	-245.808279	44.286011	0.000000	-420.000000	0	8.065585	0.068305	0.041754	224.242177	-355.668762	-248.664829	179.956166	355.668762	171.335171	353.986227	174.191721	205.478620	0	0	1	0	0
lg	4	60.500000	22	1	4	8.000000	45.000000	0.771093	1.732191	1234.465484	-420.000000	0.000000	34.000000	1281.320428	0.000000	0.000000	0.000000	0	3.936127	433.934264	221.869323	-357.352372	-251.558173	226.773207	-354.032414	-245.693092	44.286011	0.000000	-420.000000	0	8.334829	0.269244	0.067659	224.321265	-355.692393	-248.625632	180.035254	355.692393	171.374368	354.032414	174.306908	205.441827	0	0	1	0	0
lg	4	60.500000	22	1	4	8.000000	45.000000	0.771093	1.732191	1281.417522	-420.000000	0.000000	35.000000	1328.760502	0.000000	0.000000	0.000000	0	3.915936	433.875527	221.866305	-357.368047	-251.576035	226.612052	-353.987884	-245.740347	44.286011	0.000000	-420.000000	0	8.246385	0.088444	0.058737	224.239178	-355.677965	-248.658191	179.953167	355.677965	171.341809	353.987884	174.259653	205.423965	0	0	1	0	0
lg	4	60.500000	22	1	4	8.000000	45.000000	0.771093	1.732191	1328.857596	-420.000000	0.000000	36.000000	1375.768145	0.000000	0.000000	0.000000	0	3.890753	433.926664	221.979558	-357.376168	-251.590993	226.778184	-353.972199	-245.744236	44.286011	0.000000	-420.000000	0	8.294479	0.048094	0.051136	224.378871	-355.674184	-248.667614	180.092860	355.674184	171.332386	353.972199	174.255764	205.409007	0	0	1	0	0
lg	4	60.500000	22	1	4	8.000000	45.000000	0.771093	1.732191	1375.864811	-420.000000	0.000000	37.000000	1423.229177	0.000000	0.000000	0.000000	0	3.234150	433.473707	222.704038	-357.132198	-252.181292	227.096271	-353.302203	-246.651735	44.286011	0.000000	-420.000000	0	8.033465	0.261014	0.452957	224.900155	-355.217200	-249.416514	180.614144	355.217200	170.583486	353.302203	173.348265	204.818708	0	0	1	0	0
lg	4	60.500000	22	1	4	8.000000	45.000000	0.771093	1.732191	1423.330121	-420.000000	0.000000	38.000000	1470.396790	1458.995722	0.000000	0.000000	0	16.602510	419.362441	226.998479	-346.121826	-261.093695	226.726409	-334.005926	-250.959582	44.286011	0.000000	-420.000000	0	15.797762	7.764297	14.111265	226.862444	-340.063876	-256.026639	182.576433	340.063876	163.973361	334.005926	169.040418	195.906305	0	0	1	0	0
lg	4	60.500000	22	1	4	8.000000	45.000000	0.771093	1.732191	1470.572586	-420.000000	0.000000	39.000000	1529.231088	1458.995722	0.000000	0.000000	0	65.578206	375.589322	230.588867	-303.007536	-286.721627	223.174150	-287.090354	-265.720775	44.286011	0.000000	-420.000000	0	27.374632	11.576870	43.773119	226.881509	-295.048945	-276.221201	182.595498	295.048945	143.778799	287.090354	154.279225	170.278373	0	0	1	0	0
lg	4	60.500000	22	1	4	8.000000	45.000000	0.771093	1.732191	1529.338875	-420.000000	0.000000	40.000000	1576.803757	1458.995722	0.000000	0.000000	0	121.863603	322.236139	224.400690	-250.973068	-311.058344	207.677177	-233.394029	-278.468570	44.286011	0.000000	-420.000000	0	40.629938	13.255305	53.353183	216.038934	-242.183548	-294.763457	171.752923	242.183548	125.236543	233.394029	141.531430	145.941656	0	0	1	0	0
lg	4	60.500000	22	1	4	8.000000	45.000000	0.771093	1.732191	1576.902562	-420.000000	0.000000	41.000000	1623.268614	1458.995722	0.000000	0.000000	0	181.333539	264.094213	206.104170	-196.020182	-334.376810	186.381999	-179.089556	-291.352595	44.286011	0.000000	-420.000000	0	50.266224	9.636286	58.141927	196.243084	-187.554869	-312.864702	151.957074	187.554869	107.135298	179.089556	128.647405	122.623190	0	0	1	0	0
lg	4	60.500000	22	1	4	8.000000	45.000000	0.771093	1.732191	1623.370841	-420.000000	0.000000	42.000000	1670.135962	1458.995722	0.000000	0.000000	0	238.042924	207.632032	184.431418	-145.779486	-359.870758	161.394877	-131.802923	-309.212632	44.286011	0.000000	-420.000000	0	57.378325	7.112101	56.462181	172.913147	-138.791204	-334.541695	128.627137	138.791204	85.458305	131.802923	110.787368	97.129242	0	0	0	0	0
lg	4	60.500000	22	1	4	8.000000	45.000000	0.771093	1.732191	1670.233911	-420.000000	0.000000	43.000000	1717.253957	1458.995722	0.000000	0.000000	0	289.790664	155.540176	162.405616	-102.765005	-388.695118	136.206511	-93.062088	-331.697652	44.286011	0.000000	-420.000000	0	63.476380	6.098055	52.091856	149.306063	-97.913547	-360.196385	105.020052	97.913547	59.803615	93.062088	88.302348	68.304882	0	0	0	0	0
lg	4	60.500000	22	1	4	8.000000	45.000000	0.771093	1.732191	1717.357040	-420.000000	0.000000	44.000000	1764.144830	1458.995722	0.000000	0.000000	0	334.425074	110.540372	139.086290	-70.291807	-415.582616	113.446085	-59.811505	-353.235742	44.286011	0.000000	-420.000000	0	68.223087	4.746707	44.999804	126.266187	-65.051656	-384.409179	81.980177	65.051656	35.590821	59.811505	66.764258	41.417384	0	0	0	0	0
lg	4	60.500000	22	1	4	8.000000	45.000000	0.771093	1.732191	1764.245774	-420.000000	0.000000	45.000000	1811.366336	1458.995722	0.000000	0.000000	0	370.848353	74.372582	117.828553	-45.480477	-439.061354	92.367267	-35.345179	-372.654569	44.286011	0.000000	-420.000000	0	71.839143	3.616056	36.167790	105.097910	-40.412828	-405.857962	60.811899	40.412828	14.142038	35.345179	47.345431	17.938646	0	0	0	0	0
lg	4	60.500000	22	1	4	8.000000	45.000000	0.771093	1.732191	1811.469846	-420.000000	0.000000	46.000000	1858.381677	1458.995722	0.000000	0.000000	0	397.931329	48.526653	99.159349	-28.189213	-455.544208	74.044647	-19.153307	-388.387586	44.286011	0.000000	-420.000000	0	72.266229	0.427086	25.845929	86.601998	-23.671260	-421.965897	42.315987	23.671260	1.965897	19.153307	31.612414	1.455792	0	0	0	0	0
lg	4	60.500000	22	1	4	8.000000	45.000000	0.771093	1.732191	1858.483049	-420.000000	0.000000	47.000000	1905.394024	1458.995722	0.000000	0.000000	0	415.629228	33.655414	83.799133	-19.877412	-466.405100	59.938685	-8.811382	-399.371552	44.286011	0.000000	-420.000000	0	72.008850	0.257378	14.871239	71.868909	-14.344397	-432.888326	27.582898	14.344397	12.888326	8.811382	20.628448	9.405100	0	1	0	0	0
lg	4	60.500000	22	1	4	8.000000	45.000000	0.771093	1.732191	1905.496251	-420.000000	0.000000	48.000000	1952.131343	1458.995722	1940.285439	0.000000	0	427.098459	26.985415	70.501128	-15.844205	-472.645339	50.223903	-2.565688	-406.598899	44.286011	0.000000	-420.000000	0	70.353515	1.655335	6.669999	60.362516	-9.204946	-439.622119	16.076505	9.204946	19.622119	2.565688	13.401101	15.645339	0	1	0	1	0
lg	4	60.500000	22	1	4	8.000000	45.000000	0.771093	1.732191	1952.286180	-420.000000	0.000000	49.000000	1999.473468	1458.995722	1940.285439	0.000000	0	434.030715	24.654807	59.828002	-13.713706	-474.370133	42.598079	0.250227	-410.997672	44.286011	0.000000	-420.000000	0	67.141124	3.212392	2.330608	51.213040	-6.731739	-442.683903	6.927030	6.731739	22.683903	0.250227	9.002328	17.370133	0	1	0	1	0
lg	4	60.500000	22	1	4	8.000000	45.000000	0.771093	1.732191	1999.580827	-420.000000	0.000000	50.000000	2046.322851	1458.995722	1940.285439	0.000000	0	438.692304	24.901047	51.922757	-12.357424	-474.522692	37.201516	1.972786	-414.181547	44.286011	0.000000	-420.000000	0	63.742636	3.398488	0.246241	44.562136	-5.192319	-444.352120	0.276126	5.192319	24.352120	1.972786	5.818453	17.522692	0	1	0	1	0
lg	4	60.500000	22	1	4	8.000000	45.000000	0.771093	1.732191	2046.419945	-420.000000	0.000000	51.000000	2093.340759	1458.995722	1940.285439	0.000000	0	441.431546	25.650854	44.803692	-12.099336	-472.235934	34.146167	2.832397	-417.295906	44.286011	0.000000	-420.000000	0	57.921898	5.820738	0.749807	39.474930	-4.633469	-444.765920	4.811081	4.633469	24.765920	2.832397	2.704094	15.235934	0	1	0	1	0
lg	4	60.500000	22	1	4	8.000000	45.000000	0.771093	1.732191	2093.496879	-420.000000	0.000000	52.000000	2140.040437	1458.995722	1940.285439	0.000000	0	443.519588	27.069913	43.594913	-10.366183	-471.918224	33.840160	3.875014	-420.664603	44.286011	0.000000	-420.000000	0	54.082350	3.839548	1.419058	38.717536	-3.245585	-446.291414	5.568474	3.245585	26.291414	3.875014	0.664603	14.918224	0	1	0	1	0
lg	4	60.500000	22	1	4	8.000000	45.000000	0.771093	1.732191	2140.138815	-420.000000	0.000000	53.000000	2186.944997	1458.995722	1940.285439	0.000000	0	444.600576	27.267378	43.013835	-9.271542	-470.692380	34.986893	5.368058	-422.665377	44.286011	0.000000	-420.000000	0	50.846266	3.236084	0.197466	39.000364	-1.951742	-446.678879	5.285647	1.951742	26.678879	5.368058	2.665377	13.692380	0	1	0	1	0
lg	4	60.500000	22	1	4	8.000000	45.000000	0.771093	1.732191	2187.090852	-420.000000	0.000000	54.000000	2233.944513	1458.995722	1940.285439	0.000000	0	444.720532	27.468237	43.030558	-9.270099	-470.235636	35.061679	5.476477	-423.558405	44.286011	0.000000	-420.000000	0	49.595650	1.250616	0.200859	39.046118	-1.896811	-446.897020	5.239892	1.896811	26.897020	5.476477	3.558405	13.235636	0	1	0	1	0
lg	4	60.500000	22	1	4	8.000000	45.000000	0.771093	1.732191	2234.048023	-420.000000	0.000000	55.000000	2281.240871	1458.995722	1940.285439	0.000000	0	444.652760	27.361908	43.644731	-8.587269	-469.708431	36.063560	5.406380	-424.199010	44.286011	0.000000	-420.000000	0	48.212071	1.383579	0.106330	39.854145	-1.590444	-446.953721	4.431865	1.590444	26.953721	5.406380	4.199010	12.708431	0	1	0	1	0
lg	4	60.500000	22	1	4	8.000000	45.000000	0.771093	1.732191	2281.343097	-420.000000	0.000000	56.000000	2327.934561	1458.995722	1940.285439	0.000000	0	444.046557	26.668183	45.353589	-7.807395	-468.615205	37.004642	5.035457	-424.285390	44.286011	0.000000	-420.000000	0	46.901772	1.310299	0.693725	41.179115	-1.385969	-446.450298	3.106895	1.385969	26.450298	5.035457	4.285390	11.615205	0	1	0	1	0
lg	4	60.500000	22	1	4	8.000000	45.000000	0.771093	1.732191	2328.036360	-420.000000	0.000000	57.000000	2375.358382	1458.995722	1940.285439	0.000000	0	443.869612	25.963059	46.608425	-6.144406	-467.530241	38.644448	5.016375	-424.277408	44.286011	0.000000	-420.000000	0	45.373952	1.527821	0.705124	42.626437	-0.564016	-445.903825	1.659574	0.564016	25.903825	5.016375	4.277408	10.530241	0	1	0	1	0
lg	4	60.500000	22	1	4	8.000000	45.000000	0.771093	1.732191	2375.460609	-420.000000	0.000000	58.000000	2422.283045	1458.995722	1940.285439	0.000000	0	443.693758	25.165601	48.522291	-4.429190	-466.196837	40.721987	5.704081	-424.113724	44.286011	0.000000	-420.000000	0	43.983137	1.390815	0.797458	44.622139	0.637445	-445.155281	0.336128	0.637445	25.155281	5.704081	4.113724	9.196837	0	1	0	1	0
lg	4	60.500000	22	1	4	8.000000	45.000000	0.771093	1.732191	2422.380139	-420.000000	0.000000	59.000000	2469.413873	1458.995722	1940.285439	0.000000	0	443.497831	24.805958	50.502702	-2.690883	-465.091644	43.090209	6.240275	-424.137764	44.286011	0.000000	-420.000000	0	42.566781	1.416356	0.359643	46.796455	1.774696	-444.614704	2.510444	1.774696	24.614704	6.240275	4.137764	8.091644	0	1	0	1	0
lg	4	60.500000	22	1	4	8.000000	45.000000	0.771093	1.732191	2469.530214	-420.000000	0.000000	60.000000	2516.341530	1458.995722	1940.285439	0.000000	0	443.296258	24.779882	51.993603	-1.287540	-464.018180	46.164082	7.100601	-424.257005	44.286011	0.000000	-420.000000	0	41.052347	1.514434	0.026076	49.078843	2.906531	-444.137593	4.792832	2.906531	24.137593	7.100601	4.257005	7.018180	1	1	0	1	0
lg	4	60.500000	22	1	4	8.000000	45.000000	0.771093	1.732191	2516.448034	-420.000000	0.000000	61.000000	2563.667829	1458.995722	1940.285439	0.000000	0	442.980624	25.296950	52.980339	-0.548165	-463.300413	49.243080	7.596479	-424.904394	44.286011	0.000000	-420.000000	0	39.427866	1.624482	0.517068	51.111710	3.524157	-444.102403	6.825699	3.524157	24.102403	7.596479	4.904394	6.300413	1	1	0	1	0
lg	4	60.500000	22	1	4	8.000000	45.000000	0.771093	1.732191	2563.770056	-420.000000	0.000000	62.000000	2610.790530	1458.995722	1940.285439	0.000000	0	442.602501	25.218120	53.253001	-0.863715	-462.954763	49.283880	7.216422	-425.091466	44.286011	0.000000	-420.000000	0	38.918785	0.509081	0.078830	51.268441	3.176354	-444.023115	6.982430	3.176354	24.023115	7.216422	5.091466	5.954763	1	1	0	1	0
lg	4	60.500000	22	1	4	8.000000	45.000000	0.771093	1.732191	2610.888479	-420.000000	0.000000	63.000000	2657.785768	1458.995722	1940.285439	0.000000	0	442.365741	25.208911	53.209586	-1.145994	-462.927778	49.405804	6.938019	-425.147091	44.286011	0.000000	-420.000000	0	38.822678	0.096107	0.009209	51.307695	2.896012	-444.037435	7.021684	2.896012	24.037435	6.938019	5.147091	5.927778	1	1	0	1	0
lg	4	60.500000	22	1	4	8.000000	45.000000	0.771093	1.732191	2657.884145	-420.000000	0.000000	64.000000	2704.707864	1458.995722	1940.285439	0.000000	0	442.232088	25.160630	53.247524	-1.255811	-462.880979	49.494881	6.840713	-425.079819	44.286011	0.000000	-420.000000	0	38.840233	0.017555	0.048282	51.371203	2.792451	-443.980399	7.085192	2.792451	23.980399	6.840713	5.079819	5.880979	1	1	0	1	0
lg	4	60.500000	22	1	4	8.000000	45.000000	0.771093	1.732191	2704.805386	-420.000000	0.000000	65.000000	2751.824149	1458.995722	1940.285439	0.000000	0	442.006973	25.079710	53.402422	-1.360593	-462.725999	49.537810	6.586824	-425.046467	44.286011	0.000000	-420.000000	0	38.701988	0.138246	0.080919	51.470116	2.613115	-443.886233	7.184105	2.613115	23.886233	6.586824	5.046467	5.725999	1	1	0	1	0
lg	4	60.500000	22	1	4	8.000000	45.000000	0.771093	1.732191	2751.926376	-420.000000	0.000000	66.000000	2798.843768	1458.995722	1940.285439	0.000000	0	442.007916	25.118695	53.339132	-1.410802	-462.696019	49.529872	6.544552	-425.189639	44.286011	0.000000	-420.000000	0	38.529555	0.172433	0.038985	51.434502	2.566875	-443.942829	7.148491	2.566875	23.942829	6.544552	5.189639	5.696019	1	1	0	1	0
lg	4	60.500000	22	1	4	8.000000	45.000000	0.771093	1.732191	2798.945567	-420.000000	0.000000	67.000000	2845.804788	1458.995722	1940.285439	0.000000	0	442.086193	25.160888	53.121455	-1.273101	-462.703316	49.629141	6.480796	-425.298029	44.286011	0.000000	-420.000000	0	38.359806	0.169749	0.042193	51.375298	2.603847	-444.000672	7.089287	2.603847	24.000672	6.480796	5.298029	5.703316	1	1	0	1	0
lg	4	60.500000	22	1	4	8.000000	45.000000	0.771093	1.732191	2845.906587	-420.000000	0.000000	68.000000	2893.112267	1458.995722	1940.285439	0.000000	0	441.958472	25.152050	53.602203	-1.450850	-462.585308	49.488032	6.566752	-425.305729	44.286011	0.000000	-420.000000	0	38.353296	0.006510	0.008839	51.545118	2.557951	-443.945519	7.259107	2.557951	23.945519	6.566752	5.305729	5.585308	1	1	0	1	0
lg	4	60.500000	22	1	4	8.000000	45.000000	0.771093	1.732191	2893.216205	-420.000000	0.000000	69.000000	2940.137874	1458.995722	1940.285439	0.000000	0	441.927977	25.112100	53.691360	-1.362169	-462.486525	49.483469	6.503784	-425.292047	44.286011	0.000000	-420.000000	0	38.249297	0.103999	0.039950	51.587415	2.570808	-443.889286	7.301404	2.570808	23.889286	6.503784	5.292047	5.486525	1	1	0	1	0
lg	4	60.500000	22	1	4	8.000000	45.000000	0.771093	1.732191	2940.295705	-420.000000	0.000000	70.000000	2987.295648	1458.995722	1940.285439	0.000000	0	441.985978	25.138416	53.659114	-1.030080	-462.318761	49.743278	6.448579	-425.414455	44.286011	0.000000	-420.000000	0	37.857521	0.391776	0.026317	51.701196	2.709250	-443.866608	7.415185	2.709250	23.866608	6.448579	5.414455	5.318761	1	1	0	1	0
lg	4	60.500000	22	1	4	8.000000	45.000000	0.771093	1.732191	2987.396592	-420.000000	0.000000	71.000000	3034.332376	1458.995722	1940.285439	0.000000	0	442.236254	25.123009	53.519054	-0.901550	-462.381092	49.524160	6.748782	-425.379318	44.286011	0.000000	-420.000000	0	37.994974	0.137453	0.015408	51.521607	2.923616	-443.880205	7.235596	2.923616	23.880205	6.748782	5.379318	5.381092	1	1	0	1	0
lg	4	60.500000	22	1	4	8.000000	45.000000	0.771093	1.732191	3034.434175	-420.000000	0.000000	72.000000	3081.085092	1458.995722	1940.285439	0.000000	0	442.220011	25.114739	53.330172	-0.808093	-462.383512	49.717453	6.625488	-425.361805	44.286011	0.000000	-420.000000	0	37.933055	0.061919	0.008270	51.523812	2.908698	-443.872658	7.237802	2.908698	23.872658	6.625488	5.361805	5.383512	1	1	0	1	0
lg	4	60.500000	22	1	4	8.000000	45.000000	0.771093	1.732191	3081.187319	-420.000000	0.000000	73.000000	3128.721066	1458.995722	1940.285439	0.000000	0	442.153301	25.129930	53.237771	-0.868349	-462.378497	49.849047	6.518960	-425.406907	44.286011	0.000000	-420.000000	0	37.854382	0.078673	0.015191	51.543409	2.825306	-443.892702	7.257398	2.825306	23.892702	6.518960	5.406907	5.378497	1	1	0	1	0
lg	4	60.500000	22	1	4	8.000000	45.000000	0.771093	1.732191	3128.822865	-420.000000	0.000000	74.000000	3175.658561	1458.995722	1940.285439	0.000000	0	441.946594	25.128405	53.357162	-1.036243	-462.309340	49.952248	6.299497	-425.448953	44.286011	0.000000	-420.000000	0	37.737179	0.117203	0.001525	51.654705	2.631627	-443.879147	7.368694	2.631627	23.879147	6.299497	5.448953	5.309340	1	1	0	1	0
lg	4	60.500000	22	1	4	8.000000	45.000000	0.771093	1.732191	3175.761215	-420.000000	0.000000	75.000000	3222.543873	1458.995722	1940.285439	0.000000	0	441.837888	25.185676	53.296993	-1.140922	-462.352476	50.126268	6.130095	-425.520500	44.286011	0.000000	-420.000000	0	37.676460	0.060719	0.057270	51.711631	2.494586	-443.936488	7.425620	2.494586	23.936488	6.130095	5.520500	5.352476	1	1	0	1	0
lg	4	60.500000	22	1	4	8.000000	45.000000	0.771093	1.732191	3222.642678	-420.000000	0.000000	76.000000	3269.559642	1458.995722	1940.285439	0.000000	0	441.855711	25.104257	53.300567	-1.057164	-462.314048	49.979043	6.091142	-425.427347	44.286011	0.000000	-420.000000	0	37.719484	0.043024	0.081419	51.639805	2.516989	-443.870697	7.353795	2.516989	23.870697	6.091142	5.427347	5.314048	1	1	0	1	0
lg	4	60.500000	22	1	4	8.000000	45.000000	0.771093	1.732191	3269.662297	-420.000000	0.000000	77.000000	3316.691325	1458.995722	1940.285439	0.000000	0	441.984876	25.124894	53.252112	-0.999639	-462.316843	49.912446	6.267814	-425.477983	44.286011	0.000000	-420.000000	0	37.697093	0.022391	0.020637	51.582279	2.634088	-443.897413	7.296268	2.634088	23.897413	6.267814	5.477983	5.316843	1	1	0	1	0
lg	4	60.500000	22	1	4	8.000000	45.000000	0.771093	1.732191	3316.793552	-420.000000	0.000000	78.000000	3363.843111	1458.995722	1940.285439	0.000000	0	442.078951	25.119417	53.198071	-1.019251	-462.340420	49.764799	6.402189	-425.491243	44.286011	0.000000	-420.000000	0	37.745555	0.048462	0.005477	51.481435	2.691469	-443.915831	7.195424	2.691469	23.915831	6.402189	5.491243	5.340420	1	1	0	1	0
lg	4	60.500000	22	1	4	8.000000	45.000000	0.771093	1.732191	3363.946194	-420.000000	0.000000	79.000000	3410.813969	1458.995722	1940.285439	0.000000	0	442.203512	25.123844	53.150800	-1.006504	-462.326937	49.661010	6.607694	-425.534167	44.286011	0.000000	-420.000000	0	37.734103	0.011453	0.004427	51.405905	2.800595	-443.930552	7.119895	2.800595	23.930552	6.607694	5.534167	5.326937	1	1	0	1	0
lg	4	60.500000	22	1	4	8.000000	45.000000	0.771093	1.732191	3410.915768	-420.000000	0.000000	80.000000	3446.158347	1458.995722	1940.285439	3446.153642	0	442.318866	25.070720	  52.888540   -0.866300 -462.314855	  49.595106    6.610137 -425.514414	44.286011	0.000000	-420.000000	0	37.696369	0.037734	0.053125	0
