subjName	sessionNR	IOD	trialN	textureType	texnum	visualAngle	simulatedDepth	light_intensity	ambient_intensity	time	displayDistance	isRotated	frameN	timTote	startTime	touchTime	endTime	fingersOccluded	distanceToHome	distanceToObject	indexXraw	indexYraw	indexZraw	thumbXraw	thumbYraw	thumbZraw	targetX	targetY	targetZ	failCause	gripAperture	gripApertureVel	distFromObjVel	gripOriginX	gripOriginY	gripOriginZ	distFromObjX	distFromObjY	distFromObjZ	y_dist_thm	z_dist_thm	z_dist_ind	handOnObj	handnearObj	handfarObj	handTouchObj	framesOccluded
lg	4	60.500000	34	2	16	8.000000	55.000000	0.548999	2.542080	945.409183	-420.000000	0.000000	30.000000	992.533167	0.000000	0.000000	0.000000	0	1.586480	432.912951	222.735954	-357.379984	-254.738226	228.113357	-353.056105	-248.081967	44.286011	0.000000	-420.000000	0	9.587397	0.130674	0.043825	225.424656	-355.218045	-251.410096	181.138645	355.218045	168.589904	353.056105	171.918033	212.261774	0	0	1	0	0
lg	4	60.500000	34	2	16	8.000000	55.000000	0.548999	2.542080	992.730777	-420.000000	0.000000	31.000000	1039.396237	0.000000	0.000000	0.000000	0	1.587283	432.932398	222.857694	-357.416295	-254.727364	228.087694	-353.038202	-248.134986	44.286011	0.000000	-420.000000	0	9.485782	0.101615	0.019446	225.472694	-355.227248	-251.431175	181.186683	355.227248	168.568825	353.038202	171.865014	212.272636	0	0	1	0	0
lg	4	60.500000	34	2	16	8.000000	55.000000	0.548999	2.542080	1039.509585	-420.000000	0.000000	32.000000	1086.262730	0.000000	0.000000	0.000000	0	1.582465	432.941789	222.751212	-357.427367	-254.792674	228.214730	-353.045330	-248.081885	44.286011	0.000000	-420.000000	0	9.699844	0.214063	0.009391	225.482971	-355.236348	-251.437279	181.196960	355.236348	168.562721	353.045330	171.918115	212.207326	0	0	1	0	0
lg	4	60.500000	34	2	16	8.000000	55.000000	0.548999	2.542080	1086.364101	-420.000000	0.000000	33.000000	1133.794338	0.000000	0.000000	0.000000	0	1.505951	432.878281	222.680870	-357.433375	-254.834928	228.090137	-353.034205	-248.145581	44.286011	0.000000	-420.000000	0	9.662311	0.037534	0.063508	225.385503	-355.233790	-251.490254	181.099493	355.233790	168.509746	353.034205	171.854419	212.165072	0	0	1	0	0
lg	4	60.500000	34	2	16	8.000000	55.000000	0.548999	2.542080	1133.892287	-420.000000	0.000000	34.000000	1180.571007	0.000000	0.000000	0.000000	0	1.566838	432.870151	222.655345	-357.377166	-254.763825	228.162416	-353.009512	-248.138174	44.286011	0.000000	-420.000000	0	9.659372	0.002938	0.008130	225.408880	-355.193339	-251.450999	181.122870	355.193339	168.549001	353.009512	171.861826	212.236175	0	0	1	0	0
lg	4	60.500000	34	2	16	8.000000	55.000000	0.548999	2.542080	1180.668529	-420.000000	0.000000	35.000000	1227.911421	0.000000	0.000000	0.000000	0	1.587169	432.918061	222.767260	-357.421623	-254.758849	228.160457	-353.010730	-248.111483	44.286011	0.000000	-420.000000	0	9.629643	0.029729	0.047911	225.463859	-355.216176	-251.435166	181.177848	355.216176	168.564834	353.010730	171.888517	212.241151	0	0	1	0	0
lg	4	60.500000	34	2	16	8.000000	55.000000	0.548999	2.542080	1228.008943	-420.000000	0.000000	36.000000	1275.388708	0.000000	0.000000	0.000000	0	1.643572	432.966033	222.876343	-357.443453	-254.796051	228.205728	-352.994844	-248.006331	44.286011	0.000000	-420.000000	0	9.710445	0.080802	0.047972	225.541035	-355.219148	-251.401191	181.255025	355.219148	168.598809	352.994844	171.993669	212.203949	0	0	1	0	0
lg	4	60.500000	34	2	16	8.000000	55.000000	0.548999	2.542080	1275.485802	-420.000000	0.000000	37.000000	1323.079858	0.000000	0.000000	0.000000	0	3.392342	430.059789	224.038559	-355.676445	-257.315793	225.816170	-349.986128	-249.036450	44.286011	0.000000	-420.000000	0	10.202311	0.491865	2.906244	224.927365	-352.831287	-253.176121	180.641354	352.831287	166.823879	349.986128	170.963550	209.684207	0	0	1	0	0
lg	4	60.500000	34	2	16	8.000000	55.000000	0.548999	2.542080	1323.176952	-420.000000	0.000000	38.000000	1370.125140	1358.565386	0.000000	0.000000	0	33.288529	402.091026	225.255915	-328.995737	-275.309336	218.792076	-320.233616	-250.291469	44.286011	0.000000	-420.000000	0	27.284604	17.082293	27.968763	222.023995	-324.614677	-262.800403	177.737985	324.614677	157.199597	320.233616	169.708531	191.690664	0	0	1	0	0
lg	4	60.500000	34	2	16	8.000000	55.000000	0.548999	2.542080	1370.336010	-420.000000	0.000000	39.000000	1428.649336	1358.565386	0.000000	0.000000	0	103.376276	335.145576	215.676906	-262.174288	-303.029760	196.403115	-255.025315	-259.234085	44.286011	0.000000	-420.000000	0	48.380244	21.095640	66.945450	206.040011	-258.599802	-281.131922	161.754000	258.599802	138.868078	255.025315	160.765915	163.970240	0	0	1	0	0
lg	4	60.500000	34	2	16	8.000000	55.000000	0.548999	2.542080	1428.755840	-420.000000	0.000000	40.000000	1476.102670	1358.565386	0.000000	0.000000	0	169.380067	271.102325	199.644884	-199.977367	-328.355620	170.393030	-197.601040	-273.538849	44.286011	0.000000	-420.000000	0	62.178745	13.798501	64.043251	185.018957	-198.789203	-300.947235	140.732946	198.789203	119.052765	197.601040	146.461151	138.644380	0	0	1	0	0
lg	4	60.500000	34	2	16	8.000000	55.000000	0.548999	2.542080	1476.200619	-420.000000	0.000000	41.000000	1522.891744	1358.565386	0.000000	0.000000	0	231.170535	209.301660	175.430935	-147.860032	-356.501112	144.557489	-145.321735	-294.502488	44.286011	0.000000	-420.000000	0	69.306868	7.128124	61.800665	159.994212	-146.590884	-325.501800	115.708201	146.590884	94.498200	145.321735	125.497512	110.498888	0	0	0	0	0
lg	4	60.500000	34	2	16	8.000000	55.000000	0.548999	2.542080	1522.994826	-420.000000	0.000000	42.000000	1569.767646	1358.565386	0.000000	0.000000	0	285.927069	154.724479	156.027660	-105.406164	-389.099704	123.283150	-101.313009	-321.886516	44.286011	0.000000	-420.000000	0	74.877029	5.570160	54.577182	139.655405	-103.359587	-355.493110	95.369394	103.359587	64.506890	101.313009	98.113484	77.900296	0	0	0	0	0
lg	4	60.500000	34	2	16	8.000000	55.000000	0.548999	2.542080	1569.872011	-420.000000	0.000000	43.000000	1616.583666	1358.565386	0.000000	0.000000	0	332.012906	109.989358	137.303736	-73.304018	-420.421216	106.554657	-66.362112	-350.512507	44.286011	0.000000	-420.000000	0	76.687180	1.810151	44.735120	121.929197	-69.833065	-385.466861	77.643186	69.833065	34.533139	66.362112	69.487493	46.578784	0	0	0	0	0
lg	4	60.500000	34	2	16	8.000000	55.000000	0.548999	2.542080	1616.686748	-420.000000	0.000000	44.000000	1663.714066	1358.565386	0.000000	0.000000	0	367.594626	77.569557	119.860246	-51.540508	-445.776106	92.001764	-40.507895	-374.353944	44.286011	0.000000	-420.000000	0	77.452817	0.765637	32.419802	105.931005	-46.024201	-410.065025	61.644994	46.024201	9.934975	40.507895	45.646056	21.223894	0	0	0	0	0
lg	4	60.500000	34	2	16	8.000000	55.000000	0.548999	2.542080	1663.815437	-420.000000	0.000000	45.000000	1710.760204	1358.565386	0.000000	0.000000	0	394.252977	56.396680	104.327488	-35.385630	-464.080637	79.504722	-22.814210	-392.063009	44.286011	0.000000	-420.000000	0	77.205887	0.246930	21.172876	91.916105	-29.099920	-428.071823	47.630094	29.099920	8.071823	22.814210	27.936991	2.919363	0	1	0	0	0
lg	4	60.500000	34	2	16	8.000000	55.000000	0.548999	2.542080	1710.862431	-420.000000	0.000000	46.000000	1757.487685	1358.565386	0.000000	0.000000	0	411.421008	44.571755	89.878900	-27.188836	-474.147187	69.930590	-11.056548	-403.390517	44.286011	0.000000	-420.000000	0	75.264150	1.941737	11.824925	79.904745	-19.122692	-438.768852	35.618734	19.122692	18.768852	11.056548	16.609483	7.147187	0	1	0	0	0
lg	4	60.500000	34	2	16	8.000000	55.000000	0.548999	2.542080	1757.584779	-420.000000	0.000000	47.000000	1804.785326	1358.565386	1792.924452	0.000000	0	423.179249	36.651199	78.031277	-20.759670	-479.177017	61.083757	-3.231918	-408.183822	44.286011	0.000000	-420.000000	0	75.063135	0.201015	7.920557	69.557517	-11.995794	-443.680419	25.271506	11.995794	23.680419	3.231918	11.816178	12.177017	0	1	0	1	0
lg	4	60.500000	34	2	16	8.000000	55.000000	0.548999	2.542080	1804.883703	-420.000000	0.000000	48.000000	1851.827614	1358.565386	1792.924452	0.000000	0	430.042314	31.669147	67.714642	-17.785010	-480.427774	53.694044	0.371981	-410.858474	44.286011	0.000000	-420.000000	0	73.253949	1.809186	4.982052	60.704343	-8.706514	-445.643124	16.418332	8.706514	25.643124	0.371981	9.141526	13.427774	0	1	0	1	0
lg	4	60.500000	34	2	16	8.000000	55.000000	0.548999	2.542080	1852.036345	-420.000000	0.000000	49.000000	1898.659888	1358.565386	1792.924452	0.000000	0	434.888866	29.059864	59.244858	-16.197407	-480.149081	48.229174	2.969940	-413.195561	44.286011	0.000000	-420.000000	0	70.508910	2.745039	2.609283	53.737016	-6.613734	-446.672321	9.451005	6.613734	26.672321	2.969940	6.804439	13.149081	0	1	0	1	0
lg	4	60.500000	34	2	16	8.000000	55.000000	0.548999	2.542080	1898.763826	-420.000000	0.000000	50.000000	1945.625613	1358.565386	1792.924452	0.000000	0	437.597768	28.218605	52.791869	-14.739878	-477.169310	45.567784	3.184114	-417.198192	44.286011	0.000000	-420.000000	0	63.007871	7.501040	0.841259	49.179826	-5.777882	-447.183751	4.893816	5.777882	27.183751	3.184114	2.801808	10.169310	0	1	0	1	0
lg	4	60.500000	34	2	16	8.000000	55.000000	0.548999	2.542080	1945.723990	-420.000000	0.000000	51.000000	1992.392445	1358.565386	1792.924452	0.000000	0	438.622117	29.322411	51.720475	-14.273271	-476.292296	44.125786	2.548363	-420.706187	44.286011	0.000000	-420.000000	0	58.570148	4.437723	1.103806	47.923131	-5.862454	-448.499242	3.637120	5.862454	28.499242	2.548363	0.706187	9.292296	0	1	0	1	0
lg	4	60.500000	34	2	16	8.000000	55.000000	0.548999	2.542080	1992.490822	-420.000000	0.000000	52.000000	2039.329940	1358.565386	1792.924452	0.000000	0	439.106637	29.654232	51.395130	-14.096672	-476.135182	44.487688	3.139677	-421.692065	44.286011	0.000000	-420.000000	0	57.522669	1.047479	0.331821	47.941409	-5.478498	-448.913624	3.655398	5.478498	28.913624	3.139677	1.692065	9.135182	0	1	0	1	0
lg	4	60.500000	34	2	16	8.000000	55.000000	0.548999	2.542080	2039.427889	-420.000000	0.000000	53.000000	2086.237494	1358.565386	1792.924452	0.000000	0	439.150558	29.829628	50.864897	-14.241216	-476.116384	44.468962	2.917667	-422.066788	44.286011	0.000000	-420.000000	0	57.067452	0.455217	0.175395	47.666929	-5.661774	-449.091586	3.380919	5.661774	29.091586	2.917667	2.066788	9.116384	0	1	0	1	0
lg	4	60.500000	34	2	16	8.000000	55.000000	0.548999	2.542080	2086.339293	-420.000000	0.000000	54.000000	2133.475681	1358.565386	1792.924452	0.000000	0	438.671156	29.898820	51.769553	-14.280109	-475.767199	44.978200	2.537519	-422.293343	44.286011	0.000000	-420.000000	0	56.465993	0.601459	0.069192	48.373877	-5.871295	-449.030271	4.087866	5.871295	29.030271	2.537519	2.293343	8.767199	0	1	0	1	0
lg	4	60.500000	34	2	16	8.000000	55.000000	0.548999	2.542080	2133.580474	-420.000000	0.000000	55.000000	2180.154401	1358.565386	1792.924452	0.000000	0	438.382081	29.980380	51.730715	-14.078746	-475.693168	45.633632	1.925984	-422.361100	44.286011	0.000000	-420.000000	0	56.014599	0.451394	0.081560	48.682173	-6.076381	-449.027134	4.396163	6.076381	29.027134	1.925984	2.361100	8.693168	0	1	0	1	0
lg	4	60.500000	34	2	16	8.000000	55.000000	0.548999	2.542080	2180.257911	-420.000000	0.000000	56.000000	2227.754445	1358.565386	1792.924452	0.000000	0	438.152639	29.893097	52.272562	-14.149678	-475.360778	46.032050	2.071667	-422.378181	44.286011	0.000000	-420.000000	0	55.760484	0.254115	0.087283	49.152306	-6.039006	-448.869479	4.866295	6.039006	28.869479	2.071667	2.378181	8.360778	0	1	0	1	0
lg	4	60.500000	34	2	16	8.000000	55.000000	0.548999	2.542080	2227.857100	-420.000000	0.000000	57.000000	2274.747545	1358.565386	1792.924452	0.000000	0	437.624861	29.857249	52.846746	-14.139805	-474.877222	46.787641	1.634792	-422.455753	44.286011	0.000000	-420.000000	0	55.077773	0.682711	0.035848	49.817193	-6.252506	-448.666488	5.531183	6.252506	28.666488	1.634792	2.455753	7.877222	1	1	0	1	0
lg	4	60.500000	34	2	16	8.000000	55.000000	0.548999	2.542080	2274.845922	-420.000000	0.000000	58.000000	2321.478020	1358.565386	1792.924452	0.000000	0	437.202737	29.908060	53.180409	-14.293593	-474.515993	47.221353	1.214627	-422.641387	44.286011	0.000000	-420.000000	0	54.470083	0.607690	0.050811	50.200881	-6.539483	-448.578690	5.914871	6.539483	28.578690	1.214627	2.641387	7.515993	1	1	0	1	0
lg	4	60.500000	34	2	16	8.000000	55.000000	0.548999	2.542080	2321.576825	-420.000000	0.000000	59.000000	2368.918950	1358.565386	1792.924452	0.000000	0	437.050235	29.970701	53.079320	-14.295660	-474.366891	47.553455	0.939957	-422.809459	44.286011	0.000000	-420.000000	0	54.044686	0.425398	0.062641	50.316387	-6.677852	-448.588175	6.030377	6.677852	28.588175	0.939957	2.809459	7.366891	1	1	0	1	0
lg	4	60.500000	34	2	16	8.000000	55.000000	0.548999	2.542080	2369.092179	-420.000000	0.000000	60.000000	2415.859011	1358.565386	1792.924452	0.000000	0	437.001382	30.137466	52.804051	-14.289488	-474.456916	47.896892	0.689569	-422.997403	44.286011	0.000000	-420.000000	0	53.819456	0.225230	0.166765	50.350472	-6.799960	-448.727160	6.064461	6.799960	28.727160	0.689569	2.997403	7.456916	1	1	0	1	0
lg	4	60.500000	34	2	16	8.000000	55.000000	0.548999	2.542080	2415.962521	-420.000000	0.000000	61.000000	2462.895311	1358.565386	1792.924452	0.000000	0	437.131155	30.155870	52.874352	-14.269216	-474.429036	47.804990	0.925257	-423.128393	44.286011	0.000000	-420.000000	0	53.743153	0.076303	0.018405	50.339671	-6.671979	-448.778714	6.053660	6.671979	28.778714	0.925257	3.128393	7.429036	1	1	0	1	0
lg	4	60.500000	34	2	16	8.000000	55.000000	0.548999	2.542080	2462.997538	-420.000000	0.000000	62.000000	2509.958985	1358.565386	1792.924452	0.000000	0	437.314813	30.148758	52.747778	-14.044276	-474.330419	47.856676	1.073984	-423.313162	44.286011	0.000000	-420.000000	0	53.434495	0.308658	0.007113	50.302227	-6.485146	-448.821791	6.016216	6.485146	28.821791	1.073984	3.313162	7.330419	1	1	0	1	0
lg	4	60.500000	34	2	16	8.000000	55.000000	0.548999	2.542080	2510.056507	-420.000000	0.000000	63.000000	2557.019238	1358.565386	1792.924452	0.000000	0	437.338387	30.021603	52.975149	-14.021326	-474.135096	47.742358	1.298024	-423.273887	44.286011	0.000000	-420.000000	0	53.375342	0.059152	0.127155	50.358753	-6.361651	-448.704492	6.072743	6.361651	28.704492	1.298024	3.273887	7.135096	1	1	0	1	0
lg	4	60.500000	34	2	16	8.000000	55.000000	0.548999	2.542080	2557.117187	-420.000000	0.000000	64.000000	2604.332705	1358.565386	1792.924452	0.000000	0	437.438184	29.982780	53.028750	-13.967943	-474.082315	47.607086	1.462473	-423.310595	44.286011	0.000000	-420.000000	0	53.340976	0.034366	0.038823	50.317918	-6.252735	-448.696455	6.031907	6.252735	28.696455	1.462473	3.310595	7.082315	1	1	0	1	0
lg	4	60.500000	34	2	16	8.000000	55.000000	0.548999	2.542080	2604.430655	-420.000000	0.000000	65.000000	2651.169256	1358.565386	1792.924452	0.000000	0	437.409106	29.913473	53.107311	-13.889718	-473.963821	47.603480	1.433027	-423.279036	44.286011	0.000000	-420.000000	0	53.235572	0.105405	0.069307	50.355396	-6.228345	-448.621428	6.069385	6.228345	28.621428	1.433027	3.279036	6.963821	1	1	0	1	0
lg	4	60.500000	34	2	16	8.000000	55.000000	0.548999	2.542080	2651.271483	-420.000000	0.000000	66.000000	2698.368948	1358.565386	1792.924452	0.000000	0	437.347717	29.973367	53.084622	-13.837545	-473.955330	47.809153	1.282323	-423.352188	44.286011	0.000000	-420.000000	0	53.076538	0.159034	0.059893	50.446887	-6.277611	-448.653759	6.160877	6.277611	28.653759	1.282323	3.352188	6.955330	1	1	0	1	0
lg	4	60.500000	34	2	16	8.000000	55.000000	0.548999	2.542080	2698.471175	-420.000000	0.000000	67.000000	2745.366753	1358.565386	1792.924452	0.000000	0	437.354855	29.953800	53.051739	-13.829198	-473.977994	47.712103	1.238765	-423.308663	44.286011	0.000000	-420.000000	0	53.131313	0.054775	0.019566	50.381921	-6.295216	-448.643329	6.095910	6.295216	28.643329	1.238765	3.308663	6.977994	1	1	0	1	0
lg	4	60.500000	34	2	16	8.000000	55.000000	0.548999	2.542080	2745.465130	-420.000000	0.000000	68.000000	2792.514261	1358.565386	1792.924452	0.000000	0	437.343669	29.985637	53.056827	-13.799632	-473.951410	47.802249	1.203468	-423.380243	44.286011	0.000000	-420.000000	0	53.010815	0.120497	0.031836	50.429538	-6.298082	-448.665827	6.143527	6.298082	28.665827	1.203468	3.380243	6.951410	1	1	0	1	0
lg	4	60.500000	34	2	16	8.000000	55.000000	0.548999	2.542080	2792.613494	-420.000000	0.000000	69.000000	2839.627552	1358.565386	1792.924452	0.000000	0	437.447674	29.987284	52.952015	-13.852461	-474.056489	47.690718	1.367225	-423.348786	44.286011	0.000000	-420.000000	0	53.203301	0.192485	0.001648	50.321367	-6.242618	-448.702638	6.035356	6.242618	28.702638	1.367225	3.348786	7.056489	1	1	0	1	0
lg	4	60.500000	34	2	16	8.000000	55.000000	0.548999	2.542080	2839.835428	-420.000000	0.000000	70.000000	2886.671124	1358.565386	1792.924452	0.000000	0	437.364010	30.023876	52.977653	-13.872494	-474.050187	47.811550	1.243224	-423.369101	44.286011	0.000000	-420.000000	0	53.138932	0.064368	0.036592	50.394601	-6.314635	-448.709644	6.108590	6.314635	28.709644	1.243224	3.369101	7.050187	1	1	0	1	0
lg	4	60.500000	34	2	16	8.000000	55.000000	0.548999	2.542080	2886.778055	-420.000000	0.000000	71.000000	2933.727099	1358.565386	1792.924452	0.000000	0	437.286934	29.947423	53.123210	-13.862005	-473.915270	47.774913	1.201006	-423.313733	44.286011	0.000000	-420.000000	0	53.066129	0.072803	0.076453	50.449062	-6.330500	-448.614502	6.163051	6.330500	28.614502	1.201006	3.313733	6.915270	1	1	0	1	0
lg	4	60.500000	34	2	16	8.000000	55.000000	0.548999	2.542080	2933.825048	-420.000000	0.000000	72.000000	2980.700951	1358.565386	1792.924452	0.000000	0	437.263140	29.952003	53.131361	-13.835844	-473.831587	47.924821	1.204287	-423.379246	44.286011	0.000000	-420.000000	0	52.903235	0.162895	0.004580	50.528091	-6.315779	-448.605417	6.242081	6.315779	28.605417	1.204287	3.379246	6.831587	1	1	0	1	0
lg	4	60.500000	34	2	16	8.000000	55.000000	0.548999	2.542080	2980.799328	-420.000000	0.000000	73.000000	3027.870274	1358.565386	1792.924452	0.000000	0	437.166588	29.951580	53.147319	-13.960812	-473.845130	47.873837	1.095820	-423.320415	44.286011	0.000000	-420.000000	0	52.983569	0.080334	0.000423	50.510578	-6.432496	-448.582773	6.224568	6.432496	28.582773	1.095820	3.320415	6.845130	1	1	0	1	0
lg	4	60.500000	34	2	16	8.000000	55.000000	0.548999	2.542080	3027.969079	-420.000000	0.000000	74.000000	3074.637533	1358.565386	1792.924452	0.000000	0	437.144701	29.977417	53.189867	-13.984648	-473.838636	47.922203	1.094216	-423.355472	44.286011	0.000000	-420.000000	0	52.949696	0.033873	0.025837	50.556035	-6.445216	-448.597054	6.270024	6.445216	28.597054	1.094216	3.355472	6.838636	1	1	0	1	0
lg	4	60.500000	34	2	16	8.000000	55.000000	0.548999	2.542080	3074.734627	-420.000000	0.000000	75.000000	3121.900101	1358.565386	1792.924452	0.000000	0	437.208504	29.900205	53.067501	-13.899651	-473.789817	47.844041	1.120979	-423.311241	44.286011	0.000000	-420.000000	0	52.924384	0.025312	0.077212	50.455771	-6.389336	-448.550529	6.169760	6.389336	28.550529	1.120979	3.311241	6.789817	1	1	0	1	0
lg	4	60.500000	34	2	16	8.000000	55.000000	0.548999	2.542080	3121.997195	-420.000000	0.000000	76.000000	3168.710561	1358.565386	1792.924452	0.000000	0	437.247354	29.857260	53.028277	-13.882407	-473.797288	47.731345	1.151284	-423.257113	44.286011	0.000000	-420.000000	0	52.994138	0.069754	0.042945	50.379811	-6.365562	-448.527201	6.093801	6.365562	28.527201	1.151284	3.257113	6.797288	1	1	0	1	0
lg	4	60.500000	34	2	16	8.000000	55.000000	0.548999	2.542080	3168.812788	-420.000000	0.000000	77.000000	3215.861064	1358.565386	1792.924452	0.000000	0	437.280247	30.007232	52.891904	-13.879684	-473.856273	48.006668	1.141624	-423.480748	44.286011	0.000000	-420.000000	0	52.793927	0.200211	0.149972	50.449286	-6.369030	-448.668510	6.163275	6.369030	28.668510	1.141624	3.480748	6.856273	1	1	0	1	0
lg	4	60.500000	34	2	16	8.000000	55.000000	0.548999	2.542080	3215.962435	-420.000000	0.000000	78.000000	3263.131331	1358.565386	1792.924452	0.000000	0	437.307751	29.916538	53.034170	-13.883499	-473.764778	47.839717	1.287705	-423.419197	44.286011	0.000000	-420.000000	0	52.837726	0.043800	0.090694	50.436944	-6.297897	-448.591988	6.150933	6.297897	28.591988	1.287705	3.419197	6.764778	1	1	0	1	0
lg	4	60.500000	34	2	16	8.000000	55.000000	0.548999	2.542080	3263.233985	-420.000000	0.000000	79.000000	3310.155654	1358.565386	1792.924452	0.000000	0	437.352507	29.855106	52.987959	-13.866012	-473.750272	47.688589	1.325353	-423.359462	44.286011	0.000000	-420.000000	0	52.897019	0.059293	0.061432	50.338274	-6.270329	-448.554867	6.052263	6.270329	28.554867	1.325353	3.359462	6.750272	1	1	0	1	0
lg	4	60.500000	34	2	16	8.000000	55.000000	0.548999	2.542080	3310.253604	-420.000000	0.000000	80.000000	3345.288307	1358.565386	1792.924452	3345.284030	0	437.330770	29.913874	  52.938866  -13.922841 -473.778219	  47.762664    1.286225 -423.427990	44.286011	0.000000	-420.000000	0	52.851247	0.045772	0.058768	0
