subjName	sessionNR	IOD	trialN	textureType	texnum	visualAngle	simulatedDepth	light_intensity	ambient_intensity	time	displayDistance	isRotated	frameN	timTote	startTime	touchTime	endTime	fingersOccluded	distanceToHome	distanceToObject	indexXraw	indexYraw	indexZraw	thumbXraw	thumbYraw	thumbZraw	targetX	targetY	targetZ	failCause	gripAperture	gripApertureVel	distFromObjVel	gripOriginX	gripOriginY	gripOriginZ	distFromObjX	distFromObjY	distFromObjZ	y_dist_thm	z_dist_thm	z_dist_ind	handOnObj	handnearObj	handfarObj	handTouchObj	framesOccluded
lg	5	60.500000	82	3	27	8.000000	35.000000	0.282958	3.243089	924.108798	-420.000000	0.000000	30.000000	971.222945	0.000000	0.000000	0.000000	0	1.317961	433.530907	222.409727	-354.796620	-247.607441	226.706871	-353.111725	-244.147178	44.706192	0.000000	-420.000000	0	5.768685	0.406174	0.017132	224.558299	-353.954172	-245.877310	179.852107	353.954172	174.122690	353.111725	175.852822	199.392559	0	0	1	0	0
lg	5	60.500000	82	3	27	8.000000	35.000000	0.282958	3.243089	971.411572	-420.000000	0.000000	31.000000	1018.018434	0.000000	0.000000	0.000000	0	1.252954	433.492889	222.601307	-354.790680	-247.642267	226.423599	-353.168869	-244.311113	44.706192	0.000000	-420.000000	0	5.323230	0.445455	0.038019	224.512453	-353.979774	-245.976690	179.806261	353.979774	174.023310	353.168869	175.688887	199.357733	0	0	1	0	0
lg	5	60.500000	82	3	27	8.000000	35.000000	0.282958	3.243089	1018.118095	-420.000000	0.000000	32.000000	1065.516679	0.000000	0.000000	0.000000	0	1.261012	433.526296	222.480069	-354.810943	-247.636964	226.553235	-353.169639	-244.201455	44.706192	0.000000	-420.000000	0	5.575597	0.252367	0.033407	224.516652	-353.990291	-245.919210	179.810460	353.990291	174.080790	353.169639	175.798545	199.363036	0	0	1	0	0
lg	5	60.500000	82	3	27	8.000000	35.000000	0.282958	3.243089	1065.615912	-420.000000	0.000000	33.000000	1112.619705	0.000000	0.000000	0.000000	0	1.222219	433.504416	222.245374	-354.833768	-247.598303	226.478543	-353.204312	-244.146601	44.706192	0.000000	-420.000000	0	5.699920	0.124323	0.021880	224.361959	-354.019040	-245.872452	179.655767	354.019040	174.127548	353.204312	175.853399	199.401697	0	0	1	0	0
lg	5	60.500000	82	3	27	8.000000	35.000000	0.282958	3.243089	1112.718510	-420.000000	0.000000	34.000000	1159.613232	0.000000	0.000000	0.000000	0	1.243845	433.602274	222.403010	-354.860604	-247.614134	226.659812	-353.220603	-244.080980	44.706192	0.000000	-420.000000	0	5.770021	0.070101	0.097858	224.531411	-354.040604	-245.847557	179.825219	354.040604	174.152443	353.220603	175.919020	199.385866	0	0	1	0	0
lg	5	60.500000	82	3	27	8.000000	35.000000	0.282958	3.243089	1159.712465	-420.000000	0.000000	35.000000	1206.281259	0.000000	0.000000	0.000000	0	1.230343	433.563100	222.402970	-354.841353	-247.614508	226.544343	-353.222906	-244.121962	44.706192	0.000000	-420.000000	0	5.654045	0.115976	0.039174	224.473657	-354.032130	-245.868235	179.767465	354.032130	174.131765	353.222906	175.878038	199.385492	0	0	1	0	0
lg	5	60.500000	82	3	27	8.000000	35.000000	0.282958	3.243089	1206.380064	-420.000000	0.000000	36.000000	1253.945462	0.000000	0.000000	0.000000	0	1.222039	433.601919	222.239423	-354.880483	-247.616563	226.688030	-353.240120	-244.020660	44.706192	0.000000	-420.000000	0	5.950750	0.296705	0.038819	224.463727	-354.060302	-245.818612	179.757535	354.060302	174.181388	353.240120	175.979340	199.383437	0	0	1	0	0
lg	5	60.500000	82	3	27	8.000000	35.000000	0.282958	3.243089	1254.053677	-420.000000	0.000000	37.000000	1300.921880	0.000000	0.000000	0.000000	0	1.207919	433.492480	222.195239	-354.841104	-247.641164	226.392147	-353.224358	-244.078001	44.706192	0.000000	-420.000000	0	5.737946	0.212803	0.109439	224.293693	-354.032731	-245.859582	179.587501	354.032731	174.140418	353.224358	175.921999	199.358836	0	0	1	0	0
lg	5	60.500000	82	3	27	8.000000	35.000000	0.282958	3.243089	1301.019402	-420.000000	0.000000	38.000000	1348.492839	1336.392866	0.000000	0.000000	0	4.688758	430.620253	223.893437	-351.650496	-249.021130	226.152228	-349.439643	-244.350159	44.706192	0.000000	-420.000000	0	5.639856	0.098090	2.872227	225.022832	-350.545069	-246.685645	180.316640	350.545069	173.314355	349.439643	175.649841	197.978870	0	0	1	0	0
lg	5	60.500000	82	3	27	8.000000	35.000000	0.282958	3.243089	1348.762735	-420.000000	0.000000	39.000000	1395.627516	1336.392866	0.000000	0.000000	0	32.963184	406.560616	227.597618	-325.474357	-259.566628	225.238754	-320.242309	-245.561561	44.706192	0.000000	-420.000000	0	15.135404	9.495548	24.059637	226.418186	-322.858333	-252.564095	181.711994	322.858333	167.435905	320.242309	174.438439	187.433372	0	0	1	0	0
lg	5	60.500000	82	3	27	8.000000	35.000000	0.282958	3.243089	1395.734876	-420.000000	0.000000	40.000000	1442.565011	1336.392866	0.000000	0.000000	0	75.833209	368.971632	227.172300	-284.467885	-273.028438	221.425720	-277.471457	-251.107486	44.706192	0.000000	-420.000000	0	23.717111	8.581706	37.588984	224.299010	-280.969671	-262.067962	179.592818	280.969671	157.932038	277.471457	168.892514	173.971562	0	0	1	0	0
lg	5	60.500000	82	3	27	8.000000	35.000000	0.282958	3.243089	1442.664244	-420.000000	0.000000	41.000000	1489.726635	1336.392866	0.000000	0.000000	0	124.680592	322.760366	219.151330	-237.329713	-290.655058	206.825005	-231.556503	-260.264611	44.706192	0.000000	-420.000000	0	33.299362	9.582251	46.211266	212.988167	-234.443108	-275.459834	168.281975	234.443108	144.540166	231.556503	159.735389	156.344942	0	0	1	0	0
lg	5	60.500000	82	3	27	8.000000	35.000000	0.282958	3.243089	1489.831856	-420.000000	0.000000	42.000000	1536.109368	1336.392866	0.000000	0.000000	0	176.194433	273.033867	204.597941	-189.986846	-311.648555	188.272405	-184.278426	-271.390862	44.706192	0.000000	-420.000000	0	43.815420	10.516058	49.726498	196.435173	-187.132636	-291.519708	151.728981	187.132636	128.480292	184.278426	148.609138	135.351445	0	0	1	0	0
lg	5	60.500000	82	3	27	8.000000	35.000000	0.282958	3.243089	1536.214589	-420.000000	0.000000	43.000000	1583.246612	1336.392866	0.000000	0.000000	0	225.940034	223.473044	186.540049	-145.307165	-334.281413	166.811382	-142.967383	-288.935813	44.706192	0.000000	-420.000000	0	49.506751	5.691331	49.560823	176.675715	-144.137274	-311.608613	131.969523	144.137274	108.391387	142.967383	131.064187	112.718587	0	0	0	0	0
lg	5	60.500000	82	3	27	8.000000	35.000000	0.282958	3.243089	1583.420269	-420.000000	0.000000	44.000000	1630.403531	1336.392866	0.000000	0.000000	0	274.347589	175.044049	165.396011	-102.571532	-356.558278	143.489955	-105.307170	-306.864634	44.706192	0.000000	-420.000000	0	54.376624	4.869874	48.428996	154.442983	-103.939351	-331.711456	109.736791	103.939351	88.288544	105.307170	113.135366	90.441722	0	0	0	0	0
lg	5	60.500000	82	3	27	8.000000	35.000000	0.282958	3.243089	1630.503191	-420.000000	0.000000	45.000000	1677.444108	1336.392866	0.000000	0.000000	0	316.532178	131.398669	143.309239	-71.707969	-380.654969	121.806797	-72.080405	-326.998624	44.706192	0.000000	-420.000000	0	57.805684	3.429060	43.645379	132.558018	-71.894187	-353.826797	87.851826	71.894187	66.173203	72.080405	93.001376	66.345031	0	0	0	0	0
lg	5	60.500000	82	3	27	8.000000	35.000000	0.282958	3.243089	1677.542913	-420.000000	0.000000	46.000000	1724.546278	1336.392866	0.000000	0.000000	0	352.853219	93.079934	123.825108	-48.604174	-406.853127	101.645233	-45.539504	-347.819873	44.706192	0.000000	-420.000000	0	63.136869	5.331185	38.318735	112.735170	-47.071839	-377.336500	68.028978	47.071839	42.663500	45.539504	72.180127	40.146873	0	0	0	0	0
lg	5	60.500000	82	3	27	8.000000	35.000000	0.282958	3.243089	1724.646366	-420.000000	0.000000	47.000000	1771.833226	1336.392866	0.000000	0.000000	0	383.175684	61.762572	107.780240	-28.872499	-429.721772	83.326084	-27.439946	-368.496503	44.706192	0.000000	-420.000000	0	65.943852	2.806983	31.317362	95.553162	-28.156222	-399.109138	50.846970	28.156222	20.890862	27.439946	51.503497	17.278228	0	0	0	0	0
lg	5	60.500000	82	3	27	8.000000	35.000000	0.282958	3.243089	1771.932031	-420.000000	0.000000	48.000000	1818.455914	1336.392866	0.000000	0.000000	0	406.696317	40.662370	94.435292	-16.257426	-447.353765	71.184180	-10.863873	-384.242181	44.706192	0.000000	-420.000000	0	67.474267	1.530415	21.100203	82.809736	-13.560650	-415.797973	38.103544	13.560650	4.202027	10.863873	35.757819	0.353765	0	0	0	0	0
lg	5	60.500000	82	3	27	8.000000	35.000000	0.282958	3.243089	1818.696724	-420.000000	0.000000	49.000000	1865.662449	1336.392866	0.000000	0.000000	0	422.688947	28.974959	83.169935	-9.765748	-459.927813	60.835832	-0.745611	-396.420484	44.706192	0.000000	-420.000000	0	67.921690	0.447423	11.687411	72.002883	-5.255679	-428.174149	27.296691	5.255679	8.174149	0.745611	23.579516	12.927813	0	1	0	0	0
lg	5	60.500000	82	3	27	8.000000	35.000000	0.282958	3.243089	1865.768097	-420.000000	0.000000	50.000000	1912.750931	1336.392866	0.000000	0.000000	0	432.296774	22.131123	71.033218	-6.809080	-465.279068	51.455569	3.253291	-403.917752	44.706192	0.000000	-420.000000	0	65.190082	2.731608	6.843836	61.244394	-1.777895	-434.598410	16.538202	1.777895	14.598410	3.253291	16.082248	18.279068	0	1	0	0	0
lg	5	60.500000	82	3	27	8.000000	35.000000	0.282958	3.243089	1912.849736	-420.000000	0.000000	51.000000	1959.862939	1336.392866	1948.096165	0.000000	0	437.608079	20.987433	62.090182	-6.944790	-468.189548	45.800436	5.029699	-409.450545	44.706192	0.000000	-420.000000	0	62.120968	3.069114	1.143690	53.945309	-0.957545	-438.820047	9.239117	0.957545	18.820047	5.029699	10.549455	21.189548	0	1	0	1	0
lg	5	60.500000	82	3	27	8.000000	35.000000	0.282958	3.243089	1959.962600	-420.000000	0.000000	52.000000	2006.988634	1336.392866	1948.096165	0.000000	0	441.079482	21.531191	55.133736	-7.071503	-468.841671	41.213093	5.482926	-413.629008	44.706192	0.000000	-420.000000	0	58.308114	3.812854	0.543758	48.173414	-0.794289	-441.235340	3.467222	0.794289	21.235340	5.482926	6.370992	21.841671	0	1	0	1	0
lg	5	60.500000	82	3	27	8.000000	35.000000	0.282958	3.243089	2007.087867	-420.000000	0.000000	53.000000	2053.338004	1336.392866	1948.096165	0.000000	0	442.509753	23.458511	50.348462	-7.401996	-467.719339	38.115556	3.071560	-418.987780	44.706192	0.000000	-420.000000	0	51.323526	6.984588	1.927321	44.232009	-2.165218	-443.353559	0.474183	2.165218	23.353559	3.071560	1.012220	20.719339	0	1	0	1	0
lg	5	60.500000	82	3	27	8.000000	35.000000	0.282958	3.243089	2053.437665	-420.000000	0.000000	54.000000	2100.675852	1336.392866	1948.096165	0.000000	0	442.605575	21.919001	43.928686	-8.358736	-461.653604	38.210488	3.122864	-421.258592	44.706192	0.000000	-420.000000	0	42.382566	8.940960	1.539510	41.069587	-2.617936	-441.456098	3.636605	2.617936	21.456098	3.122864	1.258592	14.653604	0	1	0	1	0
lg	5	60.500000	82	3	27	8.000000	35.000000	0.282958	3.243089	2100.775084	-420.000000	0.000000	55.000000	2147.446105	1336.392866	1948.096165	0.000000	0	442.806902	21.563618	43.140365	-7.813411	-459.860122	37.806885	2.962175	-422.148989	44.706192	0.000000	-420.000000	0	39.581420	2.801146	0.355384	40.473625	-2.425618	-441.004556	4.232567	2.425618	21.004556	2.962175	2.148989	12.860122	0	1	0	1	0
lg	5	60.500000	82	3	27	8.000000	35.000000	0.282958	3.243089	2147.544910	-420.000000	0.000000	56.000000	2194.507641	1336.392866	1948.096165	0.000000	0	442.560022	21.249397	43.537552	-7.948259	-459.177510	37.866976	3.025841	-422.268739	44.706192	0.000000	-420.000000	0	38.920992	0.660428	0.314220	40.702264	-2.461209	-440.723125	4.003928	2.461209	20.723125	3.025841	2.268739	12.177510	0	1	0	1	0
lg	5	60.500000	82	3	27	8.000000	35.000000	0.282958	3.243089	2194.606874	-420.000000	0.000000	57.000000	2241.591846	1336.392866	1948.096165	0.000000	0	441.975278	20.931555	44.009641	-8.029353	-458.735074	38.088029	2.342516	-422.089854	44.706192	0.000000	-420.000000	0	38.542357	0.378635	0.317842	41.048835	-2.843418	-440.412464	3.657357	2.843418	20.412464	2.342516	2.089854	11.735074	0	1	0	1	0
lg	5	60.500000	82	3	27	8.000000	35.000000	0.282958	3.243089	2241.690651	-420.000000	0.000000	58.000000	2288.515654	1336.392866	1948.096165	0.000000	0	441.334752	20.173310	45.982360	-6.628438	-457.560813	39.488450	1.622695	-422.279572	44.706192	0.000000	-420.000000	0	36.810569	1.731789	0.758245	42.735405	-2.502872	-439.920192	1.970787	2.502872	19.920192	1.622695	2.279572	10.560813	0	1	0	1	0
lg	5	60.500000	82	3	27	8.000000	35.000000	0.282958	3.243089	2288.616170	-420.000000	0.000000	59.000000	2335.649476	1336.392866	1948.096165	0.000000	0	440.506484	19.568728	48.635477	-5.104767	-456.457066	41.841434	1.092122	-422.459588	44.706192	0.000000	-420.000000	0	35.219156	1.591413	0.604582	45.238455	-2.006322	-439.458327	0.532263	2.006322	19.458327	1.092122	2.459588	9.457066	0	1	0	1	0
lg	5	60.500000	82	3	27	8.000000	35.000000	0.282958	3.243089	2335.877454	-420.000000	0.000000	60.000000	2382.914182	1336.392866	1948.096165	0.000000	0	439.589751	19.188610	51.007362	-3.686068	-455.240617	44.142769	0.351733	-422.558477	44.706192	0.000000	-420.000000	0	33.638501	1.580654	0.380118	47.575065	-1.667167	-438.899547	2.868873	1.667167	18.899547	0.351733	2.558477	8.240617	0	1	0	1	0
lg	5	60.500000	82	3	27	8.000000	35.000000	0.282958	3.243089	2383.020258	-420.000000	0.000000	61.000000	2429.843123	1336.392866	1948.096165	0.000000	0	438.575271	19.203527	52.240642	-3.562616	-454.588794	45.640905	-0.621566	-422.638451	44.706192	0.000000	-420.000000	0	32.757148	0.881354	0.014917	48.940774	-2.092091	-438.613622	4.234582	2.092091	18.613622	0.621566	2.638451	7.588794	1	1	0	1	0
lg	5	60.500000	82	3	27	8.000000	35.000000	0.282958	3.243089	2429.942355	-420.000000	0.000000	62.000000	2476.818685	1336.392866	1948.096165	0.000000	0	437.953460	19.057494	53.090975	-3.400104	-453.973540	46.129581	-1.286233	-422.558504	44.706192	0.000000	-420.000000	0	32.246457	0.510691	0.146034	49.610278	-2.343169	-438.266022	4.904086	2.343169	18.266022	1.286233	2.558504	6.973540	1	1	0	1	0
lg	5	60.500000	82	3	27	8.000000	35.000000	0.282958	3.243089	2476.917918	-420.000000	0.000000	63.000000	2524.103067	1336.392866	1948.096165	0.000000	0	437.390267	19.285650	53.731472	-3.298466	-453.721814	47.262064	-1.854090	-422.707202	44.706192	0.000000	-420.000000	0	31.715069	0.531387	0.228156	50.496768	-2.576278	-438.214508	5.790576	2.576278	18.214508	1.854090	2.707202	6.721814	1	1	0	1	0
lg	5	60.500000	82	3	27	8.000000	35.000000	0.282958	3.243089	2524.202300	-420.000000	0.000000	64.000000	2571.060237	1336.392866	1948.096165	0.000000	0	437.301635	19.426065	53.771523	-3.304436	-453.591105	47.930563	-1.761876	-422.916204	44.706192	0.000000	-420.000000	0	31.264130	0.450939	0.140415	50.851043	-2.533156	-438.253655	6.144851	2.533156	18.253655	1.761876	2.916204	6.591105	1	1	0	1	0
lg	5	60.500000	82	3	27	8.000000	35.000000	0.282958	3.243089	2571.159042	-420.000000	0.000000	65.000000	2618.053764	1336.392866	1948.096165	0.000000	0	437.599691	19.260169	53.248153	-3.198565	-453.493414	47.569069	-1.551916	-422.991912	44.706192	0.000000	-420.000000	0	31.069359	0.194772	0.165895	50.408611	-2.375241	-438.242663	5.702419	2.375241	18.242663	1.551916	2.991912	6.493414	1	1	0	1	0
lg	5	60.500000	82	3	27	8.000000	35.000000	0.282958	3.243089	2618.152142	-420.000000	0.000000	66.000000	2664.961318	1336.392866	1948.096165	0.000000	0	437.866483	19.192891	53.196674	-2.950905	-453.388779	47.333388	-1.284772	-423.106762	44.706192	0.000000	-420.000000	0	30.889394	0.179964	0.067278	50.265031	-2.117838	-438.247771	5.558839	2.117838	18.247771	1.284772	3.106762	6.388779	1	1	0	1	0
lg	5	60.500000	82	3	27	8.000000	35.000000	0.282958	3.243089	2665.060551	-420.000000	0.000000	67.000000	2712.095996	1336.392866	1948.096165	0.000000	0	437.865292	19.193706	53.321769	-2.863461	-453.321288	47.496140	-1.196866	-423.107014	44.706192	0.000000	-420.000000	0	30.815870	0.073524	0.000815	50.408955	-2.030163	-438.214151	5.702763	2.030163	18.214151	1.196866	3.107014	6.321288	1	1	0	1	0
lg	5	60.500000	82	3	27	8.000000	35.000000	0.282958	3.243089	2712.195656	-420.000000	0.000000	68.000000	2759.305525	1336.392866	1948.096165	0.000000	0	437.546983	19.268809	53.641295	-2.873073	-453.236954	48.008051	-1.488205	-423.045054	44.706192	0.000000	-420.000000	0	30.744140	0.071730	0.075103	50.824673	-2.180639	-438.141004	6.118481	2.180639	18.141004	1.488205	3.045054	6.236954	1	1	0	1	0
lg	5	60.500000	82	3	27	8.000000	35.000000	0.282958	3.243089	2759.406041	-420.000000	0.000000	69.000000	2806.095882	1336.392866	1948.096165	0.000000	0	437.541729	19.289634	53.802078	-2.954604	-453.227108	47.863349	-1.431285	-423.090751	44.706192	0.000000	-420.000000	0	30.753683	0.009543	0.020825	50.832714	-2.192944	-438.158930	6.126522	2.192944	18.158930	1.431285	3.090751	6.227108	1	1	0	1	0
lg	5	60.500000	82	3	27	8.000000	35.000000	0.282958	3.243089	2806.286648	-420.000000	0.000000	70.000000	2853.167683	1336.392866	1948.096165	0.000000	0	437.517637	19.245960	53.968801	-2.917219	-453.164639	47.788858	-1.418900	-423.035087	44.706192	0.000000	-420.000000	0	30.793288	0.039605	0.043674	50.878830	-2.168060	-438.099863	6.172638	2.168060	18.099863	1.418900	3.035087	6.164639	1	1	0	1	0
lg	5	60.500000	82	3	27	8.000000	35.000000	0.282958	3.243089	2853.271193	-420.000000	0.000000	71.000000	2900.425118	1336.392866	1948.096165	0.000000	0	437.450129	19.293900	54.116937	-2.853698	-453.133073	48.056823	-1.426241	-423.031103	44.706192	0.000000	-420.000000	0	30.739083	0.054205	0.047940	51.086880	-2.139970	-438.082088	6.380688	2.139970	18.082088	1.426241	3.031103	6.133073	1	1	0	1	0
lg	5	60.500000	82	3	27	8.000000	35.000000	0.282958	3.243089	2900.531194	-420.000000	0.000000	72.000000	2947.344648	1336.392866	1948.096165	0.000000	0	437.523900	19.267248	54.136419	-2.924661	-453.104174	47.879754	-1.255239	-423.070131	44.706192	0.000000	-420.000000	0	30.724201	0.014881	0.026652	51.008087	-2.089950	-438.087152	6.301895	2.089950	18.087152	1.255239	3.070131	6.104174	1	1	0	1	0
lg	5	60.500000	82	3	27	8.000000	35.000000	0.282958	3.243089	2947.449442	-420.000000	0.000000	73.000000	2994.370683	1336.392866	1948.096165	0.000000	0	437.326585	19.242476	54.060724	-2.978071	-453.010667	48.170459	-1.496368	-422.999740	44.706192	0.000000	-420.000000	0	30.619380	0.104821	0.024772	51.115592	-2.237219	-438.005203	6.409400	2.237219	18.005203	1.496368	2.999740	6.010667	1	1	0	1	0
lg	5	60.500000	82	3	27	8.000000	35.000000	0.282958	3.243089	2994.470771	-420.000000	0.000000	74.000000	3041.343251	1336.392866	1948.096165	0.000000	0	437.180882	19.310967	54.206076	-3.164073	-453.022731	48.209666	-1.604198	-423.030424	44.706192	0.000000	-420.000000	0	30.625621	0.006241	0.068490	51.207871	-2.384135	-438.026578	6.501679	2.384135	18.026578	1.604198	3.030424	6.022731	1	1	0	1	0
lg	5	60.500000	82	3	27	8.000000	35.000000	0.282958	3.243089	3041.443767	-420.000000	0.000000	75.000000	3088.520701	1336.392866	1948.096165	0.000000	0	437.130177	19.297554	54.216436	-3.326950	-453.012528	47.990886	-1.676841	-423.054548	44.706192	0.000000	-420.000000	0	30.642469	0.016848	0.013413	51.103661	-2.501896	-438.033538	6.397469	2.501896	18.033538	1.676841	3.054548	6.012528	1	1	0	1	0
lg	5	60.500000	82	3	27	8.000000	35.000000	0.282958	3.243089	3088.621217	-420.000000	0.000000	76.000000	3135.820053	1336.392866	1948.096165	0.000000	0	437.002737	19.441838	54.346316	-3.406882	-453.037909	48.314058	-1.757723	-423.152669	44.706192	0.000000	-420.000000	0	30.532531	0.109938	0.144285	51.330187	-2.582303	-438.095289	6.623995	2.582303	18.095289	1.757723	3.152669	6.037909	1	1	0	1	0
lg	5	60.500000	82	3	27	8.000000	35.000000	0.282958	3.243089	3135.918858	-420.000000	0.000000	77.000000	3183.038565	1336.392866	1948.096165	0.000000	0	437.168797	19.394112	54.349447	-3.323449	-453.035256	48.053906	-1.570937	-423.183608	44.706192	0.000000	-420.000000	0	30.558568	0.026037	0.047726	51.201676	-2.447193	-438.109432	6.495484	2.447193	18.109432	1.570937	3.183608	6.035256	1	1	0	1	0
lg	5	60.500000	82	3	27	8.000000	35.000000	0.282958	3.243089	3183.143358	-420.000000	0.000000	78.000000	3229.625324	1336.392866	1948.096165	0.000000	0	437.269958	19.348305	54.124730	-3.265603	-453.018238	47.981462	-1.534668	-423.220585	44.706192	0.000000	-420.000000	0	30.473529	0.085039	0.045807	51.053096	-2.400135	-438.119411	6.346904	2.400135	18.119411	1.534668	3.220585	6.018238	1	1	0	1	0
lg	5	60.500000	82	3	27	8.000000	35.000000	0.282958	3.243089	3229.724557	-420.000000	0.000000	79.000000	3277.074808	1336.392866	1948.096165	0.000000	0	437.508158	19.260177	54.108778	-3.206428	-453.007193	47.458426	-1.287702	-423.267879	44.706192	0.000000	-420.000000	0	30.534169	0.060640	0.088128	50.783602	-2.247065	-438.137536	6.077410	2.247065	18.137536	1.287702	3.267879	6.007193	1	1	0	1	0
lg	5	60.500000	82	3	27	8.000000	35.000000	0.282958	3.243089	3277.179174	-420.000000	0.000000	80.000000	3324.117096	1336.392866	1948.096165	0.000000	0	437.605949	19.273041	53.886376	-3.176336	-452.958857	47.427039	-1.264157	-423.434109	44.706192	0.000000	-420.000000	0	30.283497	0.250671	0.012864	50.656708	-2.220246	-438.196483	5.950516	2.220246	18.196483	1.264157	3.434109	5.958857	1	1	0	1	0
lg	5	60.500000	82	3	27	8.000000	35.000000	0.282958	3.243089	3324.219751	-420.000000	0.000000	81.000000	3371.072984	1336.392866	1948.096165	0.000000	0	437.742733	19.354158	53.912936	-3.040443	-452.987653	47.463842	-1.129201	-423.588309	44.706192	0.000000	-420.000000	0	30.158997	0.124501	0.081116	50.688389	-2.084822	-438.287981	5.982197	2.084822	18.287981	1.129201	3.588309	5.987653	1	1	0	1	0
lg	5	60.500000	82	3	27	8.000000	35.000000	0.282958	3.243089	3371.172644	-420.000000	0.000000	82.000000	3418.179003	1336.392866	1948.096165	0.000000	0	437.890216	19.302652	53.550406	-2.934018	-452.927450	47.625310	-0.961453	-423.635083	44.706192	0.000000	-420.000000	0	29.950634	0.208362	0.051506	50.587858	-1.947736	-438.281266	5.881666	1.947736	18.281266	0.961453	3.635083	5.927450	1	1	0	1	0
lg	5	60.500000	82	3	27	8.000000	35.000000	0.282958	3.243089	3418.278236	-420.000000	0.000000	83.000000	3453.476759	1336.392866	1948.096165	3453.472054	0	437.809447	19.419349	  53.806078   -2.890023 -452.923685	  47.890247   -0.992003 -423.716173	44.706192	0.000000	-420.000000	0	29.860982	0.089652	0.116698	0
