subjName	sessionNR	IOD	trialN	textureType	texnum	visualAngle	simulatedDepth	light_intensity	ambient_intensity	time	displayDistance	isRotated	frameN	timTote	startTime	touchTime	endTime	fingersOccluded	distanceToHome	distanceToObject	indexXraw	indexYraw	indexZraw	thumbXraw	thumbYraw	thumbZraw	targetX	targetY	targetZ	failCause	gripAperture	gripApertureVel	distFromObjVel	gripOriginX	gripOriginY	gripOriginZ	distFromObjX	distFromObjY	distFromObjZ	y_dist_thm	z_dist_thm	z_dist_ind	handOnObj	handnearObj	handfarObj	handTouchObj	framesOccluded
lg	6	60.500000	66	2	11	8.000000	25.000000	0.541736	2.480583	917.910604	-420.000000	0.000000	30.000000	965.209956	0.000000	0.000000	0.000000	0	2.867460	433.084791	221.056952	-355.969958	-251.355699	228.614578	-353.043696	-246.139645	44.391907	0.000000	-420.000000	0	9.637839	0.076518	0.046621	224.835765	-354.506827	-248.747672	180.443858	354.506827	171.252328	353.043696	173.860355	185.644301	0	0	1	0	0
lg	6	60.500000	66	2	11	8.000000	25.000000	0.541736	2.480583	965.402861	-420.000000	0.000000	31.000000	1012.277480	0.000000	0.000000	0.000000	0	3.101848	433.164425	221.476133	-355.899198	-251.322501	228.713972	-352.989752	-246.058723	44.391907	0.000000	-420.000000	0	9.410555	0.227283	0.079634	225.095053	-354.444475	-248.690612	180.703146	354.444475	171.309388	352.989752	173.941277	185.677499	0	0	1	0	0
lg	6	60.500000	66	2	11	8.000000	25.000000	0.541736	2.480583	1012.379707	-420.000000	0.000000	32.000000	1059.334739	0.000000	0.000000	0.000000	0	3.103094	433.182348	221.332818	-355.919676	-251.308031	228.820849	-352.981355	-245.969131	44.391907	0.000000	-420.000000	0	9.654439	0.243884	0.017923	225.076833	-354.450516	-248.638581	180.684926	354.450516	171.361419	352.981355	174.030869	185.691969	0	0	1	0	0
lg	6	60.500000	66	2	11	8.000000	25.000000	0.541736	2.480583	1059.440815	-420.000000	0.000000	33.000000	1106.337248	0.000000	0.000000	0.000000	0	3.086081	433.202369	221.226624	-355.954648	-251.313064	228.890864	-352.989040	-245.912968	44.391907	0.000000	-420.000000	0	9.833434	0.178995	0.020020	225.058744	-354.471844	-248.613016	180.666837	354.471844	171.386984	352.989040	174.087032	185.686936	0	0	1	0	0
lg	6	60.500000	66	2	11	8.000000	25.000000	0.541736	2.480583	1106.439047	-420.000000	0.000000	34.000000	1153.811541	0.000000	0.000000	0.000000	0	3.113087	433.219197	221.210588	-355.942805	-251.301088	228.942654	-352.991777	-245.858741	44.391907	0.000000	-420.000000	0	9.905178	0.071744	0.016828	225.076621	-354.467291	-248.579915	180.684714	354.467291	171.420085	352.991777	174.141259	185.698912	0	0	1	0	0
lg	6	60.500000	66	2	11	8.000000	25.000000	0.541736	2.480583	1153.908635	-420.000000	0.000000	35.000000	1200.521485	0.000000	0.000000	0.000000	0	3.025842	433.208091	221.035090	-355.997205	-251.311301	228.921814	-353.007193	-245.842142	44.391907	0.000000	-420.000000	0	10.052476	0.147298	0.011106	224.978452	-354.502199	-248.576721	180.586545	354.502199	171.423279	353.007193	174.157858	185.688699	0	0	1	0	0
lg	6	60.500000	66	2	11	8.000000	25.000000	0.541736	2.480583	1200.618579	-420.000000	0.000000	36.000000	1247.744274	0.000000	0.000000	0.000000	0	3.242910	433.288340	221.469401	-355.910176	-251.399403	229.050598	-353.011034	-245.770040	44.391907	0.000000	-420.000000	0	9.877718	0.174758	0.080249	225.260000	-354.460605	-248.584721	180.868093	354.460605	171.415279	353.011034	174.229960	185.600597	0	0	1	0	0
lg	6	60.500000	66	2	11	8.000000	25.000000	0.541736	2.480583	1247.841796	-420.000000	0.000000	37.000000	1295.520114	1283.722544	0.000000	0.000000	0	9.491473	428.617922	224.560402	-350.294872	-253.109856	231.120906	-346.407724	-248.002239	44.391907	0.000000	-420.000000	0	9.178120	0.699598	4.670418	227.840654	-348.351298	-250.556047	183.448747	348.351298	169.443953	346.407724	171.997761	183.890144	0	0	1	0	0
lg	6	60.500000	66	2	11	8.000000	25.000000	0.541736	2.480583	1295.623196	-420.000000	0.000000	38.000000	1342.685588	1283.722544	0.000000	0.000000	0	42.957402	401.306972	230.164626	-320.477787	-265.083798	235.479646	-310.979212	-253.314905	44.391907	0.000000	-420.000000	0	16.030571	6.852451	27.310950	232.822136	-315.728500	-259.199352	188.430229	315.728500	160.800648	310.979212	166.685095	171.916202	0	0	1	0	0
lg	6	60.500000	66	2	11	8.000000	25.000000	0.541736	2.480583	1342.867372	-420.000000	0.000000	39.000000	1389.867315	1283.722544	0.000000	0.000000	0	90.939748	358.115005	229.441981	-275.194283	-283.645384	230.641411	-262.807624	-263.649988	44.391907	0.000000	-420.000000	0	23.551726	7.521155	43.191966	230.041696	-269.000953	-273.647686	185.649789	269.000953	146.352314	262.807624	156.350012	153.354616	0	0	1	0	0
lg	6	60.500000	66	2	11	8.000000	25.000000	0.541736	2.480583	1389.968686	-420.000000	0.000000	40.000000	1436.826624	1283.722544	0.000000	0.000000	0	144.971674	306.383849	222.031853	-224.362741	-310.160400	215.216605	-213.139371	-279.542688	44.391907	0.000000	-420.000000	0	33.314500	9.762774	51.731157	218.624229	-218.751056	-294.851544	174.232322	218.751056	125.148456	213.139371	140.457312	126.839600	0	0	1	0	0
lg	6	60.500000	66	2	11	8.000000	25.000000	0.541736	2.480583	1436.928851	-420.000000	0.000000	41.000000	1483.299179	1283.722544	0.000000	0.000000	0	200.864503	251.421387	207.213105	-172.615950	-338.566990	193.239452	-165.313660	-297.675733	44.391907	0.000000	-420.000000	0	43.825578	10.511078	54.962462	200.226278	-168.964805	-318.121362	155.834372	168.964805	101.878638	165.313660	122.324267	98.433010	0	0	1	0	0
lg	6	60.500000	66	2	11	8.000000	25.000000	0.541736	2.480583	1483.403545	-420.000000	0.000000	42.000000	1530.367131	1283.722544	0.000000	0.000000	0	253.861115	198.779403	188.577490	-125.695865	-367.221507	169.334371	-123.576688	-319.526115	44.391907	0.000000	-420.000000	0	51.474644	7.649066	52.641984	178.955931	-124.636277	-343.373811	134.564024	124.636277	76.626189	123.576688	100.473885	69.778493	0	0	0	0	0
lg	6	60.500000	66	2	11	8.000000	25.000000	0.541736	2.480583	1530.465081	-420.000000	0.000000	43.000000	1577.466307	1283.722544	0.000000	0.000000	0	301.455137	151.703717	167.504889	-88.161030	-394.842146	147.173412	-86.747974	-343.008006	44.391907	0.000000	-420.000000	0	55.696892	4.222248	47.075686	157.339150	-87.454502	-368.925076	112.947244	87.454502	51.074924	86.747974	76.991994	42.157854	0	0	0	0	0
lg	6	60.500000	66	2	11	8.000000	25.000000	0.541736	2.480583	1577.568106	-420.000000	0.000000	44.000000	1624.330660	1283.722544	0.000000	0.000000	0	340.253065	112.201749	144.627449	-61.595766	-418.917794	125.036088	-59.275513	-366.040498	44.391907	0.000000	-420.000000	0	56.437695	0.740804	39.501967	134.831769	-60.435639	-392.479146	90.439862	60.435639	27.520854	59.275513	53.959502	18.082206	0	0	0	0	0
lg	6	60.500000	66	2	11	8.000000	25.000000	0.541736	2.480583	1624.428610	-420.000000	0.000000	45.000000	1671.205707	1283.722544	0.000000	0.000000	0	372.072347	81.153128	125.071711	-42.051512	-440.500746	104.120476	-38.083639	-385.105948	44.391907	0.000000	-420.000000	0	59.357239	2.919544	31.048621	114.596093	-40.067575	-412.803347	70.204187	40.067575	7.196653	38.083639	34.894052	3.500746	0	0	0	0	0
lg	6	60.500000	66	2	11	8.000000	25.000000	0.541736	2.480583	1671.358834	-420.000000	0.000000	46.000000	1718.356638	1283.722544	0.000000	0.000000	0	396.375460	58.779456	107.834483	-28.264144	-456.648214	85.975958	-22.408953	-398.242809	44.391907	0.000000	-420.000000	0	62.636010	3.278771	22.373672	96.905220	-25.336548	-427.445512	52.513314	25.336548	7.445512	22.408953	21.757191	19.648214	0	1	0	0	0
lg	6	60.500000	66	2	11	8.000000	25.000000	0.541736	2.480583	1718.454160	-420.000000	0.000000	47.000000	1765.119193	1283.722544	1753.422566	0.000000	0	413.615497	43.091052	91.179141	-18.857396	-464.381664	72.327703	-10.976762	-406.501128	44.391907	0.000000	-420.000000	0	61.381085	1.254925	15.688404	81.753422	-14.917079	-435.441396	37.361515	14.917079	15.441396	10.976762	13.498872	27.381664	0	1	0	1	0
lg	6	60.500000	66	2	11	8.000000	25.000000	0.541736	2.480583	1765.217142	-420.000000	0.000000	48.000000	1812.155493	1283.722544	1753.422566	0.000000	0	425.305352	31.555199	76.850479	-12.483418	-466.685247	61.138560	-2.852230	-409.737083	44.391907	0.000000	-420.000000	0	59.855806	1.525279	11.535853	68.994519	-7.667824	-438.211165	24.602613	7.667824	18.211165	2.852230	10.262917	29.685247	0	1	0	1	0
lg	6	60.500000	66	2	11	8.000000	25.000000	0.541736	2.480583	1812.363368	-420.000000	0.000000	49.000000	1859.123356	1283.722544	1753.422566	0.000000	0	433.056425	26.306871	67.054578	-8.664182	-468.078201	53.383669	1.657313	-413.359783	44.391907	0.000000	-420.000000	0	57.337007	2.518800	5.248328	60.219124	-3.503435	-440.718992	15.827217	3.503435	20.718992	1.657313	6.640217	31.078201	0	1	0	1	0
lg	6	60.500000	66	2	11	8.000000	25.000000	0.541736	2.480583	1859.229860	-420.000000	0.000000	50.000000	1905.956058	1283.722544	1753.422566	0.000000	0	438.050800	24.076805	59.543140	-6.269889	-467.052829	47.733236	3.779174	-417.338516	44.391907	0.000000	-420.000000	0	52.076582	5.260424	2.230067	53.638188	-1.245357	-442.195673	9.246281	1.245357	22.195673	3.779174	2.661484	30.052829	0	1	0	1	0
lg	6	60.500000	66	2	11	8.000000	25.000000	0.541736	2.480583	1906.054435	-420.000000	0.000000	51.000000	1953.259687	1283.722544	1753.422566	0.000000	0	438.921617	20.700154	51.876424	-6.738758	-459.800701	45.737178	3.905381	-420.547686	44.391907	0.000000	-420.000000	0	41.131341	10.945241	3.376651	48.806801	-1.416688	-440.174193	4.414894	1.416688	20.174193	3.905381	0.547686	22.800701	0	1	0	1	0
lg	6	60.500000	66	2	11	8.000000	25.000000	0.541736	2.480583	1953.357209	-420.000000	0.000000	52.000000	1999.777582	1283.722544	1753.422566	0.000000	0	439.819108	19.200721	48.865679	-5.688358	-455.735605	45.483782	4.729737	-422.248279	44.391907	0.000000	-420.000000	0	35.233151	5.898190	1.499433	47.174731	-0.479310	-438.991942	2.782824	0.479310	18.991942	4.729737	2.248279	18.735605	0	1	0	1	0
lg	6	60.500000	66	2	11	8.000000	25.000000	0.541736	2.480583	1999.875959	-420.000000	0.000000	53.000000	2047.301063	1283.722544	1753.422566	0.000000	0	440.558478	17.500094	47.610853	-3.179400	-452.376883	45.179985	4.999292	-422.345515	44.391907	0.000000	-420.000000	0	31.219916	4.013235	1.700627	46.395419	0.909946	-437.361199	2.003512	0.909946	17.361199	4.999292	2.345515	15.376883	0	1	0	1	0
lg	6	60.500000	66	2	11	8.000000	25.000000	0.541736	2.480583	2047.403290	-420.000000	0.000000	54.000000	2094.073455	1283.722544	1753.422566	0.000000	0	440.050681	15.675464	47.876751	-2.466611	-448.599532	44.865241	4.955476	-422.400775	44.391907	0.000000	-420.000000	0	27.395829	3.824087	1.824631	46.370996	1.244433	-435.500153	1.979089	1.244433	15.500153	4.955476	2.400775	11.599532	0	1	0	1	0
lg	6	60.500000	66	2	11	8.000000	25.000000	0.541736	2.480583	2094.175682	-420.000000	0.000000	55.000000	2141.194445	1283.722544	1753.422566	0.000000	0	440.246678	15.400669	48.765328	-0.602284	-447.588840	45.448774	4.801777	-422.437792	44.391907	0.000000	-420.000000	0	25.937977	1.457852	0.274795	47.107051	2.099746	-435.013316	2.715144	2.099746	15.013316	4.801777	2.437792	10.588840	0	1	0	1	0
lg	6	60.500000	66	2	11	8.000000	25.000000	0.541736	2.480583	2141.296244	-420.000000	0.000000	56.000000	2188.276512	1283.722544	1753.422566	0.000000	0	440.160779	15.371744	48.922109	0.172588	-447.070896	46.716446	4.752778	-422.491165	44.391907	0.000000	-420.000000	0	25.099926	0.838051	0.028924	47.819277	2.462683	-434.781030	3.427371	2.462683	14.781030	4.752778	2.491165	10.070896	0	1	0	1	0
lg	6	60.500000	66	2	11	8.000000	25.000000	0.541736	2.480583	2188.373178	-420.000000	0.000000	57.000000	2235.299980	1283.722544	1753.422566	0.000000	0	440.671585	15.239068	48.408873	0.352180	-446.745264	45.967860	5.279463	-422.681267	44.391907	0.000000	-420.000000	0	24.684258	0.415667	0.132676	47.188366	2.815822	-434.713265	2.796459	2.815822	14.713265	5.279463	2.681267	9.745264	0	1	0	1	0
lg	6	60.500000	66	2	11	8.000000	25.000000	0.541736	2.480583	2235.396219	-420.000000	0.000000	58.000000	2282.425247	1283.722544	1753.422566	0.000000	0	440.265622	15.269137	49.174262	0.326378	-446.485307	46.510349	5.033406	-422.776236	44.391907	0.000000	-420.000000	0	24.318153	0.366106	0.030069	47.842306	2.679892	-434.630771	3.450399	2.679892	14.630771	5.033406	2.776236	9.485307	0	1	0	1	0
lg	6	60.500000	66	2	11	8.000000	25.000000	0.541736	2.480583	2282.522769	-420.000000	0.000000	59.000000	2329.326813	1283.722544	1753.422566	0.000000	0	440.107517	15.214095	49.231509	0.200283	-446.240872	46.698072	4.962549	-422.882279	44.391907	0.000000	-420.000000	0	23.973347	0.344806	0.055042	47.964790	2.581416	-434.561575	3.572884	2.581416	14.561575	4.962549	2.882279	9.240872	0	1	0	1	0
lg	6	60.500000	66	2	11	8.000000	25.000000	0.541736	2.480583	2329.428612	-420.000000	0.000000	60.000000	2376.433688	1283.722544	1753.422566	0.000000	0	440.081617	15.081444	48.999963	0.136224	-446.081776	46.504383	4.828051	-422.900808	44.391907	0.000000	-420.000000	0	23.782313	0.191034	0.132651	47.752173	2.482138	-434.491292	3.360267	2.482138	14.491292	4.828051	2.900808	9.081776	0	1	0	1	0
lg	6	60.500000	66	2	11	8.000000	25.000000	0.541736	2.480583	2376.538053	-420.000000	0.000000	61.000000	2423.435342	1283.722544	1753.422566	0.000000	0	439.912228	15.044007	49.089903	0.123201	-445.980879	46.730112	4.641259	-422.882253	44.391907	0.000000	-420.000000	0	23.654344	0.127969	0.037437	47.910007	2.382230	-434.431566	3.518101	2.382230	14.431566	4.641259	2.882253	8.980879	0	1	0	1	0
lg	6	60.500000	66	2	11	8.000000	25.000000	0.541736	2.480583	2423.533292	-420.000000	0.000000	62.000000	2470.655137	1283.722544	1753.422566	0.000000	0	439.861449	15.170582	49.390622	0.233076	-445.878424	47.085536	4.690181	-423.055563	44.391907	0.000000	-420.000000	0	23.367974	0.286370	0.126575	48.238079	2.461629	-434.466994	3.846173	2.461629	14.466994	4.690181	3.055563	8.878424	0	1	0	1	0
lg	6	60.500000	66	2	11	8.000000	25.000000	0.541736	2.480583	2470.751375	-420.000000	0.000000	63.000000	2517.675183	1283.722544	1753.422566	0.000000	0	439.983194	15.288512	49.476405	0.412247	-445.847364	47.270683	4.885246	-423.195315	44.391907	0.000000	-420.000000	0	23.194574	0.173399	0.117930	48.373544	2.648746	-434.521340	3.981637	2.648746	14.521340	4.885246	3.195315	8.847364	0	1	0	1	0
lg	6	60.500000	66	2	11	8.000000	25.000000	0.541736	2.480583	2517.772277	-420.000000	0.000000	64.000000	2564.668283	1283.722544	1753.422566	0.000000	0	439.991571	15.231366	49.540738	0.537150	-445.692193	47.330683	4.938025	-423.162463	44.391907	0.000000	-420.000000	0	23.061673	0.132901	0.057145	48.435710	2.737588	-434.427328	4.043803	2.737588	14.427328	4.938025	3.162463	8.692193	0	1	0	1	0
lg	6	60.500000	66	2	11	8.000000	25.000000	0.541736	2.480583	2564.765377	-420.000000	0.000000	65.000000	2611.706721	1283.722544	1753.422566	0.000000	0	440.004241	15.205718	49.606860	0.535985	-445.653147	47.146416	4.922074	-423.183508	44.391907	0.000000	-420.000000	0	23.025557	0.036116	0.025649	48.376638	2.729029	-434.418328	3.984731	2.729029	14.418328	4.922074	3.183508	8.653147	0	1	0	1	0
lg	6	60.500000	66	2	11	8.000000	25.000000	0.541736	2.480583	2611.804243	-420.000000	0.000000	66.000000	2658.817018	1283.722544	1753.422566	0.000000	0	439.867677	15.152839	49.376774	0.463393	-445.600926	47.503163	4.776310	-423.129413	44.391907	0.000000	-420.000000	0	22.958235	0.067322	0.052879	48.439968	2.619852	-434.365170	4.048062	2.619852	14.365170	4.776310	3.129413	8.600926	0	1	0	1	0
lg	6	60.500000	66	2	11	8.000000	25.000000	0.541736	2.480583	2658.919245	-420.000000	0.000000	67.000000	2706.057344	1283.722544	1753.422566	0.000000	0	439.853916	15.180779	49.630106	0.400148	-445.653257	47.223142	4.750430	-423.159588	44.391907	0.000000	-420.000000	0	23.036571	0.078335	0.027940	48.426624	2.575289	-434.406422	4.034717	2.575289	14.406422	4.750430	3.159588	8.653257	0	1	0	1	0
lg	6	60.500000	66	2	11	8.000000	25.000000	0.541736	2.480583	2706.154438	-420.000000	0.000000	68.000000	2752.912287	1283.722544	1753.422566	0.000000	0	439.812804	15.263249	49.364171	0.345676	-445.754820	47.590951	4.666470	-423.227506	44.391907	0.000000	-420.000000	0	23.006378	0.030193	0.082470	48.477561	2.506073	-434.491163	4.085654	2.506073	14.491163	4.666470	3.227506	8.754820	0	1	0	1	0
lg	6	60.500000	66	2	11	8.000000	25.000000	0.541736	2.480583	2753.009381	-420.000000	0.000000	69.000000	2800.008897	1283.722544	1753.422566	0.000000	0	439.597278	15.264368	49.818959	0.244852	-445.705897	47.598652	4.509394	-423.188020	44.391907	0.000000	-420.000000	0	23.025440	0.019063	0.001119	48.708805	2.377123	-434.446958	4.316899	2.377123	14.446958	4.509394	3.188020	8.705897	0	1	0	1	0
lg	6	60.500000	66	2	11	8.000000	25.000000	0.541736	2.480583	2800.158174	-420.000000	0.000000	70.000000	2847.274031	1283.722544	1753.422566	0.000000	0	439.550768	15.267733	49.727777	0.145517	-445.705639	47.619887	4.431716	-423.244733	44.391907	0.000000	-420.000000	0	22.963166	0.062275	0.003365	48.673832	2.288617	-434.475186	4.281925	2.288617	14.475186	4.431716	3.244733	8.705639	0	1	0	1	0
lg	6	60.500000	66	2	11	8.000000	25.000000	0.541736	2.480583	2847.379679	-420.000000	0.000000	71.000000	2894.037868	1283.722544	1753.422566	0.000000	0	439.586400	15.239517	49.484408	0.127618	-445.693897	47.626260	4.413879	-423.271770	44.391907	0.000000	-420.000000	0	22.903635	0.059530	0.028216	48.555334	2.270748	-434.482833	4.163427	2.270748	14.482833	4.413879	3.271770	8.693897	0	1	0	1	0
lg	6	60.500000	66	2	11	8.000000	25.000000	0.541736	2.480583	2894.140095	-420.000000	0.000000	72.000000	2941.403946	1283.722544	1753.422566	0.000000	0	439.638819	15.245475	49.659156	0.104797	-445.694959	47.328582	4.484789	-423.310720	44.391907	0.000000	-420.000000	0	22.927495	0.023860	0.005958	48.493869	2.294793	-434.502839	4.101962	2.294793	14.502839	4.484789	3.310720	8.694959	0	1	0	1	0
lg	6	60.500000	66	2	11	8.000000	25.000000	0.541736	2.480583	2941.507456	-420.000000	0.000000	73.000000	2988.465910	1283.722544	1753.422566	0.000000	0	439.639689	15.308104	49.589721	0.128381	-445.755197	47.532994	4.482649	-423.340391	44.391907	0.000000	-420.000000	0	22.926258	0.001237	0.062628	48.561357	2.305515	-434.547794	4.169451	2.305515	14.547794	4.482649	3.340391	8.755197	0	1	0	1	0
lg	6	60.500000	66	2	11	8.000000	25.000000	0.541736	2.480583	2988.567709	-420.000000	0.000000	74.000000	3035.521457	1283.722544	1753.422566	0.000000	0	439.688823	15.391180	49.786787	0.212167	-445.836133	47.451805	4.511988	-423.382915	44.391907	0.000000	-420.000000	0	22.980156	0.053898	0.083077	48.619296	2.362078	-434.609524	4.227390	2.362078	14.609524	4.511988	3.382915	8.836133	0	1	0	1	0
lg	6	60.500000	66	2	11	8.000000	25.000000	0.541736	2.480583	3035.619407	-420.000000	0.000000	75.000000	3082.544070	1283.722544	1753.422566	0.000000	0	439.791581	15.271939	49.476588	0.215497	-445.785362	47.182503	4.525731	-423.342446	44.391907	0.000000	-420.000000	0	22.967923	0.012234	0.119241	48.329545	2.370614	-434.563904	3.937639	2.370614	14.563904	4.525731	3.342446	8.785362	0	1	0	1	0
lg	6	60.500000	66	2	11	8.000000	25.000000	0.541736	2.480583	3082.641164	-420.000000	0.000000	76.000000	3129.787817	1283.722544	1753.422566	0.000000	0	439.599244	15.486922	49.920374	0.202793	-445.834053	47.778488	4.488906	-423.455687	44.391907	0.000000	-420.000000	0	22.885578	0.082344	0.214983	48.849431	2.345849	-434.644870	4.457524	2.345849	14.644870	4.488906	3.455687	8.834053	0	1	0	1	0
lg	6	60.500000	66	2	11	8.000000	25.000000	0.541736	2.480583	3129.884484	-420.000000	0.000000	77.000000	3165.182667	1283.722544	1753.422566	3165.177962	0	439.720825	15.398696	  49.879359    0.357341 -445.701551	  47.557650    4.581727 -423.439607	44.391907	0.000000	-420.000000	0	22.777838	0.107740	0.088226	0
