subjName	sessionNR	IOD	trialN	textureType	texnum	visualAngle	simulatedDepth	light_intensity	ambient_intensity	time	displayDistance	isRotated	frameN	timTote	startTime	touchTime	endTime	fingersOccluded	distanceToHome	distanceToObject	indexXraw	indexYraw	indexZraw	thumbXraw	thumbYraw	thumbZraw	targetX	targetY	targetZ	failCause	gripAperture	gripApertureVel	distFromObjVel	gripOriginX	gripOriginY	gripOriginZ	distFromObjX	distFromObjY	distFromObjZ	y_dist_thm	z_dist_thm	z_dist_ind	handOnObj	handnearObj	handfarObj	handTouchObj	framesOccluded
lg	6	60.500000	80	3	32	8.000000	25.000000	0.209851	3.230796	966.385778	-420.000000	0.000000	30.000000	1013.167153	0.000000	0.000000	0.000000	0	1.584523	432.946328	220.297064	-356.078176	-252.200629	227.583513	-354.336909	-247.020828	44.391907	0.000000	-420.000000	0	9.107947	0.020351	0.037860	223.940289	-355.207542	-249.610729	179.548382	355.207542	170.389271	354.336909	172.979172	184.799371	0	0	1	0	0
lg	6	60.500000	80	3	32	8.000000	25.000000	0.209851	3.230796	1013.352359	-420.000000	0.000000	31.000000	1060.883111	0.000000	0.000000	0.000000	0	1.555187	432.924915	220.123612	-356.074242	-252.231049	227.642962	-354.330697	-246.957964	44.391907	0.000000	-420.000000	0	9.348048	0.240101	0.021413	223.883287	-355.202470	-249.594507	179.491380	355.202470	170.405493	354.330697	173.042036	184.768951	0	0	1	0	0
lg	6	60.500000	80	3	32	8.000000	25.000000	0.209851	3.230796	1067.480375	-420.000000	0.000000	32.000000	1107.933526	0.000000	0.000000	0.000000	0	1.574799	432.938893	220.302830	-356.101555	-252.214273	227.545928	-354.313102	-247.010551	44.391907	0.000000	-420.000000	0	9.096140	0.251908	0.013978	223.924379	-355.207329	-249.612412	179.532472	355.207329	170.387588	354.313102	172.989449	184.785727	0	0	1	0	0
lg	6	60.500000	80	3	32	8.000000	25.000000	0.209851	3.230796	1108.035325	-420.000000	0.000000	33.000000	1155.161875	0.000000	0.000000	0.000000	0	1.518449	432.874951	220.096812	-356.086800	-252.210502	227.521554	-354.298677	-247.035730	44.391907	0.000000	-420.000000	0	9.225099	0.128959	0.063942	223.809183	-355.192738	-249.623116	179.417276	355.192738	170.376884	354.298677	172.964270	184.789498	0	0	1	0	0
lg	6	60.500000	80	3	32	8.000000	25.000000	0.209851	3.230796	1155.258542	-420.000000	0.000000	34.000000	1201.635714	0.000000	0.000000	0.000000	0	1.593567	432.970854	220.450050	-356.114087	-252.172661	227.485447	-354.323605	-247.029168	44.391907	0.000000	-420.000000	0	8.897087	0.328012	0.095903	223.967748	-355.218846	-249.600914	179.575842	355.218846	170.399086	354.323605	172.970832	184.827339	0	0	1	0	0
lg	6	60.500000	80	3	32	8.000000	25.000000	0.209851	3.230796	1201.737086	-420.000000	0.000000	35.000000	1248.729757	0.000000	0.000000	0.000000	0	1.582575	432.959845	220.399191	-356.102165	-252.169975	227.497163	-354.331595	-247.038353	44.391907	0.000000	-420.000000	0	8.935865	0.038778	0.011009	223.948177	-355.216880	-249.604164	179.556270	355.216880	170.395836	354.331595	172.961647	184.830025	0	0	1	0	0
lg	6	60.500000	80	3	32	8.000000	25.000000	0.209851	3.230796	1248.826424	-420.000000	0.000000	36.000000	1296.286173	0.000000	0.000000	0.000000	0	1.602220	432.947790	220.429114	-356.137698	-252.229487	227.524373	-354.284843	-247.076937	44.391907	0.000000	-420.000000	0	8.962396	0.026532	0.012055	223.976743	-355.211271	-249.653212	179.584837	355.211271	170.346788	354.284843	172.923063	184.770513	0	0	1	0	0
lg	6	60.500000	80	3	32	8.000000	25.000000	0.209851	3.230796	1296.382412	-420.000000	0.000000	37.000000	1344.093238	0.000000	0.000000	0.000000	0	4.190319	430.160554	220.284007	-354.089238	-253.028454	227.017346	-350.702725	-248.023364	44.391907	0.000000	-420.000000	0	9.047500	0.085104	2.787236	223.650676	-352.395982	-250.525909	179.258770	352.395982	169.474091	350.702725	171.976636	183.971546	0	0	1	0	0
lg	6	60.500000	80	3	32	8.000000	25.000000	0.209851	3.230796	1344.189904	-420.000000	0.000000	38.000000	1391.277959	1379.449592	0.000000	0.000000	0	32.468399	403.734509	219.341696	-328.974591	-264.089397	222.041510	-321.438919	-252.426216	44.391907	0.000000	-420.000000	0	14.145853	5.098353	26.426045	220.691603	-325.206755	-258.257806	176.299696	325.206755	161.742194	321.438919	167.573784	172.910603	0	0	1	0	0
lg	6	60.500000	80	3	32	8.000000	25.000000	0.209851	3.230796	1391.532029	-420.000000	0.000000	39.000000	1437.851030	1379.449592	0.000000	0.000000	0	80.010723	357.509319	211.883051	-286.344124	-286.260500	209.796080	-277.975327	-267.425131	44.391907	0.000000	-420.000000	0	20.716258	6.570405	46.225189	210.839565	-282.159726	-276.842815	166.447659	282.159726	143.157185	277.975327	152.574869	150.739500	0	0	1	0	0
lg	6	60.500000	80	3	32	8.000000	25.000000	0.209851	3.230796	1437.956679	-420.000000	0.000000	40.000000	1485.460057	1379.449592	0.000000	0.000000	0	141.151863	296.320999	194.264968	-232.111180	-314.069978	184.224879	-225.634894	-285.589672	44.391907	0.000000	-420.000000	0	30.884842	10.168584	61.188320	189.244923	-228.873037	-299.829825	144.853017	228.873037	120.170175	225.634894	134.410328	122.930022	0	0	1	0	0
lg	6	60.500000	80	3	32	8.000000	25.000000	0.209851	3.230796	1485.557579	-420.000000	0.000000	41.000000	1532.172995	1379.449592	0.000000	0.000000	0	200.795231	236.111197	171.004055	-183.133201	-344.744756	159.357380	-178.280736	-310.825828	44.391907	0.000000	-420.000000	0	36.189572	5.304730	60.209802	165.180717	-180.706969	-327.785292	120.788810	180.706969	92.214708	178.280736	109.174172	92.255244	0	0	0	0	0
lg	6	60.500000	80	3	32	8.000000	25.000000	0.209851	3.230796	1532.278644	-420.000000	0.000000	42.000000	1579.169516	1379.449592	0.000000	0.000000	0	256.171255	181.018475	149.141240	-140.705999	-375.995832	137.332001	-135.866352	-339.515702	44.391907	0.000000	-420.000000	0	38.648159	2.458587	55.092722	143.236621	-138.286176	-357.755767	98.844714	138.286176	62.244233	135.866352	80.484298	61.004168	0	0	0	0	0
lg	6	60.500000	80	3	32	8.000000	25.000000	0.209851	3.230796	1579.268321	-420.000000	0.000000	43.000000	1625.668163	1379.449592	0.000000	0.000000	0	305.083559	134.656357	132.489916	-103.776022	-405.270027	121.243381	-97.587785	-365.638566	44.391907	0.000000	-420.000000	0	41.658510	3.010351	46.362119	126.866649	-100.681904	-385.454296	82.474742	100.681904	34.545704	97.587785	54.361434	31.729973	0	0	0	0	0
lg	6	60.500000	80	3	32	8.000000	25.000000	0.209851	3.230796	1625.766541	-420.000000	0.000000	44.000000	1672.541499	1379.449592	0.000000	0.000000	0	343.681046	98.978993	115.992932	-76.977176	-429.959448	104.053600	-69.287425	-386.289135	44.391907	0.000000	-420.000000	0	45.921413	4.262903	35.677363	110.023266	-73.132300	-408.124292	65.631359	73.132300	11.875708	69.287425	33.710865	7.040552	0	0	0	0	0
lg	6	60.500000	80	3	32	8.000000	25.000000	0.209851	3.230796	1672.643726	-420.000000	0.000000	45.000000	1720.009804	1379.449592	0.000000	0.000000	0	372.305943	72.920261	101.447596	-56.435417	-445.162615	89.393286	-47.668172	-398.869173	44.391907	0.000000	-420.000000	0	48.633874	2.712461	26.058732	95.420441	-52.051794	-422.015894	51.028534	52.051794	2.015894	47.668172	21.130827	8.162615	0	0	0	0	0
lg	6	60.500000	80	3	32	8.000000	25.000000	0.209851	3.230796	1720.107753	-420.000000	0.000000	46.000000	1767.230882	1379.449592	0.000000	0.000000	0	392.260962	53.189946	87.158655	-41.988812	-452.353337	75.829749	-32.369579	-404.415377	44.391907	0.000000	-420.000000	0	50.188861	1.554987	19.730315	81.494202	-37.179196	-428.384357	37.102295	37.179196	8.384357	32.369579	15.584623	15.353337	0	0	0	0	0
lg	6	60.500000	80	3	32	8.000000	25.000000	0.209851	3.230796	1767.389568	-420.000000	0.000000	47.000000	1813.877094	1379.449592	0.000000	0.000000	0	406.299996	38.770869	75.333411	-31.591734	-455.029205	65.501373	-21.359687	-407.321739	44.391907	0.000000	-420.000000	0	49.773146	0.415715	14.419077	70.417392	-26.475710	-431.175472	26.025485	26.475710	11.175472	21.359687	12.678261	18.029205	0	1	0	0	0
lg	6	60.500000	80	3	32	8.000000	25.000000	0.209851	3.230796	1813.973761	-420.000000	0.000000	48.000000	1860.871049	1379.449592	1849.138493	0.000000	0	415.722875	30.097202	67.508055	-23.935762	-455.603936	60.219743	-13.906650	-410.370747	44.391907	0.000000	-420.000000	0	46.901427	2.871719	8.673667	63.863899	-18.921206	-432.987341	19.471992	18.921206	12.987341	13.906650	9.629253	18.603936	0	1	0	1	0
lg	6	60.500000	80	3	32	8.000000	25.000000	0.209851	3.230796	1861.025459	-420.000000	0.000000	49.000000	1907.680226	1379.449592	1849.138493	0.000000	0	421.822440	24.095824	60.675746	-19.663807	-454.872609	54.507336	-9.903882	-412.536609	44.391907	0.000000	-420.000000	0	43.882141	3.019287	6.001378	57.591541	-14.783845	-433.704609	13.199634	14.783845	13.704609	9.903882	7.463391	17.872609	0	1	0	1	0
lg	6	60.500000	80	3	32	8.000000	25.000000	0.209851	3.230796	1907.781597	-420.000000	0.000000	50.000000	1954.956053	1379.449592	1849.138493	0.000000	0	426.081949	19.560298	54.587389	-16.742192	-451.909774	51.378374	-6.327555	-414.604154	44.391907	0.000000	-420.000000	0	38.864788	5.017353	4.535526	52.982881	-11.534873	-433.256964	8.590975	11.534873	13.256964	6.327555	5.395846	14.909774	0	1	0	1	0
lg	6	60.500000	80	3	32	8.000000	25.000000	0.209851	3.230796	1955.058708	-420.000000	0.000000	51.000000	2001.907663	1379.449592	1849.138493	0.000000	0	429.095230	17.930446	51.552563	-13.377569	-450.107314	50.471375	-4.909960	-417.754289	44.391907	0.000000	-420.000000	0	33.460239	5.404549	1.629852	51.011969	-9.143764	-433.930801	6.620062	9.143764	13.930801	4.909960	2.245711	13.107314	0	1	0	1	0
lg	6	60.500000	80	3	32	8.000000	25.000000	0.209851	3.230796	2002.006040	-420.000000	0.000000	52.000000	2048.974332	1379.449592	1849.138493	0.000000	0	431.419215	16.981973	50.421110	-9.890569	-449.155276	50.327847	-3.740336	-419.560283	44.391907	0.000000	-420.000000	0	30.227433	3.232806	0.948473	50.374479	-6.815453	-434.357780	5.982572	6.815453	14.357780	3.740336	0.439717	12.155276	0	1	0	1	0
lg	6	60.500000	80	3	32	8.000000	25.000000	0.209851	3.230796	2049.072281	-420.000000	0.000000	53.000000	2095.673583	1379.449592	1849.138493	0.000000	0	433.395971	15.659920	48.498131	-8.020631	-448.249813	48.491500	-2.410796	-420.118873	44.391907	0.000000	-420.000000	0	28.684840	1.542593	1.322052	48.494815	-5.215714	-434.184343	4.102908	5.215714	14.184343	2.410796	0.118873	11.249813	0	1	0	1	0
lg	6	60.500000	80	3	32	8.000000	25.000000	0.209851	3.230796	2095.771960	-420.000000	0.000000	54.000000	2142.818097	1379.449592	1849.138493	0.000000	0	434.553447	16.062482	47.980916	-7.200630	-448.635751	47.435862	-2.036825	-421.408992	44.391907	0.000000	-420.000000	0	27.717474	0.967366	0.402562	47.708389	-4.618728	-435.022371	3.316483	4.618728	15.022371	2.036825	1.408992	11.635751	0	1	0	1	0
lg	6	60.500000	80	3	32	8.000000	25.000000	0.209851	3.230796	2142.914764	-420.000000	0.000000	55.000000	2189.850120	1379.449592	1849.138493	0.000000	0	434.730588	15.945666	48.071515	-6.813783	-447.395530	47.448564	-1.877325	-422.540142	44.391907	0.000000	-420.000000	0	25.348511	2.368963	0.116816	47.760040	-4.345554	-434.967836	3.368133	4.345554	14.967836	1.877325	2.540142	10.395530	0	1	0	1	0
lg	6	60.500000	80	3	32	8.000000	25.000000	0.209851	3.230796	2189.948497	-420.000000	0.000000	56.000000	2236.784193	1379.449592	1849.138493	0.000000	0	435.351474	15.633202	48.181702	-5.814153	-447.138810	47.874915	-0.929239	-422.512851	44.391907	0.000000	-420.000000	0	25.107656	0.240856	0.312465	48.028309	-3.371696	-434.825830	3.636402	3.371696	14.825830	0.929239	2.512851	10.138810	0	1	0	1	0
lg	6	60.500000	80	3	32	8.000000	25.000000	0.209851	3.230796	2236.881715	-420.000000	0.000000	57.000000	2283.939401	1379.449592	1849.138493	0.000000	0	435.807747	15.378503	48.407453	-4.920295	-447.012430	47.997170	-0.356377	-422.314580	44.391907	0.000000	-420.000000	0	25.119344	0.011689	0.254698	48.202311	-2.638336	-434.663505	3.810405	2.638336	14.663505	0.356377	2.314580	10.012430	0	1	0	1	0
lg	6	60.500000	80	3	32	8.000000	25.000000	0.209851	3.230796	2284.036495	-420.000000	0.000000	58.000000	2331.065524	1379.449592	1849.138493	0.000000	0	436.216058	15.175525	49.131938	-3.914069	-446.526397	47.692149	0.017138	-422.479708	44.391907	0.000000	-420.000000	0	24.408413	0.710931	0.202979	48.412044	-1.948465	-434.503053	4.020137	1.948465	14.503053	0.017138	2.479708	9.526397	0	1	0	1	0
lg	6	60.500000	80	3	32	8.000000	25.000000	0.209851	3.230796	2331.162190	-420.000000	0.000000	59.000000	2378.063756	1379.449592	1849.138493	0.000000	0	436.369929	14.937912	49.651057	-3.206707	-446.161088	48.066765	0.455430	-422.214585	44.391907	0.000000	-420.000000	0	24.276660	0.131753	0.237613	48.858911	-1.375638	-434.187836	4.467004	1.375638	14.187836	0.455430	2.214585	9.161088	0	1	0	1	0
lg	6	60.500000	80	3	32	8.000000	25.000000	0.209851	3.230796	2378.165983	-420.000000	0.000000	60.000000	2425.158655	1379.449592	1849.138493	0.000000	0	436.450487	14.864347	50.125812	-2.218156	-445.701615	48.896403	0.569475	-422.159690	44.391907	0.000000	-420.000000	0	23.738251	0.538410	0.073564	49.511107	-0.824341	-433.930652	5.119201	0.824341	13.930652	0.569475	2.159690	8.701615	0	1	0	1	0
lg	6	60.500000	80	3	32	8.000000	25.000000	0.209851	3.230796	2425.258743	-420.000000	0.000000	61.000000	2472.324556	1379.449592	1849.138493	0.000000	0	436.572506	14.887029	50.728645	-1.466052	-445.331070	49.617446	0.982120	-422.102013	44.391907	0.000000	-420.000000	0	23.384127	0.354124	0.022682	50.173046	-0.241966	-433.716542	5.781139	0.241966	13.716542	0.982120	2.102013	8.331070	0	1	0	1	0
lg	6	60.500000	80	3	32	8.000000	25.000000	0.209851	3.230796	2472.426355	-420.000000	0.000000	62.000000	2519.405339	1379.449592	1849.138493	0.000000	0	437.019660	15.082586	51.098257	-0.455953	-445.022491	50.600249	1.827817	-422.203717	44.391907	0.000000	-420.000000	0	22.938179	0.445948	0.195557	50.849253	0.685932	-433.613104	6.457346	0.685932	13.613104	1.827817	2.203717	8.022491	0	1	0	1	0
lg	6	60.500000	80	3	32	8.000000	25.000000	0.209851	3.230796	2519.507566	-420.000000	0.000000	63.000000	2566.201257	1379.449592	1849.138493	0.000000	0	437.217952	15.364981	52.494438	0.492829	-444.394697	51.119428	2.531013	-422.349583	44.391907	0.000000	-420.000000	0	22.181792	0.756387	0.282395	51.806933	1.511921	-433.372140	7.415026	1.511921	13.372140	2.531013	2.349583	7.394697	1	1	0	1	0
lg	6	60.500000	80	3	32	8.000000	25.000000	0.209851	3.230796	2566.297923	-420.000000	0.000000	64.000000	2613.416347	1379.449592	1849.138493	0.000000	0	437.183747	15.758029	52.879666	1.020049	-443.930622	53.171442	3.471995	-422.048678	44.391907	0.000000	-420.000000	0	22.020823	0.160969	0.393048	53.025554	2.246022	-432.989650	8.633647	2.246022	12.989650	3.471995	2.048678	6.930622	1	1	0	1	0
lg	6	60.500000	80	3	32	8.000000	25.000000	0.209851	3.230796	2613.513441	-420.000000	0.000000	65.000000	2660.574549	1379.449592	1849.138493	0.000000	0	437.163988	15.868815	53.086766	1.334888	-443.691697	53.343861	3.293376	-422.278408	44.391907	0.000000	-420.000000	0	21.504202	0.516621	0.110786	53.215313	2.314132	-432.985052	8.823406	2.314132	12.985052	3.293376	2.278408	6.691697	1	1	0	1	0
lg	6	60.500000	80	3	32	8.000000	25.000000	0.209851	3.230796	2660.670787	-420.000000	0.000000	66.000000	2707.543696	1379.449592	1849.138493	0.000000	0	437.266006	15.806965	53.051850	1.307207	-443.610262	53.142441	3.466917	-422.342070	44.391907	0.000000	-420.000000	0	21.377759	0.126443	0.061850	53.097146	2.387062	-432.976166	8.705239	2.387062	12.976166	3.466917	2.342070	6.610262	1	1	0	1	0
lg	6	60.500000	80	3	32	8.000000	25.000000	0.209851	3.230796	2707.640362	-420.000000	0.000000	67.000000	2754.685216	1379.449592	1849.138493	0.000000	0	437.134263	15.862466	53.274008	1.264883	-443.476468	53.354169	3.471483	-422.323083	44.391907	0.000000	-420.000000	0	21.268314	0.109444	0.055501	53.314088	2.368183	-432.899775	8.922182	2.368183	12.899775	3.471483	2.323083	6.476468	1	1	0	1	0
lg	6	60.500000	80	3	32	8.000000	25.000000	0.209851	3.230796	2754.786588	-420.000000	0.000000	68.000000	2801.682593	1379.449592	1849.138493	0.000000	0	437.156796	15.694282	52.824101	1.130851	-443.489896	53.075007	3.240418	-422.456214	44.391907	0.000000	-420.000000	0	21.140696	0.127619	0.168184	52.949554	2.185634	-432.973055	8.557647	2.185634	12.973055	3.240418	2.456214	6.489896	1	1	0	1	0
lg	6	60.500000	80	3	32	8.000000	25.000000	0.209851	3.230796	2801.780115	-420.000000	0.000000	69.000000	2848.750117	1379.449592	1849.138493	0.000000	0	436.942508	15.827396	53.126982	1.092694	-443.410798	53.451465	3.134135	-422.425433	44.391907	0.000000	-420.000000	0	21.086924	0.053772	0.133115	53.289223	2.113415	-432.918115	8.897317	2.113415	12.918115	3.134135	2.425433	6.410798	1	1	0	1	0
lg	6	60.500000	80	3	32	8.000000	25.000000	0.209851	3.230796	2848.950721	-420.000000	0.000000	70.000000	2896.018673	1379.449592	1849.138493	0.000000	0	436.884802	15.855958	53.013086	1.156627	-443.368869	53.590860	2.901003	-422.546843	44.391907	0.000000	-420.000000	0	20.902952	0.183971	0.028562	53.301973	2.028815	-432.957856	8.910066	2.028815	12.957856	2.901003	2.546843	6.368869	1	1	0	1	0
lg	6	60.500000	80	3	32	8.000000	25.000000	0.209851	3.230796	2896.120044	-420.000000	0.000000	71.000000	2942.686700	1379.449592	1849.138493	0.000000	0	436.795515	15.914453	52.858608	1.228843	-443.329059	54.086335	2.819509	-422.494640	44.391907	0.000000	-420.000000	0	20.931090	0.028138	0.058495	53.472472	2.024176	-432.911849	9.080565	2.024176	12.911849	2.819509	2.494640	6.329059	1	1	0	1	0
lg	6	60.500000	80	3	32	8.000000	25.000000	0.209851	3.230796	2942.789782	-420.000000	0.000000	72.000000	2989.968943	1379.449592	1849.138493	0.000000	0	436.795790	15.898983	53.017799	1.195018	-443.304879	53.857635	2.812420	-422.535872	44.391907	0.000000	-420.000000	0	20.848811	0.082279	0.015469	53.437717	2.003719	-432.920375	9.045810	2.003719	12.920375	2.812420	2.535872	6.304879	1	1	0	1	0
lg	6	60.500000	80	3	32	8.000000	25.000000	0.209851	3.230796	2990.066465	-420.000000	0.000000	73.000000	3036.860671	1379.449592	1849.138493	0.000000	0	436.603002	15.968359	53.122223	1.084810	-443.254086	54.150290	2.677966	-422.513403	44.391907	0.000000	-420.000000	0	20.827169	0.021642	0.069376	53.636256	1.881388	-432.883745	9.244350	1.881388	12.883745	2.677966	2.513403	6.254086	1	1	0	1	0
lg	6	60.500000	80	3	32	8.000000	25.000000	0.209851	3.230796	3036.962470	-420.000000	0.000000	74.000000	3083.856764	1379.449592	1849.138493	0.000000	0	436.531410	15.848248	52.916175	0.876274	-443.262759	54.026023	2.564360	-422.488027	44.391907	0.000000	-420.000000	0	20.872731	0.045561	0.120111	53.471099	1.720317	-432.875393	9.079192	1.720317	12.875393	2.564360	2.488027	6.262759	1	1	0	1	0
lg	6	60.500000	80	3	32	8.000000	25.000000	0.209851	3.230796	3083.953859	-420.000000	0.000000	75.000000	3131.389228	1379.449592	1849.138493	0.000000	0	436.244233	15.823444	52.994409	0.770810	-443.162857	54.195912	2.177588	-422.411210	44.391907	0.000000	-420.000000	0	20.833950	0.038780	0.024804	53.595160	1.474199	-432.787034	9.203254	1.474199	12.787034	2.177588	2.411210	6.162857	1	1	0	1	0
lg	6	60.500000	80	3	32	8.000000	25.000000	0.209851	3.230796	3131.486750	-420.000000	0.000000	76.000000	3178.268552	1379.449592	1849.138493	0.000000	0	436.369684	15.706999	52.941300	0.753906	-443.163613	53.838396	2.310256	-422.401957	44.391907	0.000000	-420.000000	0	20.839226	0.005275	0.116445	53.389848	1.532081	-432.782785	8.997941	1.532081	12.782785	2.310256	2.401957	6.163613	1	1	0	1	0
lg	6	60.500000	80	3	32	8.000000	25.000000	0.209851	3.230796	3178.366501	-420.000000	0.000000	77.000000	3225.329660	1379.449592	1849.138493	0.000000	0	436.439904	15.739003	52.907541	0.870405	-443.181925	53.893687	2.352649	-422.427635	44.391907	0.000000	-420.000000	0	20.830509	0.008717	0.032004	53.400614	1.611527	-432.804780	9.008707	1.611527	12.804780	2.352649	2.427635	6.181925	1	1	0	1	0
lg	6	60.500000	80	3	32	8.000000	25.000000	0.209851	3.230796	3225.427182	-420.000000	0.000000	78.000000	3272.188453	1379.449592	1849.138493	0.000000	0	436.679486	15.638898	52.960518	0.953214	-443.190342	53.376726	2.618418	-422.449880	44.391907	0.000000	-420.000000	0	20.811365	0.019145	0.100105	53.168622	1.785816	-432.820111	8.776716	1.785816	12.820111	2.618418	2.449880	6.190342	1	1	0	1	0
lg	6	60.500000	80	3	32	8.000000	25.000000	0.209851	3.230796	3272.290680	-420.000000	0.000000	79.000000	3319.684560	1379.449592	1849.138493	0.000000	0	436.821449	15.575388	52.748738	0.977196	-443.200897	53.247850	2.751478	-422.493230	44.391907	0.000000	-420.000000	0	20.789533	0.021832	0.063510	52.998294	1.864337	-432.847064	8.606387	1.864337	12.847064	2.751478	2.493230	6.200897	1	1	0	1	0
lg	6	60.500000	80	3	32	8.000000	25.000000	0.209851	3.230796	3319.782937	-420.000000	0.000000	80.000000	3354.931416	1379.449592	1849.138493	3354.927567	0	436.700691	15.649778	  52.641238    0.918288 -443.249690	  53.517530    2.536794 -422.554101	44.391907	0.000000	-420.000000	0	20.777268	0.012265	0.074391	0
