subjName	sessionNR	IOD	trialN	textureType	texnum	visualAngle	simulatedDepth	light_intensity	ambient_intensity	time	displayDistance	isRotated	frameN	timTote	startTime	touchTime	endTime	fingersOccluded	distanceToHome	distanceToObject	indexXraw	indexYraw	indexZraw	thumbXraw	thumbYraw	thumbZraw	targetX	targetY	targetZ	failCause	gripAperture	gripApertureVel	distFromObjVel	gripOriginX	gripOriginY	gripOriginZ	distFromObjX	distFromObjY	distFromObjZ	y_dist_thm	z_dist_thm	z_dist_ind	handOnObj	handnearObj	handfarObj	handTouchObj	framesOccluded
lg	6	60.500000	107	1	19	8.000000	45.000000	0.784887	1.788708	915.573931	-420.000000	0.000000	30.000000	962.634183	0.000000	0.000000	0.000000	0	2.046849	432.682173	220.376371	-355.900453	-250.502492	226.544610	-353.527532	-246.999104	44.391907	0.000000	-420.000000	0	7.480083	0.150928	0.015100	223.460490	-354.713992	-248.750798	179.068584	354.713992	171.249202	353.527532	173.000896	206.497508	0	0	1	0	0
lg	6	60.500000	107	1	19	8.000000	45.000000	0.784887	1.788708	962.828799	-420.000000	0.000000	31.000000	1009.359526	0.000000	0.000000	0.000000	0	2.014177	432.651652	220.246761	-355.903787	-250.504346	226.522297	-353.542247	-247.030037	44.391907	0.000000	-420.000000	0	7.551824	0.071740	0.030521	223.384529	-354.723017	-248.767191	178.992622	354.723017	171.232809	353.542247	172.969963	206.495654	0	0	1	0	0
lg	6	60.500000	107	1	19	8.000000	45.000000	0.784887	1.788708	1009.466885	-420.000000	0.000000	32.000000	1056.856488	0.000000	0.000000	0.000000	0	2.022274	432.678762	220.233017	-355.942370	-250.520908	226.621900	-353.517332	-246.994553	44.391907	0.000000	-420.000000	0	7.689851	0.138027	0.027109	223.427458	-354.729851	-248.757730	179.035551	354.729851	171.242270	353.517332	173.005447	206.479092	0	0	1	0	0
lg	6	60.500000	107	1	19	8.000000	45.000000	0.784887	1.788708	1056.954009	-420.000000	0.000000	33.000000	1103.880811	0.000000	0.000000	0.000000	0	2.026344	432.710888	220.290114	-355.949489	-250.534001	226.668810	-353.533492	-246.976087	44.391907	0.000000	-420.000000	0	7.693085	0.003234	0.032126	223.479462	-354.741490	-248.755044	179.087556	354.741490	171.244956	353.533492	173.023913	206.465999	0	0	1	0	0
lg	6	60.500000	107	1	19	8.000000	45.000000	0.784887	1.788708	1103.983038	-420.000000	0.000000	34.000000	1150.711802	0.000000	0.000000	0.000000	0	1.982131	432.658989	220.322681	-355.910044	-250.518015	226.467928	-353.577395	-247.087605	44.391907	0.000000	-420.000000	0	7.414379	0.278706	0.051898	223.395305	-354.743720	-248.802810	179.003398	354.743720	171.197190	353.577395	172.912395	206.481985	0	0	1	0	0
lg	6	60.500000	107	1	19	8.000000	45.000000	0.784887	1.788708	1150.809752	-420.000000	0.000000	35.000000	1198.197216	0.000000	0.000000	0.000000	0	2.021400	432.735298	220.471386	-355.930705	-250.509498	226.556705	-353.581027	-247.009125	44.391907	0.000000	-420.000000	0	7.403020	0.011359	0.076309	223.514045	-354.755866	-248.759311	179.122139	354.755866	171.240689	353.581027	172.990875	206.490502	0	0	1	0	0
lg	6	60.500000	107	1	19	8.000000	45.000000	0.784887	1.788708	1198.294310	-420.000000	0.000000	36.000000	1245.238221	0.000000	0.000000	0.000000	0	2.054558	432.811217	220.396229	-355.975354	-250.486051	226.728224	-353.590522	-246.861862	44.391907	0.000000	-420.000000	0	7.675697	0.272677	0.075919	223.562226	-354.782938	-248.673957	179.170320	354.782938	171.326043	353.590522	173.138138	206.513949	0	0	1	0	0
lg	6	60.500000	107	1	19	8.000000	45.000000	0.784887	1.788708	1245.334887	-420.000000	0.000000	37.000000	1292.371187	0.000000	0.000000	0.000000	0	2.376712	433.019780	220.878137	-355.941897	-250.478928	227.283621	-353.481040	-246.605472	44.391907	0.000000	-420.000000	0	7.879702	0.204005	0.208563	224.080879	-354.711468	-248.542200	179.688973	354.711468	171.457800	353.481040	173.394528	206.521072	0	0	1	0	0
lg	6	60.500000	107	1	19	8.000000	45.000000	0.784887	1.788708	1292.468281	-420.000000	0.000000	38.000000	1340.325817	1328.244663	0.000000	0.000000	0	8.870731	428.180097	224.319844	-349.951910	-252.668502	228.979901	-346.892283	-248.378567	44.391907	0.000000	-420.000000	0	7.034273	0.845429	4.839682	226.649872	-348.422097	-250.523534	182.257966	348.422097	169.476466	346.892283	171.621433	204.331498	0	0	1	0	0
lg	6	60.500000	107	1	19	8.000000	45.000000	0.784887	1.788708	1340.576465	-420.000000	0.000000	39.000000	1387.323194	1328.244663	0.000000	0.000000	0	44.079548	397.911079	227.469376	-317.767047	-265.841000	230.225887	-309.899131	-252.798735	44.391907	0.000000	-420.000000	0	15.479119	8.444846	30.269018	228.847632	-313.833089	-259.319867	184.455725	313.833089	160.680133	309.899131	167.201265	191.159000	0	0	1	0	0
lg	6	60.500000	107	1	19	8.000000	45.000000	0.784887	1.788708	1387.473326	-420.000000	0.000000	40.000000	1434.429213	1328.244663	0.000000	0.000000	0	95.420293	351.117317	225.238344	-269.901267	-285.630647	222.693746	-258.691919	-263.276169	44.391907	0.000000	-420.000000	0	25.136570	9.657451	46.793762	223.966045	-264.296593	-274.453408	179.574139	264.296593	145.546592	258.691919	156.723831	171.369353	0	0	1	0	0
lg	6	60.500000	107	1	19	8.000000	45.000000	0.784887	1.788708	1434.562236	-420.000000	0.000000	41.000000	1481.700335	1328.244663	0.000000	0.000000	0	154.527593	294.557845	212.603226	-214.293822	-308.365838	203.768765	-202.584049	-274.814922	44.391907	0.000000	-420.000000	0	36.617351	11.480781	56.559473	208.185995	-208.438935	-291.590380	163.794089	208.438935	128.409620	202.584049	145.185078	148.634162	0	0	1	0	0
lg	6	60.500000	107	1	19	8.000000	45.000000	0.784887	1.788708	1481.798285	-420.000000	0.000000	42.000000	1528.186578	1328.244663	0.000000	0.000000	0	211.954487	237.742666	193.936256	-162.581385	-334.856926	180.711072	-152.692406	-293.079905	44.391907	0.000000	-420.000000	0	44.922343	8.304992	56.815179	187.323664	-157.636896	-313.968415	142.931757	157.636896	106.031585	152.692406	126.920095	122.143074	0	0	0	0	0
lg	6	60.500000	107	1	19	8.000000	45.000000	0.784887	1.788708	1528.289660	-420.000000	0.000000	43.000000	1575.184810	1328.244663	0.000000	0.000000	0	263.936164	185.514077	174.320999	-119.247810	-364.784497	158.185729	-111.392567	-316.892894	44.391907	0.000000	-420.000000	0	51.143498	6.221155	52.228589	166.253364	-115.320189	-340.838695	121.861457	115.320189	79.161305	111.392567	103.107106	92.215503	0	0	0	0	0
lg	6	60.500000	107	1	19	8.000000	45.000000	0.784887	1.788708	1575.287037	-420.000000	0.000000	44.000000	1621.976022	1328.244663	0.000000	0.000000	0	309.271585	139.345967	152.766752	-84.816236	-391.580212	135.573514	-77.050207	-340.504680	44.391907	0.000000	-420.000000	0	54.448403	3.304905	46.168110	144.170133	-80.933221	-366.042446	99.778226	80.933221	53.957554	77.050207	79.495320	65.419788	0	0	0	0	0
lg	6	60.500000	107	1	19	8.000000	45.000000	0.784887	1.788708	1622.073544	-420.000000	0.000000	45.000000	1668.960140	1328.244663	0.000000	0.000000	0	346.638481	101.589608	132.806580	-58.638233	-415.661433	115.365650	-50.732391	-361.767061	44.391907	0.000000	-420.000000	0	57.195207	2.746804	37.756359	124.086115	-54.685312	-388.714247	79.694208	54.685312	31.285753	50.732391	58.232939	41.338567	0	0	0	0	0
lg	6	60.500000	107	1	19	8.000000	45.000000	0.784887	1.788708	1669.058945	-420.000000	0.000000	46.000000	1716.218430	1328.244663	0.000000	0.000000	0	376.843532	72.479426	116.622447	-40.124117	-438.919365	96.816735	-30.536416	-379.144433	44.391907	0.000000	-420.000000	0	63.696411	6.501204	29.110182	106.719591	-35.330267	-409.031899	62.327684	35.330267	10.968101	30.536416	40.855567	18.080635	0	0	0	0	0
lg	6	60.500000	107	1	19	8.000000	45.000000	0.784887	1.788708	1716.315952	-420.000000	0.000000	47.000000	1762.938212	1328.244663	0.000000	0.000000	0	398.784251	53.992286	103.628186	-26.765386	-453.717216	84.212062	-15.797696	-392.355234	44.391907	0.000000	-420.000000	0	65.288352	1.591941	18.487140	93.920124	-21.281541	-423.036225	49.528218	21.281541	3.036225	15.797696	27.644766	3.282784	0	1	0	0	0
lg	6	60.500000	107	1	19	8.000000	45.000000	0.784887	1.788708	1763.040439	-420.000000	0.000000	48.000000	1810.193936	1328.244663	0.000000	0.000000	0	414.109380	40.860157	90.567113	-18.868926	-463.238106	72.387421	-6.070158	-400.319399	44.391907	0.000000	-420.000000	0	66.731352	1.443000	13.132129	81.477267	-12.469542	-431.778753	37.085360	12.469542	11.778753	6.070158	19.680601	6.238106	0	1	0	0	0
lg	6	60.500000	107	1	19	8.000000	45.000000	0.784887	1.788708	1810.341502	-420.000000	0.000000	49.000000	1857.222964	1328.244663	0.000000	0.000000	0	423.934714	31.875963	79.760744	-14.148675	-467.568608	61.827989	-0.803920	-404.871621	44.391907	0.000000	-420.000000	0	66.562589	0.168763	8.984194	70.794367	-7.476298	-436.220114	26.402460	7.476298	16.220114	0.803920	15.128379	10.568608	0	1	0	0	0
lg	6	60.500000	107	1	19	8.000000	45.000000	0.784887	1.788708	1857.323480	-420.000000	0.000000	50.000000	1904.061227	1328.244663	1892.627224	0.000000	0	429.753370	26.321293	68.956815	-13.577198	-469.728054	53.987458	1.395980	-408.428503	44.391907	0.000000	-420.000000	0	64.853008	1.709581	5.554670	61.472136	-6.090609	-439.078279	17.080230	6.090609	19.078279	1.395980	11.571497	12.728054	0	1	0	1	0
lg	6	60.500000	107	1	19	8.000000	45.000000	0.784887	1.788708	1904.160032	-420.000000	0.000000	51.000000	1950.365258	1328.244663	1892.627224	0.000000	0	433.275421	24.126122	62.088613	-12.628117	-470.198330	48.440576	1.424369	-411.393661	44.391907	0.000000	-420.000000	0	61.981694	2.871314	2.195171	55.264594	-5.601874	-440.795996	10.872687	5.601874	20.795996	1.424369	8.606339	13.198330	0	1	0	1	0
lg	6	60.500000	107	1	19	8.000000	45.000000	0.784887	1.788708	1950.463207	-420.000000	0.000000	52.000000	1998.551716	1328.244663	1892.627224	0.000000	0	435.194090	23.505002	56.052793	-12.745917	-468.690187	45.765763	0.974142	-414.915561	44.391907	0.000000	-420.000000	0	56.442656	5.539038	0.621120	50.909278	-5.885887	-441.802874	6.517371	5.885887	21.802874	0.974142	5.084439	11.690187	0	1	0	1	0
lg	6	60.500000	107	1	19	8.000000	45.000000	0.784887	1.788708	1998.648810	-420.000000	0.000000	53.000000	2044.729995	1328.244663	1892.627224	0.000000	0	435.293574	23.875847	51.601694	-13.757264	-465.286797	45.232423	-0.860180	-419.454093	44.391907	0.000000	-420.000000	0	48.036852	8.405804	0.370845	48.417058	-7.308722	-442.370445	4.025152	7.308722	22.370445	0.860180	0.545907	8.286797	0	1	0	1	0
lg	6	60.500000	107	1	19	8.000000	45.000000	0.784887	1.788708	2044.831794	-420.000000	0.000000	54.000000	2091.785115	1328.244663	1892.627224	0.000000	0	435.896780	25.132983	50.477130	-13.285373	-465.160757	44.899359	-2.039242	-422.256118	44.391907	0.000000	-420.000000	0	44.703412	3.333440	1.257135	47.688244	-7.662307	-443.708438	3.296337	7.662307	23.708438	2.039242	2.256118	8.160757	0	1	0	1	0
lg	6	60.500000	107	1	19	8.000000	45.000000	0.784887	1.788708	2091.883492	-420.000000	0.000000	55.000000	2138.952727	1328.244663	1892.627224	0.000000	0	436.405551	25.185599	49.678419	-12.766113	-464.571994	45.288560	-1.729360	-423.270533	44.391907	0.000000	-420.000000	0	42.975475	1.727936	0.052617	47.483490	-7.247736	-443.921264	3.091583	7.247736	23.921264	1.729360	3.270533	7.571994	1	1	0	1	0
lg	6	60.500000	107	1	19	8.000000	45.000000	0.784887	1.788708	2139.051960	-420.000000	0.000000	56.000000	2186.248657	1328.244663	1892.627224	0.000000	0	436.820172	25.305852	49.674334	-12.516874	-464.611217	45.423546	-1.143635	-423.711320	44.391907	0.000000	-420.000000	0	42.664052	0.311423	0.120252	47.548940	-6.830254	-444.161269	3.157033	6.830254	24.161269	1.143635	3.711320	7.611217	1	1	0	1	0
lg	6	60.500000	107	1	19	8.000000	45.000000	0.784887	1.788708	2186.351740	-420.000000	0.000000	57.000000	2233.129692	1328.244663	1892.627224	0.000000	0	437.517083	24.877798	49.812799	-11.718570	-464.669259	45.998894	0.371928	-423.262797	44.391907	0.000000	-420.000000	0	43.303823	0.639771	0.428054	47.905847	-5.673321	-443.966028	3.513940	5.673321	23.966028	0.371928	3.262797	7.669259	1	1	0	1	0
lg	6	60.500000	107	1	19	8.000000	45.000000	0.784887	1.788708	2233.226786	-420.000000	0.000000	58.000000	2280.210476	1328.244663	1892.627224	0.000000	0	438.926427	24.743535	49.818415	-9.424317	-464.653779	47.697894	2.294393	-423.532087	44.391907	0.000000	-420.000000	0	42.811428	0.492396	0.134263	48.758154	-3.564962	-444.092933	4.366248	3.564962	24.092933	2.294393	3.532087	7.653779	1	1	0	1	0
lg	6	60.500000	107	1	19	8.000000	45.000000	0.784887	1.788708	2280.312275	-420.000000	0.000000	59.000000	2327.252764	1328.244663	1892.627224	0.000000	0	440.552318	24.622556	50.029176	-7.403131	-464.456452	46.653348	3.748182	-424.013464	44.391907	0.000000	-420.000000	0	42.087804	0.723623	0.120979	48.341262	-1.827475	-444.234958	3.949355	1.827475	24.234958	3.748182	4.013464	7.456452	1	1	0	1	0
lg	6	60.500000	107	1	19	8.000000	45.000000	0.784887	1.788708	2327.360979	-420.000000	0.000000	60.000000	2374.406261	1328.244663	1892.627224	0.000000	0	441.349712	24.573525	50.336129	-5.646654	-464.345507	47.167518	4.438907	-424.006724	44.391907	0.000000	-420.000000	0	41.701032	0.386772	0.049031	48.751824	-0.603873	-444.176116	4.359917	0.603873	24.176116	4.438907	4.006724	7.345507	1	1	0	1	0
lg	6	60.500000	107	1	19	8.000000	45.000000	0.784887	1.788708	2374.511482	-420.000000	0.000000	61.000000	2421.530245	1328.244663	1892.627224	0.000000	0	441.614849	24.491029	50.655943	-4.754764	-464.255063	47.757440	4.826687	-423.771057	44.391907	0.000000	-420.000000	0	41.703240	0.002208	0.082496	49.206692	0.035962	-444.013060	4.814785	0.035962	24.013060	4.826687	3.771057	7.255063	1	1	0	1	0
lg	6	60.500000	107	1	19	8.000000	45.000000	0.784887	1.788708	2421.628622	-420.000000	0.000000	62.000000	2468.277829	1328.244663	1892.627224	0.000000	0	441.516517	24.437063	50.102266	-4.772888	-464.184371	48.227422	4.611361	-423.748191	44.391907	0.000000	-420.000000	0	41.553145	0.150095	0.053966	49.164844	-0.080764	-443.966281	4.772937	0.080764	23.966281	4.611361	3.748191	7.184371	1	1	0	1	0
lg	6	60.500000	107	1	19	8.000000	45.000000	0.784887	1.788708	2468.376207	-420.000000	0.000000	63.000000	2515.708921	1328.244663	1892.627224	0.000000	0	441.317543	24.475663	50.539768	-4.962415	-464.089060	48.070275	4.433926	-423.862981	44.391907	0.000000	-420.000000	0	41.382690	0.170455	0.038600	49.305022	-0.264245	-443.976021	4.913115	0.264245	23.976021	4.433926	3.862981	7.089060	1	1	0	1	0
lg	6	60.500000	107	1	19	8.000000	45.000000	0.784887	1.788708	2515.810720	-420.000000	0.000000	64.000000	2562.619470	1328.244663	1892.627224	0.000000	0	441.214686	24.483574	50.362301	-5.150469	-464.078991	48.021418	4.226110	-423.929018	44.391907	0.000000	-420.000000	0	41.296734	0.085956	0.007911	49.191860	-0.462180	-444.004004	4.799953	0.462180	24.004004	4.226110	3.929018	7.078991	1	1	0	1	0
lg	6	60.500000	107	1	19	8.000000	45.000000	0.784887	1.788708	2562.725974	-420.000000	0.000000	65.000000	2609.527879	1328.244663	1892.627224	0.000000	0	441.142305	24.410758	50.462965	-5.147373	-463.975277	47.955673	4.146378	-423.875623	44.391907	0.000000	-420.000000	0	41.238847	0.057887	0.072816	49.209319	-0.500497	-443.925450	4.817412	0.500497	23.925450	4.146378	3.875623	6.975277	1	1	0	1	0
lg	6	60.500000	107	1	19	8.000000	45.000000	0.784887	1.788708	2609.625829	-420.000000	0.000000	66.000000	2656.873853	1328.244663	1892.627224	0.000000	0	441.322530	24.379305	50.184790	-5.001225	-463.943251	47.867738	4.261139	-423.920570	44.391907	0.000000	-420.000000	0	41.145779	0.093068	0.031453	49.026264	-0.370043	-443.931910	4.634357	0.370043	23.931910	4.261139	3.920570	6.943251	1	1	0	1	0
lg	6	60.500000	107	1	19	8.000000	45.000000	0.784887	1.788708	2656.976936	-420.000000	0.000000	67.000000	2703.823325	1328.244663	1892.627224	0.000000	0	441.326059	24.375265	50.343038	-4.821001	-463.835055	48.080543	4.313619	-423.950210	44.391907	0.000000	-420.000000	0	40.980007	0.165772	0.004041	49.211791	-0.253691	-443.892633	4.819884	0.253691	23.892633	4.313619	3.950210	6.835055	1	1	0	1	0
lg	6	60.500000	107	1	19	8.000000	45.000000	0.784887	1.788708	2703.925552	-420.000000	0.000000	68.000000	2750.616248	1328.244663	1892.627224	0.000000	0	441.387552	24.284834	50.304138	-4.805073	-463.745224	47.957051	4.452877	-423.889512	44.391907	0.000000	-420.000000	0	40.984098	0.004090	0.090431	49.130595	-0.176098	-443.817368	4.738688	0.176098	23.817368	4.452877	3.889512	6.745224	1	1	0	1	0
lg	6	60.500000	107	1	19	8.000000	45.000000	0.784887	1.788708	2750.714197	-420.000000	0.000000	69.000000	2798.207738	1328.244663	1892.627224	0.000000	0	441.119201	24.290166	50.304765	-5.089207	-463.721041	48.108214	4.160984	-423.886377	44.391907	0.000000	-420.000000	0	40.953526	0.030572	0.005332	49.206490	-0.464111	-443.803709	4.814583	0.464111	23.803709	4.160984	3.886377	6.721041	1	1	0	1	0
lg	6	60.500000	107	1	19	8.000000	45.000000	0.784887	1.788708	2798.361292	-420.000000	0.000000	70.000000	2845.083640	1328.244663	1892.627224	0.000000	0	440.949545	24.180847	50.076995	-5.286447	-463.620018	48.162060	3.960515	-423.789831	44.391907	0.000000	-420.000000	0	40.934301	0.019225	0.109319	49.119528	-0.662966	-443.704925	4.727621	0.662966	23.704925	3.960515	3.789831	6.620018	1	1	0	1	0
lg	6	60.500000	107	1	19	8.000000	45.000000	0.784887	1.788708	2845.193138	-420.000000	0.000000	71.000000	2892.178966	1328.244663	1892.627224	0.000000	0	440.744965	24.169836	50.325097	-5.537564	-463.604573	48.249686	3.922884	-423.705613	44.391907	0.000000	-420.000000	0	41.057695	0.123394	0.011011	49.287391	-0.807340	-443.655093	4.895484	0.807340	23.655093	3.922884	3.705613	6.604573	1	1	0	1	0
lg	6	60.500000	107	1	19	8.000000	45.000000	0.784887	1.788708	2892.314556	-420.000000	0.000000	72.000000	2939.252906	1328.244663	1892.627224	0.000000	0	440.459288	24.264841	50.291245	-5.668829	-463.578959	48.817955	3.573102	-423.793230	44.391907	0.000000	-420.000000	0	40.871605	0.186090	0.095004	49.554600	-1.047863	-443.686095	5.162694	1.047863	23.686095	3.573102	3.793230	6.578959	1	1	0	1	0
lg	6	60.500000	107	1	19	8.000000	45.000000	0.784887	1.788708	2939.352567	-420.000000	0.000000	73.000000	2986.284929	1328.244663	1892.627224	0.000000	0	440.297490	24.237772	50.156364	-5.850058	-463.520576	48.818037	3.313536	-423.803799	44.391907	0.000000	-420.000000	0	40.782164	0.089441	0.027068	49.487201	-1.268261	-443.662187	5.095294	1.268261	23.662187	3.313536	3.803799	6.520576	1	1	0	1	0
lg	6	60.500000	107	1	19	8.000000	45.000000	0.784887	1.788708	2986.388011	-420.000000	0.000000	74.000000	3033.351170	1328.244663	1892.627224	0.000000	0	440.108039	24.289772	50.099305	-6.042517	-463.555924	48.875281	2.994596	-423.844818	44.391907	0.000000	-420.000000	0	40.744810	0.037354	0.051999	49.487293	-1.523961	-443.700371	5.095387	1.523961	23.700371	2.994596	3.844818	6.555924	1	1	0	1	0
lg	6	60.500000	107	1	19	8.000000	45.000000	0.784887	1.788708	3033.448691	-420.000000	0.000000	75.000000	3080.120568	1328.244663	1892.627224	0.000000	0	440.005025	24.321290	50.337705	-6.139891	-463.523710	48.858368	2.941134	-423.883604	44.391907	0.000000	-420.000000	0	40.693875	0.050936	0.031519	49.598037	-1.599378	-443.703657	5.206130	1.599378	23.703657	2.941134	3.883604	6.523710	1	1	0	1	0
lg	6	60.500000	107	1	19	8.000000	45.000000	0.784887	1.788708	3080.218517	-420.000000	0.000000	76.000000	3127.406660	1328.244663	1892.627224	0.000000	0	439.992016	24.276748	50.378481	-6.084105	-463.450062	48.845130	2.918600	-423.862010	44.391907	0.000000	-420.000000	0	40.627745	0.066129	0.044543	49.611805	-1.582752	-443.656036	5.219899	1.582752	23.656036	2.918600	3.862010	6.450062	1	1	0	1	0
lg	6	60.500000	107	1	19	8.000000	45.000000	0.784887	1.788708	3127.504610	-420.000000	0.000000	77.000000	3174.264598	1328.244663	1892.627224	0.000000	0	439.970626	24.274506	50.298854	-6.020649	-463.415539	49.115924	2.918938	-423.853568	44.391907	0.000000	-420.000000	0	40.576657	0.051089	0.002242	49.707389	-1.550855	-443.634553	5.315483	1.550855	23.634553	2.918938	3.853568	6.415539	1	1	0	1	0
lg	6	60.500000	107	1	19	8.000000	45.000000	0.784887	1.788708	3174.362548	-420.000000	0.000000	78.000000	3221.517328	1328.244663	1892.627224	0.000000	0	440.091926	24.262845	50.270921	-5.976360	-463.414376	48.950167	3.063768	-423.885969	44.391907	0.000000	-420.000000	0	40.570473	0.006184	0.011661	49.610544	-1.456296	-443.650173	5.218637	1.456296	23.650173	3.063768	3.885969	6.414376	1	1	0	1	0
lg	6	60.500000	107	1	19	8.000000	45.000000	0.784887	1.788708	3221.619555	-420.000000	0.000000	79.000000	3256.749214	1328.244663	1892.627224	3256.745364	0	440.098965	24.280552	  50.356538   -5.943550 -463.395402	  48.994299    3.105172 -423.916991	44.391907	0.000000	-420.000000	0	40.525053	0.045419	0.017707	0
